date,hour,type,东四,天坛,官园,万寿西宫,奥体中心,农展馆,万柳,北部新区,植物园,丰台花园,云岗,古城,房山,大兴,亦庄,通州,顺义,昌平,门头沟,平谷,怀柔,密云,延庆,定陵,八达岭,密云水库,东高村,永乐店,榆垡,琉璃河,前门,永定门内,西直门北,南三环,东四环
20180928,0,PM2.5,99,96,97,100,99,101,95,85,,108,92,102,106,92,101,94,80,82,107,55,50,66,10,76,12,74,53,95,106,88,101,108,104,123,146
20180928,0,PM2.5_24h,,,,,,,,,,,,,,,,,,,,,,,,,,,,,,,,,,,
20180928,0,PM10,,,,,,,,,,,,,,,,,,,,,,,,,,,,,,,,,,,
20180928,0,PM10_24h,,,,,,,,,,,,,,,,,,,,,,,,,,,,,,,,,,,
20180928,0,AQI,130,126,128,131,130,133,125,113,,141,121,134,139,121,133,124,106,109,140,75,69,89,16,101,33,99,73,125,139,116,133,141,136,161,194
20180928,1,PM2.5,101,93,105,94,105,95,99,77,,102,86,105,95,89,96,89,78,73,97,54,45,76,12,69,12,67,52,94,101,89,106,115,112,125,142
20180928,1,PM2.5_24h,,,,,,,,,,,,,,,,,,,,,,,,,,,,,,,,,,,
20180928,1,PM10,,,,,,,,,,,,,,,,,,,,,,,,,,,,,,,,,,,
20180928,1,PM10_24h,,,,,,,,,,,,,,,,,,,,,,,,,,,,,,,,,,,
20180928,1,AQI,133,123,138,124,138,125,130,103,,134,114,138,125,118,126,118,104,98,128,74,63,101,18,93,26,90,71,124,133,118,139,150,146,164,189
20180928,2,PM2.5,96,88,109,93,98,90,92,56,,112,89,104,109,87,92,89,72,68,83,53,60,72,12,25,15,59,34,92,105,97,99,109,111,128,129
20180928,2,PM2.5_24h,,,,,,,,,,,,,,,,,,,,,,,,,,,,,,,,,,,
20180928,2,PM10,,,,,,,,,,,,,,,,,,,,,,,,,,,,,,,,,,,
20180928,2,PM10_24h,,,,,,,,,,,,,,,,,,,,,,,,,,,,,,,,,,,
20180928,2,AQI,126,116,143,123,129,119,121,76,,146,118,136,143,115,121,118,96,91,110,73,81,96,22,36,29,80,49,121,138,128,130,143,145,169,170
20180928,3,PM2.5,95,85,106,98,99,89,89,62,,102,85,104,116,88,96,92,70,53,68,50,63,65,13,15,17,59,32,83,109,93,107,114,107,129,132
20180928,3,PM2.5_24h,,,,,,,,,,,,,,,,,,,,,,,,,,,,,,,,,,,
20180928,3,PM10,,,,,,,,,,,,,,,,,,,,,,,,,,,,,,,,,,,
20180928,3,PM10_24h,,,,,,,,,,,,,,,,,,,,,,,,,,,,,,,,,,,
20180928,3,AQI,125,113,139,129,130,118,118,84,,134,113,136,151,116,126,121,94,73,91,69,85,88,22,21,26,80,46,110,143,123,140,149,140,170,174
20180928,4,PM2.5,96,82,101,95,92,87,83,64,,105,74,89,114,90,94,102,52,,62,49,65,56,12,6,19,55,19,91,98,99,106,110,108,137,136
20180928,4,PM2.5_24h,,,,,,,,,,,,,,,,,,,,,,,,,,,,,,,,,,,
20180928,4,PM10,,,,,,,,,,,,,,,,,,,,,,,,,,,,,,,,,,,
20180928,4,PM10_24h,,,,,,,,,,,,,,,,,,,,,,,,,,,,,,,,,,,
20180928,4,AQI,126,109,133,125,121,115,110,86,,138,99,118,149,119,124,134,71,,84,68,88,76,19,11,31,75,27,120,129,130,139,144,141,181,180
20180928,5,PM2.5,91,74,102,92,92,92,72,58,,105,66,85,114,89,94,103,57,24,48,44,68,,13,8,21,51,26,86,95,90,110,108,111,129,
20180928,5,PM2.5_24h,,,,,,,,,,,,,,,,,,,,,,,,,,,,,,,,,,,
20180928,5,PM10,,,,,,,,,,,,,,,,,,,,,,,,,,,,,,,,,,,
20180928,5,PM10_24h,,,,,,,,,,,,,,,,,,,,,,,,,,,,,,,,,,,
20180928,5,AQI,120,99,134,121,121,121,96,79,,138,89,113,149,118,124,135,78,34,66,61,91,,19,11,32,70,37,114,125,119,144,141,145,170,
20180928,6,PM2.5,93,77,92,89,93,93,67,52,,,55,60,71,88,88,101,58,18,35,39,53,42,9,13,21,48,30,71,94,94,116,110,97,117,117
20180928,6,PM2.5_24h,,,,,,,,,,,,,,,,,,,,,,,,,,,,,,,,,,,
20180928,6,PM10,,,,,,,,,,,,,,,,,,,,,,,,,28,,,,,,,,,,
20180928,6,PM10_24h,,,,,,,,,,,,,,,,,,,,,,,,,,,,,,,,,,,
20180928,6,AQI,123,103,121,118,123,123,90,71,,,75,81,95,116,116,133,79,26,50,55,73,59,15,19,32,66,43,95,124,124,151,144,128,153,153
20180928,7,PM2.5,89,74,90,86,87,89,59,39,,70,46,48,69,78,89,101,59,21,29,31,39,42,10,21,19,36,31,83,87,73,106,100,104,112,124
20180928,7,PM2.5_24h,,,,,,,,,,,,,,,,,,,,,,,,,,,,,,,,,,,
20180928,7,PM10,,,,,,,,,,,,,,,,,,25,,,,,,,36,,,,,,,,,,
20180928,7,PM10_24h,,,,,,,,,,,,,,,,,,,,,,,,,,,,,,,,,,,
20180928,7,AQI,118,99,119,114,115,118,80,55,,94,64,66,93,104,118,133,80,30,41,44,55,59,14,30,36,51,44,110,115,98,139,131,136,146,163
20180928,8,PM2.5,90,80,88,89,86,89,78,33,,70,46,43,92,72,93,107,56,34,28,37,34,44,8,13,22,36,33,91,90,64,101,113,101,117,121
20180928,8,PM2.5_24h,,,,,,,,,,,,,,,,,,,,,,,,,,,,,,,,,,,
20180928,8,PM10,,84,,,,,,,,,,,,,,,,56,42,,,,34,14,44,,,,,,,,,,
20180928,8,PM10_24h,,,,,,,,,,,,,,,,,,,,,,,,,,,,,,,,,,,
20180928,8,AQI,119,106,116,118,114,118,104,47,,94,64,60,121,96,123,140,76,53,42,53,49,61,34,19,44,51,47,120,119,86,133,148,133,153,159
20180928,9,PM2.5,101,95,82,81,94,99,67,42,,78,45,73,96,78,104,109,66,65,39,42,33,45,25,23,23,46,45,123,83,81,96,99,89,98,130
20180928,9,PM2.5_24h,,,,,,,,,,,,,,,,,,,,,,,,,,,,,,,,,,,
20180928,9,PM10,,,,,,,,,,,,,,86,,,,,,,,,33,,45,,,,,,,,,99,
20180928,9,PM10_24h,,,,,,,,,,,,,,,,,,,,,,,,,,,,,,,,,,,
20180928,9,AQI,133,125,109,108,124,130,90,59,,104,63,98,126,104,136,143,89,88,55,59,47,63,36,33,45,64,63,161,110,108,126,130,118,129,171
20180928,10,PM2.5,85,91,86,94,87,114,86,74,,97,67,84,94,73,108,105,80,66,67,48,48,57,25,48,22,43,49,109,91,86,91,96,95,109,131
20180928,10,PM2.5_24h,,,,,,,,,,,,,,,,,,,,,,,,,,,,,,,,,,,
20180928,10,PM10,,,,,,,,,,,,,,90,,,,,72,,,,,,,,,,,,,,,,140
20180928,10,PM10_24h,,,,,,,,,,,,,,,,,,,,,,,,,,,,,,,,,,,
20180928,10,AQI,113,120,114,124,115,149,114,99,,128,90,111,124,98,141,138,106,89,90,66,66,78,36,66,31,60,68,143,120,114,120,126,125,143,173
20180928,11,PM2.5,88,103,90,102,89,88,92,76,,103,84,80,98,84,103,110,86,73,74,,56,55,22,48,17,44,53,108,78,72,102,115,99,113,98
20180928,11,PM2.5_24h,,,,,,,,,,,,,,,,,,,,,,,,,,,,,,,,,,,
20180928,11,PM10,,,,,,,,,,,,,,,,,,,,,,,24,,,,,,,,,,,,110
20180928,11,PM10_24h,,,,,,,,,,,,,,,,,,,,,,,,,,,,,,,,,,,
20180928,11,AQI,116,135,119,134,118,116,121,101,,135,111,106,129,111,135,144,114,98,99,,76,75,31,66,24,61,73,141,104,96,134,150,130,148,129
20180928,12,PM2.5,86,91,83,78,82,85,,64,,90,73,78,110,71,90,95,102,79,66,50,56,,17,48,14,40,,103,84,69,91,103,96,93,75
20180928,12,PM2.5_24h,,,,,,,,,,,,,,,,,,,,,,,,,,,,,,,,,,,
20180928,12,PM10,,,,,,,,,,,,,,,,,,,,,,,,,,,,,,,,,,96,
20180928,12,PM10_24h,,,,,,,,,,,,,,,,,,,,,,,,,,,,,,,,,,,
20180928,12,AQI,114,120,110,104,109,113,,86,,119,98,104,144,95,119,125,134,105,89,69,76,,24,66,20,56,,135,111,93,120,135,126,123,100
20180928,13,PM2.5,67,66,62,60,66,67,66,60,,62,,66,,45,70,76,96,58,57,46,56,41,15,76,27,32,,84,57,46,70,75,75,68,58
20180928,13,PM2.5_24h,,,,,,,,,,,,,,,,,,,,,,,,,,,,,,,,,,,
20180928,13,PM10,,,,,,,,,,,,,2,,,,,,,,,,29,,72,,,,,,,,,,58
20180928,13,PM10_24h,,,,,,,,,,,,,,,,,,,,,,,,,,,,,,,,,,,
20180928,13,AQI,90,89,84,81,89,90,89,81,,84,,89,27,63,94,101,126,79,78,64,76,58,29,101,61,46,,111,78,64,94,100,100,91,79
20180928,14,PM2.5,38,36,37,28,42,60,39,40,,42,42,45,33,26,38,63,62,49,46,43,68,42,41,65,53,23,,46,34,51,35,42,43,27,36
20180928,14,PM2.5_24h,,,,,,,,,,,,,,,,,,,,,,,,,,,,,,,,,,,
20180928,14,PM10,,,,,,,,42,,,,,,,,,,,,,,,70,,,,,,,,,,,37,39
20180928,14,PM10_24h,,,,,,,,,,,,,,,,,,,,,,,,,,,,,,,,,,,
20180928,14,AQI,54,51,53,40,59,81,55,56,,59,59,63,47,37,54,85,84,68,64,60,91,59,60,88,73,33,,64,49,70,50,59,60,39,51
20180928,15,PM2.5,22,22,23,21,33,36,21,32,,23,29,33,29,25,32,33,47,40,41,44,79,39,28,40,53,30,,48,28,43,20,34,33,17,14
20180928,15,PM2.5_24h,,,,,,,,,,,,,,,,,,,,,,,,,,,,,,,,,,,
20180928,15,PM10,,,34,,,,28,49,,33,40,,,,,34,,68,55,,,,51,42,,,,,,,23,39,,41,31
20180928,15,PM10_24h,,,,,,,,,,,,,,,,,,,,,,,,,,,,,,,,,,,
20180928,15,AQI,32,33,34,30,47,51,30,49,,33,41,47,41,36,46,47,65,59,58,61,105,55,51,56,73,43,,66,40,60,29,49,47,41,31
20180928,16,PM2.5,21,27,28,27,15,21,27,26,,27,34,35,43,21,22,26,31,31,34,41,43,,,41,24,39,,25,34,25,30,34,37,20,13
20180928,16,PM2.5_24h,,,,,,,,,,,,,,,,,,,,,,,,,,,,,,,,,,,
20180928,16,PM10,55,51,62,66,104,63,68,85,,72,57,74,,25,31,57,45,83,72,,48,,,,,66,,,74,73,55,71,75,49,36
20180928,16,PM10_24h,,,,,,,,,,,,,,,,,,,,,,,,,,,,,,,,,,,
20180928,16,AQI,53,51,56,58,77,57,59,68,,61,54,62,60,30,31,54,45,67,61,58,60,,,58,34,58,,37,62,62,53,61,63,49,36
20180928,17,PM2.5,30,26,34,34,37,40,26,26,,32,29,33,39,22,25,23,28,34,22,28,38,35,,33,18,24,,32,22,23,36,39,26,20,19
20180928,17,PM2.5_24h,,,,,,,,,,,,,,,,,,,,,,,,,,,,,,,,,,,
20180928,17,PM10,41,43,49,,58,44,45,46,,54,55,,72,58,39,48,31,,38,,,,,,43,25,,38,58,68,,56,63,65,39
20180928,17,PM10_24h,,,,,,,,,,,,,,,,,,,,,,,,,,,,,,,,,,,
20180928,17,AQI,43,43,49,49,54,56,45,46,,52,53,47,61,54,39,48,40,49,38,40,54,50,,47,43,34,,46,54,59,51,55,57,58,39
20180928,18,PM2.5,29,,25,27,33,40,27,27,,15,27,28,25,22,29,27,33,,30,25,46,20,,34,18,14,23,33,24,27,29,35,25,18,19
20180928,18,PM2.5_24h,,,,,,,,,,,,,,,,,,,,,,,,,,,,,,,,,,,
20180928,18,PM10,67,,68,128,53,157,85,70,,95,72,98,106,80,60,68,,,67,50,,,2,,,,,82,62,121,179,99,148,71,61
20180928,18,PM10_24h,,,,,,,,,,,,,,,,,,,,,,,,,,,,,,,,,,,
20180928,18,AQI,59,,59,89,52,104,68,60,,73,61,74,78,65,55,59,47,,59,50,64,29,17,49,26,24,33,66,56,86,115,75,99,61,56
20180928,19,PM2.5,,37,41,36,40,38,32,28,,36,27,32,35,22,36,41,26,25,27,33,34,9,2,12,8,14,17,15,26,37,34,42,42,26,28
20180928,19,PM2.5_24h,,,,,,,,,,,,,,,,,,,,,,,,,,,,,,,,,,,
20180928,19,PM10,2,72,55,66,,48,59,41,,64,56,50,116,138,107,70,,,39,,,18,8,14,,19,29,97,94,162,,57,,84,47
20180928,19,PM10_24h,,,,,,,,,,,,,,,,,,,,,,,,,,,,,,,,,,,
20180928,19,AQI,22,61,58,58,56,54,55,41,,57,53,50,83,94,79,60,37,36,39,47,49,22,17,20,11,21,29,74,72,106,49,59,59,67,47
20180928,20,PM2.5,31,43,49,48,42,34,29,21,,34,29,30,29,35,38,37,15,4,22,29,25,14,1,5,8,5,28,23,32,30,40,49,61,42,28
20180928,20,PM2.5_24h,,,,,,,,,,,,,,,,,,,,,,,,,,,,,,,,,,,
20180928,20,PM10,,63,54,51,74,54,40,38,,40,42,43,55,94,70,55,19,,37,37,,18,16,,,12,,91,137,136,58,,76,60,39
20180928,20,PM10_24h,,,,,,,,,,,,,,,,,,,,,,,,,,,,,,,,,,,
20180928,20,AQI,44,60,68,66,62,52,41,38,,49,42,43,53,72,60,53,21,16,37,41,36,20,16,19,14,18,40,71,94,93,56,68,83,59,40
20180928,21,PM2.5,24,23,44,39,32,26,20,4,,23,28,34,27,37,24,17,15,4,18,23,16,7,,3,17,10,30,36,47,,40,40,51,36,20
20180928,21,PM2.5_24h,,,,,,,,,,,,,,,,,,,,,,,,,,,,,,,,,,,
20180928,21,PM10,,,,,,,27,19,,38,35,,37,54,,,,,23,,,,,,52,,,51,109,,,,,53,23
20180928,21,PM10_24h,,,,,,,,,,,,,,,,,,,,,,,,,,,,,,,,,,,
20180928,21,AQI,34,33,61,55,46,37,29,19,,38,40,49,39,53,34,24,21,17,26,33,23,16,,19,51,17,43,51,80,,56,56,70,52,33
20180928,22,PM2.5,17,7,25,19,18,17,22,9,,29,19,14,28,21,19,10,12,1,17,26,11,5,2,4,22,8,16,21,40,19,16,23,23,18,14
20180928,22,PM2.5_24h,,,,,,,,,,,,,,,,,,,,,,,,,,,,,,,,,,,
20180928,22,PM10,,,,,,,23,26,,,,,35,,,,,5,,,,,18,,104,,,,,29,,,,29,24
20180928,22,PM10_24h,,,,,,,,,,,,,,,,,,,,,,,,,,,,,,,,,,,
20180928,22,AQI,24,23,36,27,26,24,31,26,,41,27,21,40,30,27,14,17,14,24,37,16,17,18,14,77,16,23,30,56,29,28,33,33,29,35
20180928,23,PM2.5,14,4,24,19,17,17,21,5,,20,13,17,27,14,15,12,10,4,14,21,5,4,7,2,27,4,18,16,23,18,16,17,17,13,14
20180928,23,PM2.5_24h,,,,,,,,,,,,,,,,,,,,,,,,,,,,,,,,,,,
20180928,23,PM10,,,,,,,,21,,,14,,,,,,,,,,,,9,,63,,,20,,47,,,,16,37
20180928,23,PM10_24h,,,,,,,,,,,,,,,,,,,,,,,,,,,,,,,,,,,
20180928,23,AQI,24,22,34,27,24,24,30,21,,29,19,24,39,23,27,17,14,12,20,30,12,14,15,10,57,15,26,23,33,47,30,24,33,23,37