date,hour,type,北京,天津,石家庄,唐山,秦皇岛,邯郸,保定,张家口,承德,廊坊,沧州,衡水,邢台,太原,呼和浩特,沈阳,大连,长春,哈尔滨,上海,南京,苏州,南通,连云港,徐州,扬州,无锡,常州,镇江,泰州,淮安,盐城,宿迁,杭州,宁波,温州,绍兴,湖州,嘉兴,台州,舟山,金华,衢州,丽水,合肥,福州,厦门,南昌,济南,青岛,郑州,武汉,长沙,广州,深圳,珠海,佛山,中山,江门,东莞,惠州,肇庆,南宁,海口,重庆,成都,贵阳,昆明,拉萨,西安,兰州,西宁,银川,乌鲁木齐,湘潭,株洲,包头,鄂尔多斯,营口,丹东,盘锦,葫芦岛,泉州,临沂,德州,聊城,滨州,淄博,枣庄,烟台,潍坊,济宁,泰安,日照,威海,东营,韶关,汕头,湛江,茂名,梅州,汕尾,河源,阳江,清远,潮州,揭阳,云浮,玉溪,菏泽,大同,长治,临汾,阳泉,赤峰,鞍山,抚顺,本溪,锦州,吉林,齐齐哈尔,牡丹江,大庆,芜湖,马鞍山,九江,洛阳,安阳,开封,焦作,平顶山,三门峡,宜昌,荆州,岳阳,常德,张家界,桂林,北海,柳州,三亚,绵阳,宜宾,攀枝花,泸州,自贡,德阳,南充,遵义,曲靖,咸阳,铜川,延安,宝鸡,渭南,金昌,嘉峪关,石嘴山,克拉玛依,库尔勒,寿光,章丘,即墨,胶南,胶州,莱西,平度,蓬莱,招远,莱州,荣成,文登,乳山,吴江,昆山,常熟,张家港,太仓,句容,江阴,宜兴,金坛,溧阳,海门,临安,富阳,义乌,诸暨,瓦房店,信阳,周口,漳州,晋城,朔州,晋中,运城,忻州,吕梁,乌海,通辽,呼伦贝尔,巴彦淖尔,乌兰察布,兴安盟,锡林郭勒盟,阿拉善盟,阜新,辽阳,铁岭,朝阳,四平,辽源,通化,白山,松原,白城,延边州,鸡西,鹤岗,双鸭山,伊春,佳木斯,七台河,黑河,绥化,大兴安岭地区,蚌埠,淮南,淮北,铜陵,安庆,黄山,滁州,阜阳,宿州,六安,亳州,池州,宣城,莆田,三明,南平,龙岩,宁德,景德镇,萍乡,新余,鹰潭,赣州,吉安,宜春,抚州,上饶,鹤壁,新乡,濮阳,许昌,漯河,南阳,商丘,驻马店,黄石,十堰,襄阳,鄂州,荆门,孝感,黄冈,咸宁,随州,恩施州,衡阳,邵阳,益阳,郴州,永州,怀化,娄底,湘西州,梧州,防城港,钦州,贵港,玉林,百色,贺州,河池,来宾,崇左,广元,遂宁,内江,乐山,眉山,广安,达州,雅安,巴中,资阳,阿坝州,甘孜州,凉山州,六盘水,安顺,铜仁地区,毕节,黔西南州,黔东南州,黔南州,保山,昭通,丽江,普洱,临沧,楚雄州,红河州,文山州,西双版纳州,大理州,德宏州,怒江州,迪庆州,昌都,山南,日喀则,那曲,阿里地区,林芝,汉中,榆林,安康,商洛,白银,天水,武威,张掖,平凉,酒泉,庆阳,定西,陇南,临夏州,甘南州,海东地区,海北州,黄南州,海南州,果洛州,玉树州,海西州,吴忠,中卫,固原,吐鲁番地区,哈密地区,昌吉州,博州,阿克苏地区,克州,喀什地区,和田地区,伊犁哈萨克州,塔城地区,阿勒泰地区,石河子,五家渠,三沙
20201209,0,AQI,70,83,65,75,64,78,78,59,61,93,64,61,71,159,91,69,44,50,68,40,101,56,27,54,90,59,69,74,73,29,39,39,54,64,28,52,35,53,53,57,28,81,59,79,79,19,20,114,69,60,138,113,169,66,65,66,64,66,59,75,66,46,58,65,31,71,46,83,70,134,59,90,115,215,170,177,101,74,41,60,98,126,37,63,69,84,68,71,76,61,62,83,89,62,44,60,74,27,96,100,66,71,60,63,54,56,49,59,58,116,97,120,131,75,138,70,94,72,217,44,49,98,48,89,113,101,100,126,143,89,156,149,190,99,160,171,68,41,61,54,55,59,36,84,65,54,68,73,29,50,120,146,90,128,164,37,37,236,85,63,68,71,104,75,75,80,68,,65,44,29,49,59,60,44,49,47,42,99,61,69,100,86,40,96,98,89,57,,154,200,29,100,136,90,170,80,77,100,46,24,70,47,22,34,86,120,36,71,91,61,78,70,81,29,45,34,108,69,55,46,45,119,30,74,26,80,91,94,78,111,58,96,103,108,84,88,101,76,20,70,64,33,27,50,124,67,83,73,65,94,66,81,101,103,144,181,212,186,108,143,91,170,189,103,180,115,80,69,163,43,129,99,194,65,75,94,104,91,54,50,65,51,57,56,41,66,39,95,53,46,55,60,56,44,59,54,29,58,43,48,59,40,26,75,53,30,50,47,26,149,35,53,46,51,49,33,69,37,51,64,34,74,38,89,111,23,18,88,89,143,191,49,55,150,57,70,50,74,37,18,78,55,120,26,59,44,54,33,42,114,120,114,140,73,281,83,110,65,204,69,99,61,28,349,299,
20201209,0,PM2.5,51,61,45,55,40,57,57,37,40,69,46,44,51,121,68,50,27,35,49,28,76,40,19,23,67,42,50,54,53,16,27,19,38,36,14,30,18,32,28,38,10,60,42,58,58,8,14,86,45,37,105,85,128,47,47,39,41,48,37,55,48,32,40,47,19,52,25,39,47,102,42,67,87,165,129,134,76,54,23,43,73,96,26,39,46,62,49,50,54,35,43,61,66,39,31,39,54,19,72,75,48,52,43,45,38,40,34,42,41,88,66,91,100,55,105,27,70,50,167,28,17,73,27,66,85,76,75,96,109,66,119,114,143,74,122,130,49,29,44,38,39,42,25,62,47,38,49,53,19,21,91,112,67,97,125,22,26,186,63,43,49,47,78,40,55,59,48,,47,23,15,21,42,41,30,34,33,28,74,44,42,75,64,22,72,73,66,38,,118,150,20,75,104,67,129,52,36,75,32,17,50,33,13,24,64,91,25,52,68,42,57,38,35,16,23,21,81,32,33,22,23,90,16,54,9,59,68,70,57,84,41,72,77,81,62,65,76,56,8,51,46,23,19,22,94,41,61,53,47,70,48,60,76,77,110,137,162,140,81,109,68,129,142,77,136,87,59,50,124,26,98,74,146,47,55,70,78,68,37,35,39,34,39,36,26,47,27,49,37,32,39,43,38,29,42,38,20,41,30,22,42,27,18,55,37,21,35,33,18,114,19,24,29,32,34,23,43,26,27,37,24,54,19,66,84,6,12,65,66,109,144,34,32,115,38,51,32,54,26,10,50,39,91,13,38,31,35,10,11,86,91,86,86,53,231,61,68,47,154,38,74,44,18,299,249,
20201209,0,PM2.5_24h,22,28,59,31,26,40,54,25,29,32,44,35,47,59,49,50,19,27,40,49,64,57,42,18,60,56,56,56,65,53,42,25,50,51,26,24,42,36,33,38,21,46,32,36,77,15,12,75,28,26,68,82,110,40,46,43,39,42,38,38,45,34,37,50,40,38,20,31,20,84,56,101,84,159,107,107,50,47,38,40,41,62,12,25,35,36,38,44,56,24,34,42,28,23,21,28,40,26,61,56,47,44,47,44,35,43,47,42,23,58,50,82,67,43,62,32,70,50,81,25,21,53,18,76,73,84,79,50,75,58,84,112,79,100,104,123,50,36,53,31,28,35,47,44,50,44,38,40,15,30,76,87,42,104,90,31,42,88,65,58,36,23,38,28,39,31,34,24,28,27,14,16,22,56,53,54,51,48,76,55,43,65,69,42,55,72,65,47,37,113,104,24,108,73,39,99,30,36,82,25,16,47,32,16,8,46,69,40,42,52,27,28,30,34,18,21,30,36,32,31,27,29,49,19,39,7,83,110,64,69,82,26,71,104,80,86,57,90,82,12,46,44,25,23,20,80,45,62,52,45,66,44,59,53,54,62,83,99,149,65,89,52,97,188,63,169,105,39,46,139,22,60,58,118,48,51,56,51,55,45,39,35,39,50,31,34,30,32,37,35,24,34,34,30,43,36,35,24,32,24,14,31,19,24,58,23,19,31,20,15,39,16,22,24,21,20,19,31,16,22,27,20,17,12,17,41,7,15,43,42,57,93,50,28,75,36,49,35,60,20,17,33,24,82,14,32,23,22,13,10,88,131,41,70,27,218,52,48,56,131,50,49,22,13,269,224,
20201209,0,PM10,80,84,80,94,77,102,89,67,71,113,76,66,91,186,99,88,44,48,55,38,114,49,27,58,102,58,79,79,79,29,37,39,52,77,28,53,35,56,56,63,17,111,68,101,70,9,19,108,88,70,140,108,99,81,76,81,78,81,67,76,65,44,66,69,31,78,46,115,90,137,61,90,121,158,142,159,97,82,41,64,71,137,12,76,87,115,79,92,102,71,73,84,96,73,44,70,61,12,85,133,62,63,47,52,57,57,39,62,52,160,143,117,163,97,151,90,120,93,227,44,49,109,48,63,83,80,119,125,139,105,158,120,150,102,158,97,81,36,56,54,57,60,31,85,53,51,62,60,29,50,97,138,77,113,172,37,34,233,82,75,84,91,129,100,91,87,86,,64,44,29,49,64,69,44,49,43,42,92,65,88,107,90,40,130,117,107,64,,161,158,28,105,188,125,162,109,103,99,44,16,89,47,22,30,74,113,36,83,78,72,82,89,111,29,45,34,134,87,59,46,45,106,30,76,26,85,97,119,98,94,53,102,100,109,100,98,88,57,14,51,52,25,15,50,126,84,43,86,75,93,69,76,107,123,132,139,205,186,97,149,96,167,138,100,136,132,90,57,147,43,115,74,164,53,71,101,101,93,57,49,80,51,63,62,41,81,39,140,52,46,32,55,62,44,60,46,23,55,36,48,66,40,21,80,53,27,44,44,13,207,35,56,46,52,35,32,87,21,51,77,34,76,38,82,117,13,18,79,82,103,148,46,59,149,63,86,50,71,33,18,106,44,91,19,68,24,57,33,42,110,92,94,229,90,360,109,169,75,212,88,92,43,28,384,334,
20201209,0,PM10_24h,42,48,103,57,52,79,101,46,64,60,79,65,81,103,79,86,35,43,53,49,96,66,47,39,98,78,91,78,89,74,62,48,72,92,47,46,68,65,58,62,34,69,49,54,68,19,20,97,64,56,99,95,78,65,76,76,68,67,67,52,65,45,62,69,56,56,35,61,47,112,92,129,123,146,114,121,79,80,61,57,52,109,14,57,69,69,62,81,106,52,63,65,56,41,35,53,53,39,79,87,54,57,56,60,44,57,65,57,39,110,112,121,107,91,101,64,116,94,107,39,52,80,41,63,76,84,117,90,100,97,121,122,88,139,128,86,72,44,68,42,44,48,56,71,57,55,55,53,21,51,89,113,62,125,135,48,69,113,80,112,72,60,66,68,66,54,61,49,48,54,30,34,43,91,70,73,71,61,93,73,90,89,88,62,97,111,99,75,63,154,120,44,139,159,76,134,73,97,127,39,20,84,44,28,12,58,101,69,67,72,46,43,58,85,34,40,37,63,68,47,44,45,73,38,58,19,119,145,111,98,68,37,100,142,111,117,96,98,58,17,48,51,34,28,35,107,78,42,81,77,88,62,93,96,90,81,92,129,194,95,123,76,129,186,77,156,143,68,52,163,35,67,64,132,50,66,78,77,78,74,63,65,57,65,50,53,44,47,77,51,37,39,49,54,56,48,48,33,47,36,38,49,26,27,76,32,26,37,27,24,75,28,42,40,32,28,28,66,24,50,62,23,43,30,34,56,15,28,55,56,61,106,71,47,97,52,75,52,72,27,34,87,45,100,27,56,42,41,39,27,104,154,40,167,49,306,89,116,77,185,116,54,30,16,331,308,
20201209,0,SO2,8,13,14,14,27,21,16,21,20,17,42,25,14,61,23,47,11,17,20,7,8,8,4,18,17,6,9,11,8,7,6,11,8,7,7,6,9,7,8,6,5,7,4,6,10,4,5,7,28,14,12,7,7,11,7,7,11,8,9,12,11,6,12,10,7,6,15,16,8,17,14,28,13,8,8,7,30,20,13,25,25,31,3,24,19,18,51,32,27,14,17,39,33,14,6,38,9,7,25,49,5,9,9,10,12,10,13,16,11,21,57,18,93,35,41,15,26,21,43,16,62,13,10,12,9,5,10,16,16,14,14,14,7,17,12,11,3,16,15,24,6,6,7,21,14,4,2,5,12,6,11,29,12,13,19,41,6,76,6,5,23,19,24,20,25,17,16,,8,16,6,4,8,11,7,11,8,8,13,10,11,11,10,7,4,5,7,7,,6,10,5,15,61,66,26,25,24,13,13,4,10,21,9,16,12,60,14,38,22,22,19,26,17,8,10,7,17,13,19,4,6,4,10,6,23,14,11,13,12,11,6,9,8,7,8,11,7,7,4,12,6,6,2,17,17,25,13,13,24,33,5,19,16,12,17,22,8,6,8,9,13,8,9,8,5,2,10,9,6,6,16,25,3,4,10,19,5,6,27,11,50,11,12,11,8,8,7,15,8,7,4,9,7,4,9,7,4,5,17,7,10,10,15,4,11,6,46,7,6,68,7,4,9,42,6,5,10,6,7,12,9,10,7,8,14,11,8,9,20,12,29,13,12,4,18,6,7,7,7,8,14,6,31,8,15,15,21,20,16,32,5,11,17,6,6,21,11,10,7,16,17,3,2,8,4,
20201209,0,SO2_24h,5,10,16,12,15,16,19,23,23,12,16,14,15,35,20,44,13,17,16,8,8,8,5,17,20,8,10,12,6,10,8,6,13,7,9,6,9,7,8,5,6,6,4,6,9,4,4,5,21,15,12,8,7,11,9,10,11,8,10,11,12,5,10,11,8,5,14,11,6,15,20,33,16,9,5,6,26,25,16,24,32,57,4,17,12,24,33,30,23,13,25,19,21,16,5,26,7,10,18,28,7,10,12,8,9,11,15,23,9,19,75,20,56,36,36,20,27,30,35,16,28,14,11,13,10,7,8,12,16,12,18,13,8,14,10,10,3,10,11,16,6,6,7,27,12,5,3,4,13,9,16,27,9,8,20,12,23,38,6,5,29,14,17,19,25,14,25,10,8,22,5,4,9,11,8,11,10,9,14,11,13,10,11,9,5,4,26,7,22,7,13,5,12,53,41,17,23,22,22,13,5,25,25,6,10,9,68,24,26,32,14,19,22,22,9,9,12,8,12,13,10,7,9,14,5,21,14,11,15,9,10,6,13,10,10,7,10,10,8,4,8,5,8,3,11,14,25,11,17,18,22,6,29,12,13,17,19,9,9,12,9,12,10,13,8,7,3,10,9,8,6,8,14,4,5,10,10,5,6,17,10,16,10,9,11,10,9,8,10,18,8,6,4,8,5,10,7,4,5,14,7,9,9,20,4,14,6,26,12,7,25,7,4,9,15,7,6,10,7,15,13,8,9,7,7,9,10,8,10,15,18,13,38,12,8,21,7,6,8,7,16,9,14,32,9,20,18,23,26,16,15,14,8,17,16,8,16,12,10,7,20,13,2,3,9,11,
20201209,0,NO2,63,68,61,75,62,58,68,32,54,73,46,61,61,72,61,60,35,45,41,58,63,44,25,69,64,32,39,51,28,18,27,46,37,64,42,30,28,47,63,24,8,54,48,48,69,14,19,53,55,74,65,54,47,64,29,64,68,85,70,31,24,49,46,23,39,50,21,54,65,60,40,37,71,85,61,47,71,46,49,34,70,50,19,64,53,63,69,57,50,51,50,44,61,67,20,50,25,16,26,56,26,19,20,34,28,20,28,58,35,65,66,31,67,66,71,20,52,46,66,29,18,62,24,49,44,30,61,57,61,48,55,45,27,32,41,57,21,20,18,28,17,45,25,63,26,26,40,27,18,35,52,54,66,36,63,24,12,68,51,24,55,44,66,67,61,50,47,,40,39,21,22,47,39,40,38,31,37,37,44,24,59,64,23,50,54,62,60,,46,46,39,32,59,67,59,56,61,14,23,5,14,38,9,15,14,47,13,54,42,56,41,41,34,18,8,20,55,28,22,35,15,56,13,36,29,45,37,41,64,37,17,49,31,55,55,30,60,67,15,23,28,11,20,26,35,39,38,29,50,39,30,49,65,60,56,58,50,51,45,37,57,35,37,52,45,38,45,29,35,29,34,36,40,28,36,31,38,20,48,19,40,26,30,29,19,36,20,42,39,22,16,46,40,21,27,37,26,33,15,41,40,16,11,19,24,14,25,16,6,28,18,20,29,42,10,12,30,20,21,35,19,41,37,43,39,10,7,37,70,17,49,15,45,53,23,47,31,16,30,14,68,18,30,7,14,47,30,30,47,24,48,31,77,59,90,63,55,46,87,26,35,,23,73,78,
20201209,0,NO2_24h,43,54,58,52,42,47,62,30,47,55,49,53,49,60,50,55,38,36,38,36,49,43,20,42,54,35,43,43,29,23,31,28,42,62,39,39,51,50,49,25,14,51,43,43,55,16,20,38,51,50,57,49,33,40,29,50,40,46,43,26,22,28,32,22,37,42,21,34,40,49,65,68,50,70,42,44,55,48,46,32,55,46,16,49,42,48,52,50,49,38,47,39,39,36,20,43,21,23,20,26,25,16,20,24,21,23,26,36,26,50,54,40,54,60,49,34,47,48,51,26,20,49,24,45,42,31,54,47,52,43,51,43,28,39,35,34,19,18,15,19,21,33,32,47,28,28,37,29,16,24,44,47,58,40,50,16,32,45,40,30,50,49,38,46,39,32,42,24,31,40,20,24,32,46,36,33,29,29,36,36,48,41,54,19,51,50,51,50,38,40,44,42,34,54,53,45,46,53,40,21,8,31,43,15,8,16,41,39,45,34,32,21,33,26,19,13,21,36,24,19,22,20,40,15,26,17,50,41,49,40,31,21,48,43,58,38,34,40,48,18,21,19,18,20,24,32,36,36,30,35,39,26,41,46,50,44,44,38,43,48,38,46,33,42,41,44,33,32,31,37,24,28,28,25,30,28,23,31,21,28,18,23,19,20,22,17,18,17,21,43,20,27,30,33,25,32,29,24,29,21,32,28,13,14,19,24,20,27,12,11,27,13,18,19,20,11,12,27,19,25,26,12,22,31,24,21,8,11,28,56,27,40,30,36,31,24,34,33,19,14,24,44,31,42,14,25,33,21,22,22,41,41,21,59,25,74,24,43,22,68,39,27,11,18,72,61,
20201209,0,O3,4,4,7,4,7,8,4,28,8,5,20,5,5,5,5,8,37,17,39,39,14,42,55,7,9,42,44,31,42,50,29,24,18,8,47,46,55,34,20,49,90,4,12,7,3,61,57,3,17,9,3,5,7,27,44,42,18,12,28,50,49,31,27,101,20,3,31,8,9,8,52,58,8,16,4,7,4,32,23,20,7,13,46,9,11,7,6,13,23,14,16,22,9,4,42,21,62,62,67,26,21,50,48,63,61,34,33,4,10,8,3,41,6,6,15,45,9,15,12,42,28,11,37,12,22,17,4,9,2,8,10,18,54,35,4,4,18,55,67,26,81,11,34,11,17,30,9,36,30,35,13,10,6,24,5,34,72,5,17,45,5,33,5,11,13,5,5,,16,30,50,42,14,49,45,48,46,52,34,38,55,19,8,56,15,13,5,6,,9,10,16,48,5,3,6,6,3,70,57,59,45,36,60,64,75,14,47,14,17,13,8,6,9,51,49,24,24,26,49,24,58,26,27,35,37,36,35,34,13,16,19,35,30,25,21,35,1,22,64,27,14,41,32,2,4,8,3,25,6,9,14,11,6,3,6,,4,9,19,13,6,42,33,3,20,3,2,16,14,2,14,17,31,18,31,21,29,20,30,66,42,47,62,5,41,14,41,4,6,19,26,6,4,15,23,9,5,16,22,14,20,25,36,34,7,10,24,14,52,39,58,18,17,6,40,30,10,60,33,11,47,26,27,13,22,73,47,4,6,53,41,74,5,12,36,15,49,45,30,33,15,76,63,82,71,29,18,23,57,61,44,54,9,18,8,14,17,,8,53,45,26,,5,5,
20201209,0,O3_24h,44,54,26,65,62,58,35,56,49,47,47,44,41,33,40,60,60,59,63,80,40,61,81,61,45,56,51,52,53,68,56,74,52,23,74,63,56,50,53,72,95,22,28,26,23,72,85,44,53,51,21,40,38,110,124,123,100,112,119,115,112,93,89,125,29,39,36,74,77,44,63,74,71,35,41,26,39,56,61,62,65,51,78,59,60,57,58,81,56,60,60,63,58,61,67,70,105,73,118,111,72,95,88,105,94,62,91,88,79,49,36,55,22,31,70,61,58,44,51,68,52,59,48,33,33,54,19,49,24,50,44,36,85,73,46,68,48,81,119,62,106,42,36,92,46,40,48,56,38,76,54,56,30,42,47,74,77,64,50,57,49,58,51,64,66,60,62,47,63,61,56,59,70,67,67,69,64,83,54,73,55,44,29,82,46,28,101,18,51,35,49,56,66,40,24,51,33,16,70,72,95,46,69,64,73,96,71,50,75,67,63,69,66,62,58,54,68,61,58,59,48,59,66,53,53,52,71,57,52,42,48,53,56,56,60,58,59,34,53,74,63,60,55,53,27,19,32,22,60,41,11,40,23,55,48,46,29,39,76,39,39,40,84,80,36,81,32,44,25,61,25,51,56,56,31,62,54,64,53,90,95,102,84,112,42,80,65,78,79,25,52,29,39,39,41,39,31,34,59,71,49,93,46,41,57,38,19,54,53,86,69,91,69,89,67,61,60,76,86,76,59,91,79,73,80,70,82,70,47,42,53,46,79,52,76,73,52,69,62,62,45,86,79,82,100,74,82,67,58,90,73,67,58,63,63,33,64,55,,40,73,57,70,46,36,29,
20201209,0,O3_8h,7,9,16,8,14,20,7,19,11,12,24,11,16,5,12,12,32,18,39,64,18,50,67,16,16,35,42,39,41,48,36,36,17,5,62,40,39,23,30,51,89,3,13,12,5,61,55,8,15,17,4,5,13,56,71,72,44,57,55,68,68,53,50,109,20,13,25,34,31,13,35,60,27,21,6,6,13,22,23,20,13,22,42,20,22,22,18,16,31,23,21,28,27,22,41,30,78,64,89,66,35,65,50,83,70,28,38,34,35,14,5,45,6,6,14,25,17,13,17,34,30,13,32,17,27,12,5,15,6,18,15,18,58,46,9,23,27,64,89,37,84,17,27,37,15,31,21,40,32,52,25,17,9,22,12,51,64,15,30,47,14,23,9,18,21,16,18,27,24,21,48,43,26,45,56,57,55,70,39,50,27,28,9,69,21,13,16,5,29,20,7,18,57,6,4,19,10,4,35,54,53,36,38,40,63,82,23,25,22,25,20,26,13,22,46,31,25,23,30,50,38,51,30,32,42,35,43,37,31,17,20,20,38,35,27,26,39,12,27,58,26,27,40,30,4,6,8,5,36,22,6,22,12,16,10,16,5,9,30,21,15,15,58,50,5,34,10,7,11,29,9,19,19,41,21,35,23,26,27,40,79,69,65,84,17,51,39,57,31,13,25,24,15,10,19,28,17,7,26,30,14,40,26,38,35,10,13,19,26,65,37,71,34,42,42,45,35,31,58,44,21,68,45,39,46,48,80,47,16,11,41,37,71,16,36,54,21,48,46,44,31,43,64,68,83,57,40,34,36,64,58,57,45,25,42,13,34,27,,21,53,48,44,6,12,11,
20201209,0,O3_8h_24h,34,34,21,48,47,49,23,50,37,37,38,34,32,22,31,39,51,49,54,73,29,53,76,54,37,48,44,44,44,55,48,65,44,14,64,44,39,44,45,58,89,16,22,22,16,63,77,39,40,42,16,30,32,92,101,105,82,89,94,101,94,78,75,114,23,27,28,61,61,33,45,54,57,27,37,22,29,39,46,51,48,42,73,49,49,47,52,59,52,51,49,51,48,55,54,59,94,66,105,97,59,87,78,92,84,53,65,71,66,42,24,48,16,22,56,44,38,28,41,60,43,44,39,25,29,46,14,40,18,40,32,29,70,62,29,56,41,76,106,54,100,31,27,64,33,32,37,48,33,63,46,39,20,36,40,63,64,49,41,49,40,50,42,54,58,50,51,27,54,56,50,52,63,48,60,66,59,77,47,62,28,41,23,79,34,22,28,14,29,31,25,42,64,26,16,39,26,12,38,64,61,39,52,59,69,89,54,34,61,55,58,62,47,48,52,45,59,52,44,54,44,51,53,43,49,44,57,48,45,31,39,43,47,46,53,42,50,21,43,72,45,48,47,43,23,16,26,18,48,33,8,32,16,46,36,38,23,33,60,30,34,28,69,63,26,65,25,34,20,48,19,44,52,51,26,54,48,57,44,72,87,92,77,103,34,69,60,67,66,18,38,25,29,28,28,32,22,24,42,54,32,66,35,39,46,30,15,50,49,76,44,81,61,73,60,58,50,58,71,63,44,83,61,62,71,64,81,61,39,37,41,38,71,43,61,66,41,48,53,56,36,70,64,72,89,62,72,58,52,82,65,58,56,44,53,24,50,36,,26,60,53,66,24,16,24,
20201209,0,CO,0.73,0.93,0.70,0.92,1.20,0.88,0.78,0.78,1.93,0.97,1.00,0.93,0.83,2.40,1.49,1.61,0.74,0.66,0.63,0.70,0.89,0.66,0.53,0.75,1.09,0.50,0.75,0.83,0.50,0.75,0.40,0.40,0.65,0.94,0.64,0.52,0.67,0.70,0.70,0.57,0.53,0.93,1.13,1.10,0.90,0.82,0.70,1.22,1.09,0.75,1.14,1.06,1.24,0.93,0.74,0.95,0.89,0.83,1.03,0.84,0.78,0.67,0.99,0.80,0.73,0.79,0.81,0.98,1.70,1.46,0.90,0.70,1.64,2.48,1.23,1.00,2.37,0.96,1.23,1.38,1.50,1.80,0.60,1.28,0.97,1.03,0.90,1.02,0.70,0.88,0.82,0.83,0.83,0.77,0.73,0.57,0.84,0.75,0.88,1.03,0.80,0.90,0.80,0.80,1.20,0.80,0.85,1.00,1.60,0.90,1.44,1.24,1.77,1.20,2.67,0.98,1.47,1.53,3.14,0.85,0.46,1.26,0.76,0.73,0.67,0.90,0.83,1.02,1.20,0.83,1.15,1.10,1.12,1.10,1.16,1.58,0.97,0.90,1.03,1.18,0.70,0.73,0.82,1.82,0.83,0.70,0.77,0.85,0.70,0.65,1.00,1.40,2.67,0.80,1.90,0.90,0.20,2.67,0.98,0.63,0.75,1.10,1.40,0.85,1.40,1.30,1.35,,1.10,0.55,0.55,0.75,1.50,0.80,0.80,0.73,0.40,0.50,1.15,0.70,0.75,1.25,0.95,0.55,1.10,0.80,0.80,0.90,,1.15,1.23,0.35,0.78,1.58,1.65,2.23,1.03,1.00,0.80,0.50,0.35,0.75,0.55,0.33,0.70,0.65,1.26,0.65,1.70,1.68,0.80,1.40,1.00,1.95,0.65,0.40,0.57,1.37,0.63,0.67,0.50,0.30,1.35,0.35,0.50,0.65,0.57,0.68,0.73,1.17,1.18,0.93,0.75,0.60,0.67,1.05,0.75,1.05,0.73,0.67,0.57,0.60,0.60,0.55,0.78,1.35,0.75,0.78,1.37,0.77,1.10,1.03,1.03,0.93,0.93,1.07,1.43,1.20,1.22,0.85,1.03,1.04,1.10,1.02,0.93,1.03,0.95,0.75,1.10,1.03,0.55,1.56,1.00,1.57,0.85,0.82,1.55,1.13,0.85,0.98,0.67,1.70,0.93,0.85,1.10,0.75,1.00,0.75,0.80,0.90,0.67,0.75,0.90,1.03,0.83,0.57,0.93,0.77,0.85,0.70,0.50,1.00,1.20,0.90,1.00,0.70,0.80,0.95,1.00,0.45,4.35,0.60,0.60,0.70,1.05,0.67,0.65,0.75,0.70,0.75,0.95,0.95,1.80,0.90,1.75,4.10,0.50,0.65,1.17,2.40,0.90,1.05,0.45,1.15,1.70,0.75,0.95,0.80,0.95,0.50,0.50,2.80,0.60,1.00,0.30,0.40,0.60,1.00,1.10,0.70,0.77,0.80,1.25,4.20,1.25,3.55,1.00,1.10,1.70,3.23,1.10,1.37,1.60,1.10,2.30,2.90,
20201209,0,CO_24h,0.53,0.64,1.06,0.68,0.82,0.75,0.87,0.67,1.43,0.55,0.93,0.67,1.10,1.36,1.41,1.48,0.78,0.57,0.62,0.72,0.89,0.81,0.70,0.93,1.04,0.57,1.01,0.75,0.58,0.88,0.52,0.47,0.95,1.09,0.85,0.45,0.97,0.90,0.83,0.63,0.67,0.93,1.03,0.97,1.03,0.70,0.57,0.81,0.86,0.66,0.89,0.98,1.11,0.92,0.72,0.85,0.80,0.73,0.93,0.74,0.75,0.60,0.91,0.85,0.89,0.91,0.82,0.88,1.03,1.24,1.48,3.03,1.58,2.23,1.07,0.88,1.37,1.04,1.20,1.15,1.17,1.57,0.43,0.77,0.83,0.73,0.67,1.10,0.76,0.63,0.80,0.77,0.80,0.57,0.70,0.50,0.88,0.67,0.87,0.93,0.70,0.83,0.80,0.85,1.20,0.75,0.88,0.90,1.07,0.73,1.62,1.42,1.33,1.17,1.75,1.20,1.33,1.88,1.62,0.70,0.56,0.90,0.72,0.87,0.80,0.87,0.80,0.90,1.00,0.80,1.05,1.13,0.98,1.20,1.12,1.27,0.83,0.87,1.00,1.08,0.55,0.72,0.90,1.70,0.83,0.90,0.82,0.70,0.72,1.10,1.03,1.23,1.30,0.90,1.60,0.80,0.85,1.30,0.80,0.73,0.70,1.10,0.90,0.65,0.85,0.60,0.85,0.80,0.85,0.65,0.50,0.65,1.15,0.95,1.00,0.83,0.75,0.60,1.15,0.80,1.00,1.00,1.05,0.70,1.20,0.90,1.10,1.00,1.40,1.05,1.13,0.30,1.08,1.18,1.25,1.97,0.90,0.90,1.57,0.40,0.40,0.90,0.75,0.37,0.50,0.55,1.12,1.23,1.23,1.48,0.57,0.85,0.90,1.55,0.55,0.45,0.63,0.67,0.67,0.53,0.55,0.45,0.90,0.30,0.45,0.50,0.70,0.86,0.73,1.10,1.15,0.83,0.80,0.97,0.77,1.02,0.75,1.10,0.93,0.63,0.57,0.47,0.60,0.60,0.78,1.07,0.77,0.73,1.35,0.70,1.43,0.93,1.13,0.93,0.70,0.77,1.17,0.85,1.22,0.80,0.87,0.72,1.07,1.22,0.83,1.25,0.95,0.60,0.97,1.20,0.40,1.12,0.82,1.50,0.75,0.78,1.35,0.90,0.75,1.13,0.70,1.13,0.83,0.85,0.90,0.70,1.00,0.85,0.75,1.07,0.60,0.92,0.90,1.07,0.85,0.55,0.90,0.67,0.90,0.65,0.55,0.93,1.07,1.03,1.00,0.85,1.00,0.85,0.90,0.55,1.75,0.55,0.50,0.75,0.85,0.77,0.70,0.65,0.70,0.65,0.90,0.55,1.05,0.70,1.00,1.75,0.50,0.65,0.77,1.00,0.75,0.95,0.85,0.70,0.95,0.50,0.75,0.70,0.90,0.45,0.70,1.85,0.70,1.80,0.20,0.40,0.80,0.60,1.10,0.50,0.77,1.20,1.00,2.50,0.80,2.70,1.00,1.00,1.10,3.57,1.40,1.10,1.50,0.80,2.30,2.20,
20201209,1,AQI,71,83,73,73,62,85,78,57,59,88,73,68,71,159,89,63,45,58,69,41,100,53,29,55,85,43,60,68,61,27,39,40,50,64,31,51,36,55,55,56,27,77,78,78,79,19,22,110,74,61,129,113,166,64,65,67,65,70,62,71,68,46,58,70,30,73,45,80,61,130,60,93,113,191,170,171,109,73,36,55,100,84,30,64,68,106,68,71,74,64,61,80,115,61,48,59,71,31,103,98,64,70,59,61,55,55,58,59,50,116,96,114,146,80,136,62,83,69,210,42,45,85,46,94,113,103,99,140,149,95,164,151,199,101,149,169,68,44,65,55,53,59,34,88,63,53,69,65,31,46,121,149,88,126,159,55,31,236,130,63,62,89,89,78,94,78,65,,75,42,42,47,57,59,47,36,42,30,85,56,66,94,90,36,98,91,83,54,,157,177,25,95,139,84,163,80,81,62,49,23,67,48,22,34,94,120,39,70,83,57,71,59,82,26,43,32,86,57,52,41,44,90,42,74,32,81,95,95,79,114,54,96,103,106,76,84,91,74,20,74,58,37,29,52,109,67,78,71,69,91,65,86,103,99,141,187,218,186,118,145,90,166,184,105,200,119,81,68,166,43,138,101,194,60,78,88,109,84,51,51,63,51,57,57,38,64,41,96,53,49,50,55,56,39,54,53,29,59,41,31,64,44,23,76,34,23,49,43,21,150,33,50,42,54,43,39,60,33,37,54,39,52,23,83,104,23,15,86,81,146,191,44,58,138,51,71,52,65,33,18,80,54,115,28,58,36,52,30,39,134,115,110,130,78,275,91,89,93,202,63,104,49,34,342,315,
20201209,1,PM2.5,52,61,53,52,39,63,57,33,37,65,53,49,52,121,66,40,27,41,50,29,75,37,14,23,63,24,42,49,44,13,27,21,35,37,16,29,20,32,32,35,9,56,57,57,58,7,12,83,53,41,98,85,126,46,47,41,42,51,43,52,49,32,41,51,19,53,23,37,34,99,43,69,85,144,129,130,82,53,18,36,75,62,21,41,47,80,49,52,50,42,44,59,87,40,29,38,52,22,77,73,46,51,42,44,39,39,41,40,24,88,60,86,112,59,104,22,61,48,160,27,16,63,27,70,85,77,74,107,114,71,125,116,149,76,114,128,49,31,47,39,34,42,24,65,45,37,50,47,22,26,92,114,65,96,121,26,21,186,99,42,42,66,56,44,70,57,45,,55,25,20,24,40,37,30,25,24,19,63,40,40,70,67,22,73,68,61,33,,120,134,16,71,106,62,124,49,39,38,34,16,47,32,13,24,70,91,24,37,61,35,52,34,38,12,17,17,64,35,31,20,24,67,24,54,10,60,71,71,58,86,38,72,77,80,56,62,68,54,8,54,41,26,20,24,82,40,57,52,50,68,47,64,77,74,108,141,168,140,89,111,67,126,139,79,150,90,60,49,126,26,105,76,146,43,57,65,82,62,32,33,43,36,40,38,23,46,29,47,37,34,35,39,37,26,38,37,20,42,29,12,46,31,16,56,24,13,34,30,15,115,14,20,27,35,30,27,39,23,23,33,27,32,13,61,78,6,10,64,60,112,144,31,29,105,36,52,34,47,19,11,34,36,87,8,41,25,30,10,10,102,87,83,77,49,225,68,58,69,152,35,78,34,24,292,265,
20201209,1,PM2.5_24h,24,30,58,32,27,41,55,26,30,34,45,35,47,64,50,48,19,28,41,46,62,54,38,18,59,54,54,53,63,51,42,23,48,52,26,25,41,36,33,39,21,48,34,37,76,15,12,77,29,28,73,83,112,41,46,43,39,42,38,39,45,34,36,50,39,39,20,31,20,85,55,83,83,157,109,109,51,48,36,41,44,63,12,26,35,38,39,44,55,25,35,43,30,24,22,29,41,26,61,56,47,45,47,44,35,43,47,42,23,60,51,84,69,44,64,32,69,50,83,26,21,55,19,74,72,84,77,53,77,58,84,114,83,100,106,124,49,36,52,31,28,36,46,44,49,44,40,40,15,30,76,86,44,103,91,31,41,92,67,57,36,25,40,30,40,33,36,,30,28,14,17,23,54,50,50,47,44,73,52,43,64,68,39,57,73,65,47,,111,107,23,104,76,40,102,31,36,81,26,16,48,32,16,9,47,69,38,42,53,27,29,30,34,18,21,30,38,32,30,26,28,51,19,40,8,79,107,64,68,82,28,68,101,77,85,57,89,81,12,47,44,25,23,21,80,45,61,52,45,65,44,59,54,54,74,86,102,147,67,89,53,100,185,63,168,105,41,46,138,22,62,59,122,47,51,57,53,55,45,39,35,39,49,31,33,30,32,37,35,25,35,35,31,43,37,36,24,32,24,14,32,20,24,58,24,18,31,20,14,43,16,21,24,21,21,19,31,16,23,27,20,18,12,19,43,7,15,44,42,60,97,50,28,77,35,50,35,59,20,17,33,24,82,14,32,23,22,13,9,87,130,43,70,28,219,52,49,57,131,49,51,23,13,270,227,
20201209,1,PM10,82,78,92,95,73,117,91,64,67,111,93,76,90,187,99,75,45,53,56,34,116,46,29,60,97,43,69,71,58,27,31,40,49,77,31,52,36,60,60,61,16,103,61,98,71,8,7,109,98,71,139,104,91,77,77,83,79,82,73,72,61,43,65,73,30,79,45,110,72,129,60,86,114,135,149,151,113,74,36,60,69,110,8,78,86,131,81,92,97,77,71,84,108,72,48,67,61,16,91,130,50,61,47,56,54,58,52,68,50,152,141,114,172,98,148,73,106,88,184,42,45,86,46,63,90,80,116,132,148,106,159,116,161,109,151,104,78,35,54,53,56,60,27,89,53,40,64,57,25,46,112,143,77,110,172,59,31,224,111,76,74,108,128,106,132,81,79,,62,42,42,47,64,67,47,36,42,30,76,58,82,100,83,36,125,108,99,57,,157,142,25,100,192,105,164,110,112,74,46,19,84,48,22,33,86,133,39,89,78,63,72,67,113,26,43,32,119,64,54,41,44,83,42,68,32,84,98,119,97,101,54,100,104,106,97,94,78,60,3,57,46,22,21,53,118,84,41,78,80,94,68,81,104,121,143,151,209,184,106,160,100,166,129,100,130,128,90,54,144,43,136,82,167,50,76,99,105,89,52,51,76,51,64,64,38,70,40,142,50,42,36,52,61,39,55,44,23,54,32,31,71,43,19,81,34,23,42,34,14,186,33,50,42,58,34,28,70,20,37,57,33,54,23,80,97,12,15,82,80,115,148,44,66,142,50,90,54,62,33,18,109,58,87,28,59,26,53,30,39,115,94,93,210,105,364,124,127,91,204,76,98,40,26,378,387,
20201209,1,PM10_24h,44,51,103,58,53,81,102,48,65,63,80,66,81,109,81,85,35,44,54,47,94,64,45,40,97,75,89,76,87,71,56,46,69,93,46,46,66,65,57,63,33,72,49,56,69,18,19,99,66,59,105,97,79,66,77,76,68,68,67,54,65,45,62,68,54,56,36,62,47,113,91,113,121,144,118,124,80,81,59,58,54,111,13,58,69,73,63,82,105,53,64,65,58,43,36,54,53,38,80,89,54,58,56,60,44,58,64,57,40,113,114,123,111,92,104,64,115,94,108,40,52,82,42,63,76,84,116,92,104,97,121,123,92,139,132,87,72,44,67,42,44,48,55,72,56,54,58,54,21,52,90,108,63,124,138,49,67,119,82,111,72,63,70,71,70,56,63,,49,55,31,36,44,88,67,69,68,58,89,70,89,89,81,58,101,113,100,75,,151,123,42,136,162,78,137,76,98,126,39,20,85,45,28,14,60,101,66,68,73,47,45,60,87,34,40,38,67,68,47,44,45,75,38,59,20,113,141,111,98,70,38,96,139,108,118,96,97,59,16,49,51,34,27,36,106,78,42,80,76,87,63,92,97,92,106,95,133,191,96,123,76,133,183,78,156,143,69,52,162,36,70,66,136,49,66,80,79,80,73,63,65,56,65,52,51,46,47,80,51,38,39,49,54,56,48,48,32,47,36,39,51,28,27,76,34,26,37,28,24,82,29,42,40,32,28,29,64,24,50,62,24,44,30,36,57,16,28,58,56,64,110,70,48,100,52,77,51,71,28,33,87,45,100,26,57,42,41,39,27,103,152,43,168,52,308,89,116,78,185,114,56,30,17,332,315,
20201209,1,SO2,8,13,15,14,30,17,17,18,17,18,36,25,15,51,22,40,11,16,17,7,9,8,4,15,16,5,9,10,9,7,6,12,8,7,8,6,10,7,8,6,5,7,3,6,9,4,4,7,24,13,11,7,7,10,7,7,11,13,9,13,11,6,12,11,7,6,13,17,6,18,14,30,13,8,7,8,28,17,11,23,21,26,2,29,18,20,44,30,26,13,17,35,34,14,7,36,7,8,26,40,5,9,10,7,11,10,15,23,9,19,60,20,100,34,35,17,30,20,49,15,20,11,12,12,8,6,14,13,15,12,13,15,7,12,13,10,3,15,14,24,6,5,6,20,11,4,2,3,10,6,11,40,11,12,17,21,5,68,6,5,19,19,21,19,28,17,18,,7,16,6,4,7,10,7,11,7,8,14,10,11,12,10,7,5,5,7,7,,6,11,5,16,58,67,41,22,25,12,16,4,7,21,10,15,13,72,13,29,33,25,17,25,15,8,10,7,15,12,17,9,5,4,9,11,31,15,9,12,10,11,5,12,8,7,8,9,9,7,4,17,6,7,2,22,23,27,14,13,26,23,6,25,16,13,17,17,7,6,8,8,13,8,9,9,5,2,12,9,5,7,19,29,3,4,10,11,5,6,18,10,28,11,13,10,7,8,9,16,9,7,4,6,7,32,9,7,4,5,14,6,13,9,13,4,9,6,73,7,6,52,7,4,9,17,8,4,10,6,6,12,8,9,6,10,12,12,8,13,20,16,51,7,13,4,16,6,6,8,6,6,12,7,31,8,15,14,18,18,16,36,4,11,13,9,6,39,9,10,6,13,19,3,2,9,4,
20201209,1,SO2_24h,5,10,16,12,16,17,19,24,23,12,17,15,15,37,20,44,14,17,16,8,8,9,5,16,20,8,10,12,7,9,7,7,13,7,9,6,9,7,8,5,6,6,4,6,9,4,4,5,21,16,12,8,6,11,9,10,11,8,10,12,12,4,10,12,8,5,14,11,6,15,20,30,16,9,5,6,26,25,16,25,33,57,3,18,12,25,34,30,23,13,24,19,22,17,5,27,7,10,17,28,7,10,12,8,9,10,14,24,9,19,76,19,59,37,37,19,27,30,36,17,28,14,11,13,10,7,8,12,16,12,18,13,8,14,10,10,3,11,11,16,6,6,7,27,11,5,3,4,13,9,16,31,9,8,20,13,23,40,6,5,27,14,18,19,25,14,25,,8,22,5,4,9,11,8,10,10,9,14,11,13,10,13,9,5,4,26,7,,7,13,5,12,54,43,18,24,22,21,13,5,23,25,6,10,9,69,23,27,32,15,19,22,22,9,10,12,9,12,13,10,7,9,14,6,22,14,11,14,9,11,6,13,10,10,7,10,10,7,4,9,6,8,3,12,14,26,11,14,18,22,6,29,12,13,17,19,9,9,12,9,12,10,13,8,7,3,11,9,8,6,9,15,4,5,10,10,5,6,17,10,16,10,9,11,10,9,8,10,18,8,6,4,8,6,10,7,4,4,14,7,10,9,19,4,14,6,29,12,7,27,7,4,10,12,7,6,10,7,15,13,8,9,7,7,9,11,8,10,15,19,16,37,12,8,21,7,6,8,7,15,9,14,32,9,20,18,23,26,16,16,13,8,17,16,8,17,12,10,7,19,13,2,3,9,10,
20201209,1,NO2,63,67,62,74,63,59,66,31,53,72,57,60,59,69,60,53,32,45,41,57,51,41,22,66,60,28,38,49,26,16,23,49,35,61,45,30,28,51,68,22,8,50,48,47,66,12,12,52,55,72,62,52,47,61,31,63,56,75,71,29,22,49,47,18,33,47,21,51,55,57,29,37,65,81,60,45,68,43,41,31,68,50,17,63,54,63,67,56,49,50,51,44,61,68,19,61,29,16,32,42,28,18,19,24,25,18,31,58,31,62,65,33,68,65,65,21,46,43,61,28,12,57,23,51,40,31,57,56,60,50,57,43,25,32,38,55,17,17,18,26,13,41,21,61,23,23,38,22,16,26,53,56,64,36,59,24,13,65,49,30,51,49,63,67,60,49,57,,40,32,19,23,43,41,35,33,23,27,35,41,21,63,49,17,48,56,63,55,,46,29,29,39,61,66,60,54,62,11,23,5,13,39,9,10,15,51,12,47,45,54,40,40,33,17,10,20,55,26,21,26,17,53,13,37,27,45,35,41,66,36,23,49,28,51,54,28,65,65,13,26,30,12,16,26,34,42,37,28,52,35,30,43,64,58,54,57,47,49,46,36,59,28,37,53,45,33,48,33,38,26,36,35,38,27,35,23,35,17,34,19,41,26,25,25,25,35,25,35,39,17,14,46,37,19,25,39,26,39,10,37,41,16,10,20,19,15,23,15,9,26,13,17,20,37,8,11,27,16,24,35,16,32,24,45,36,8,8,34,67,19,41,12,43,47,18,45,29,16,26,14,61,18,31,13,16,22,28,28,53,24,26,26,70,53,91,73,52,34,83,21,44,,23,74,78,
20201209,1,NO2_24h,44,56,58,53,43,47,62,31,47,57,49,53,50,61,51,55,37,37,39,36,49,42,20,43,53,35,42,43,29,23,30,29,41,62,40,39,50,50,50,25,13,51,43,42,56,16,19,39,51,52,58,50,34,41,29,49,41,47,44,26,22,29,33,19,37,42,21,34,40,49,63,60,50,70,44,44,55,48,45,33,56,47,16,50,42,48,52,50,49,39,47,39,40,38,20,43,21,23,21,27,25,17,20,24,22,24,26,38,26,51,54,39,55,61,51,34,47,48,51,26,20,50,24,45,42,31,53,47,52,43,51,43,29,38,36,35,19,18,15,19,20,33,31,48,28,28,38,29,16,25,44,46,58,39,50,16,30,46,40,29,50,49,40,47,41,34,42,,32,41,20,24,33,44,34,32,28,27,35,35,47,41,54,18,51,51,51,50,,40,44,41,35,54,53,45,47,53,38,21,8,31,42,15,8,16,42,37,45,34,32,23,34,26,19,13,21,38,24,19,23,20,42,15,27,17,49,40,48,41,32,21,48,43,56,39,34,41,49,18,21,20,18,20,24,33,36,36,29,36,38,26,41,47,50,46,45,39,43,48,38,46,34,42,42,44,34,33,31,37,24,29,28,26,29,29,23,32,21,29,18,24,20,20,22,17,19,17,21,43,20,26,30,33,25,32,29,24,29,21,32,29,14,14,19,24,19,27,12,11,27,13,18,19,20,11,12,26,19,24,26,12,23,31,25,21,8,11,29,55,26,40,29,37,32,23,34,32,19,15,23,45,29,42,14,24,32,22,22,24,40,40,22,59,26,75,26,43,22,68,38,28,11,18,72,62,
20201209,1,O3,3,6,6,3,7,7,3,28,8,5,10,3,5,5,5,12,40,15,36,36,23,44,59,9,8,44,41,31,42,50,33,20,20,11,41,43,53,26,13,52,87,7,9,6,3,61,69,3,18,7,3,5,5,25,39,34,25,15,24,48,46,29,18,103,25,4,31,8,11,9,66,58,6,16,4,7,4,36,30,21,8,11,50,10,9,7,7,11,21,13,13,21,10,4,42,9,38,55,56,32,17,48,49,64,58,34,26,4,10,9,3,44,6,6,15,43,13,15,11,42,30,14,38,9,21,14,4,7,2,7,5,19,52,30,5,2,18,57,62,26,90,10,41,7,17,34,10,35,29,38,10,6,5,21,4,33,73,6,20,36,5,31,4,11,15,6,7,,15,38,51,36,17,44,45,51,53,59,37,39,57,13,20,61,17,14,4,9,,8,24,27,41,4,4,6,6,4,73,53,60,49,34,61,69,74,10,48,21,15,16,7,6,9,52,47,24,23,28,50,29,56,26,26,32,27,33,35,31,9,15,21,36,30,26,23,32,,20,64,24,9,37,37,2,3,5,3,25,5,7,12,12,5,2,6,,4,8,15,13,4,46,29,3,16,2,3,7,10,1,13,16,26,19,31,27,31,22,35,62,37,43,61,5,28,10,34,7,5,20,28,8,6,16,23,7,3,8,27,17,18,26,36,32,8,7,27,12,44,35,69,16,22,5,42,29,10,62,22,15,44,23,33,15,18,75,43,4,6,55,68,76,5,17,53,14,45,48,29,35,16,73,60,67,62,55,16,24,51,62,55,60,7,15,8,6,20,,8,59,34,26,,4,5,
20201209,1,O3_24h,43,54,26,65,62,58,35,56,49,47,47,44,41,31,40,60,60,59,63,80,40,61,81,61,45,56,51,52,53,68,57,74,52,25,74,59,57,50,53,69,95,22,28,26,23,69,85,43,53,50,18,40,38,110,124,123,100,112,119,115,112,93,89,125,29,39,36,74,77,44,67,74,71,35,39,26,39,57,61,62,65,51,77,59,60,57,58,81,56,60,60,63,58,61,66,70,105,73,116,111,72,95,88,105,94,62,91,88,79,49,36,55,22,31,70,61,58,44,51,68,51,59,48,33,33,54,19,49,24,50,44,36,85,73,39,68,48,81,119,62,106,42,42,92,46,40,47,56,38,76,54,59,30,42,47,74,77,64,50,57,49,58,51,64,66,60,62,,63,61,56,59,70,67,67,69,64,83,54,73,57,44,30,82,46,24,101,18,,35,49,56,66,40,24,51,33,16,74,72,95,49,69,64,73,96,71,50,75,67,63,69,66,62,58,54,68,60,58,59,48,59,66,53,53,52,71,57,52,42,48,51,56,56,60,58,59,34,53,74,58,55,55,53,27,19,32,22,61,41,11,40,23,55,48,37,29,39,76,39,39,40,84,80,35,81,32,44,25,61,25,50,56,56,31,62,54,63,53,90,95,102,84,112,42,80,65,78,79,25,52,30,39,39,41,39,31,34,59,71,49,93,46,41,56,38,19,54,53,86,69,91,69,89,67,61,60,76,86,76,59,91,79,73,80,70,82,70,47,42,55,68,79,52,76,73,51,69,62,61,45,86,79,82,100,74,82,67,58,90,73,67,60,63,63,33,64,55,,40,73,57,70,46,36,29,
20201209,1,O3_8h,3,6,6,3,7,7,3,28,8,5,10,3,5,5,5,12,40,15,36,36,23,44,59,9,8,44,41,31,42,50,33,20,20,11,41,43,53,26,13,52,87,7,9,6,3,61,69,3,18,7,3,5,5,25,39,34,25,15,24,48,46,29,18,103,25,4,31,8,11,9,66,58,6,16,4,7,4,36,30,21,8,11,50,10,9,7,7,11,21,13,13,21,10,4,42,9,38,55,56,32,17,48,49,64,58,34,26,4,10,9,3,44,6,6,15,43,13,15,11,42,30,14,38,9,21,14,4,7,2,7,5,19,52,30,5,2,18,57,62,26,90,10,41,7,17,34,10,35,29,38,10,6,5,21,4,33,73,6,20,36,5,31,4,11,15,6,7,,15,38,51,36,17,44,45,51,53,59,37,39,57,13,20,61,17,14,4,9,,8,24,27,41,4,4,6,6,4,73,53,60,49,34,61,69,74,10,48,21,15,16,7,6,9,52,47,24,23,28,50,29,56,26,26,32,27,33,35,31,9,15,21,36,30,26,23,32,,20,64,24,9,37,37,2,3,5,3,25,5,7,12,12,5,2,6,,4,8,15,13,4,46,29,3,16,2,3,7,10,1,13,16,26,19,31,27,31,22,35,62,37,43,61,5,28,10,34,7,5,20,28,8,6,16,23,7,3,8,27,17,18,26,36,32,8,7,27,12,44,35,69,16,22,5,42,29,10,62,22,15,44,23,33,15,18,75,43,4,6,55,68,76,5,17,53,14,45,48,29,35,16,73,60,67,62,55,16,24,51,62,55,60,7,15,8,6,20,,8,59,34,26,,4,5,
20201209,1,O3_8h_24h,3,6,6,3,7,7,3,28,8,5,10,3,5,5,5,12,40,15,36,36,23,44,59,9,8,44,41,31,42,50,33,20,20,11,41,43,53,26,13,52,87,7,9,6,3,61,69,3,18,7,3,5,5,25,39,34,25,15,24,48,46,29,18,103,25,4,31,8,11,9,66,58,6,16,4,7,4,36,30,21,8,11,50,10,9,7,7,11,21,13,13,21,10,4,42,9,38,55,56,32,17,48,49,64,58,34,26,4,10,9,3,44,6,6,15,43,13,15,11,42,30,14,38,9,21,14,4,7,2,7,5,19,52,30,5,2,18,57,62,26,90,10,41,7,17,34,10,35,29,38,10,6,5,21,4,33,73,6,20,36,5,31,4,11,15,6,7,,15,38,51,36,17,44,45,51,53,59,37,39,57,13,20,61,17,14,4,9,,8,24,27,41,4,4,6,6,4,73,53,60,49,34,61,69,74,10,48,21,15,16,7,6,9,52,47,24,23,28,50,29,56,26,26,32,27,33,35,31,9,15,21,36,30,26,23,32,,20,64,24,9,37,37,2,3,5,3,25,5,7,12,12,5,2,6,,4,8,15,13,4,46,29,3,16,2,3,7,10,1,13,16,26,19,31,27,31,22,35,62,37,43,61,5,28,10,34,7,5,20,28,8,6,16,23,7,3,8,27,17,18,26,36,32,8,7,27,12,44,35,69,16,22,5,42,29,10,62,22,15,44,23,33,15,18,75,43,4,6,55,68,76,5,17,53,14,45,48,29,35,16,73,60,67,62,55,16,24,51,62,55,60,7,15,8,6,20,,8,59,34,26,,4,5,
20201209,1,CO,0.75,0.97,0.80,0.92,1.54,0.97,0.83,0.78,1.73,0.97,1.03,0.73,0.88,2.09,1.44,1.40,0.70,0.71,0.65,0.57,0.86,0.63,0.53,0.70,1.09,0.40,0.70,0.72,0.40,0.72,0.33,0.43,0.65,0.90,0.65,0.50,0.67,0.73,0.77,0.53,0.53,0.90,1.13,1.10,0.89,0.84,0.67,1.24,1.07,0.73,1.15,1.08,1.20,0.89,0.74,0.90,0.81,0.83,1.03,0.80,0.80,0.67,0.99,0.80,0.73,0.76,0.79,0.87,1.23,1.41,0.85,0.75,1.78,2.42,1.10,1.00,2.50,1.00,0.75,1.15,1.50,1.35,0.60,1.15,0.97,1.13,1.00,1.07,0.74,0.92,0.76,0.83,0.93,0.80,0.73,0.72,0.86,0.57,0.88,0.93,0.70,0.90,0.75,0.70,1.20,0.75,0.88,0.90,1.17,0.90,1.52,1.32,1.85,1.15,2.45,1.22,1.27,1.43,2.90,0.82,0.42,1.10,0.76,0.80,0.70,0.93,0.76,1.05,1.25,0.80,1.18,1.10,1.12,1.13,1.20,1.58,1.00,0.87,1.00,1.14,0.65,0.73,0.82,2.02,0.87,0.67,0.73,0.85,0.70,0.55,1.00,1.40,2.23,0.79,1.87,1.00,0.35,2.63,1.00,0.67,0.60,1.20,1.50,0.85,1.60,1.25,1.00,,1.05,0.50,0.55,0.70,1.45,0.75,0.80,0.70,0.40,0.50,1.05,0.67,0.70,1.25,0.80,0.55,1.20,0.80,0.80,0.80,,1.18,1.10,0.35,0.68,1.56,1.77,2.33,1.07,1.03,0.70,0.57,0.35,0.65,0.55,0.33,0.50,0.80,1.38,0.65,1.50,1.95,0.80,1.35,1.00,1.90,0.65,0.40,0.57,1.23,0.67,0.67,0.45,0.30,1.35,0.35,0.50,0.55,0.55,0.74,0.73,1.08,1.15,0.93,0.75,0.60,0.70,1.00,0.75,1.05,0.73,0.70,0.57,0.53,0.60,0.55,0.85,1.30,0.80,0.80,1.37,0.77,1.10,1.03,1.07,0.97,0.93,1.05,1.37,1.20,1.24,0.85,1.07,1.06,1.07,1.05,1.00,1.13,0.90,0.85,1.07,1.03,0.45,1.56,1.02,1.65,0.80,0.85,1.58,1.05,0.80,0.95,0.65,1.53,0.93,0.85,1.10,0.75,1.00,0.85,0.75,0.90,0.63,0.75,0.87,1.00,0.77,0.55,0.93,0.73,0.85,0.45,0.35,1.10,1.15,0.87,1.00,0.70,0.80,1.00,1.00,0.45,3.10,0.45,0.55,0.70,1.00,0.67,0.70,0.75,0.70,0.75,0.90,0.75,1.25,0.65,2.40,3.40,0.50,0.60,1.20,1.43,0.90,1.20,0.35,1.10,1.15,0.60,0.70,0.85,0.95,0.55,0.50,2.20,0.60,1.00,0.30,0.50,0.50,1.40,1.40,0.80,0.77,0.70,1.05,3.60,1.05,3.40,1.00,1.10,1.40,3.57,1.05,1.57,1.60,1.20,2.25,3.00,
20201209,1,CO_24h,0.53,0.67,1.04,0.68,0.82,0.75,0.88,0.67,1.48,0.63,0.93,0.70,1.05,1.41,1.41,1.47,0.78,0.57,0.63,0.72,0.88,0.76,0.70,0.90,1.04,0.57,0.97,0.75,0.58,0.85,0.47,0.47,0.93,1.09,0.85,0.47,0.93,0.90,0.83,0.63,0.67,0.93,1.07,1.00,1.04,0.72,0.57,0.88,0.90,0.72,0.98,0.99,1.12,0.92,0.72,0.85,0.83,0.73,0.93,0.74,0.75,0.60,0.91,0.85,0.86,0.89,0.82,0.87,1.05,1.26,1.45,2.25,1.58,2.20,1.07,0.88,1.40,1.04,1.15,1.18,1.20,1.60,0.47,0.80,0.83,0.73,0.70,1.10,0.76,0.63,0.80,0.77,0.80,0.63,0.73,0.50,0.88,0.65,0.86,0.93,0.70,0.83,0.80,0.85,1.20,0.75,0.88,0.90,1.10,0.73,1.62,1.42,1.33,1.17,1.80,1.18,1.32,1.87,1.64,0.72,0.56,0.90,0.74,0.87,0.78,0.87,0.80,0.90,1.03,0.80,1.05,1.13,0.98,1.20,1.14,1.35,0.83,0.87,1.00,1.08,0.55,0.72,0.90,1.70,0.83,0.90,0.83,0.74,0.72,1.10,1.03,1.10,1.33,0.90,1.63,0.80,0.85,1.37,0.80,0.73,0.70,1.10,0.90,0.65,0.95,0.60,0.85,,0.85,0.65,0.50,0.65,1.15,0.90,0.95,0.80,0.70,0.60,1.15,0.80,1.00,1.00,1.10,0.70,1.20,0.90,1.10,1.00,,1.05,1.13,0.30,1.06,1.22,1.27,2.03,0.90,0.93,1.53,0.40,0.40,0.90,0.75,0.37,0.55,0.55,1.14,1.18,1.23,1.50,0.57,0.90,0.90,1.60,0.60,0.45,0.63,0.67,0.67,0.53,0.55,0.45,0.90,0.30,0.45,0.50,0.68,0.82,0.73,1.10,1.15,0.83,0.78,0.93,0.73,1.05,0.75,1.10,0.93,0.63,0.57,0.50,0.60,0.55,0.78,1.10,0.77,0.73,1.30,0.70,1.40,0.95,1.13,0.90,0.70,0.85,1.20,0.90,1.22,0.82,0.87,0.80,1.07,1.20,0.83,1.25,1.00,0.60,1.00,1.20,0.45,1.12,0.82,1.55,0.75,0.78,1.35,0.90,0.75,1.13,0.70,1.17,0.83,0.85,0.90,0.70,1.00,0.85,0.75,1.07,0.60,0.92,0.90,1.07,0.85,0.55,0.90,0.67,0.90,0.60,0.55,0.93,1.10,1.00,1.00,0.85,0.95,0.85,0.90,0.55,1.85,0.55,0.55,0.75,0.85,0.77,0.70,0.65,0.70,0.65,0.90,0.55,1.05,0.70,1.05,1.80,0.50,0.65,0.80,1.00,0.75,1.00,0.80,0.70,1.00,0.50,0.75,0.70,0.90,0.45,0.60,1.85,0.70,1.80,0.20,0.40,0.80,0.70,1.10,0.60,0.77,1.20,1.00,2.55,0.80,2.75,1.00,1.00,1.10,3.57,1.40,1.13,1.50,0.80,2.30,2.20,
20201209,2,AQI,74,81,86,73,65,96,78,55,56,89,75,71,75,157,85,57,46,55,66,37,86,47,27,51,83,36,57,63,43,29,39,42,49,68,32,48,40,61,53,53,26,79,78,80,83,20,23,105,89,61,125,114,166,63,65,69,62,74,68,68,68,47,60,78,30,71,45,73,49,125,60,88,123,191,167,167,113,78,38,52,66,64,18,61,71,104,72,75,72,63,59,78,119,58,48,66,65,34,96,88,64,69,60,54,55,55,61,64,33,114,94,115,144,81,126,64,72,67,176,38,43,86,46,98,109,108,101,150,160,93,136,149,204,110,139,166,69,46,63,58,50,61,43,73,60,43,68,64,24,43,126,151,83,126,160,54,42,234,118,70,61,105,80,74,104,81,63,,66,45,42,50,59,54,47,25,41,25,80,52,64,88,96,33,98,88,74,54,,151,149,21,93,130,90,153,80,97,64,53,21,59,46,24,37,105,114,34,64,79,54,70,57,76,20,36,30,81,56,47,35,37,91,48,73,28,78,100,93,78,113,54,89,93,106,78,84,89,78,20,73,55,37,33,46,89,66,73,78,71,89,63,85,99,98,143,197,223,191,114,166,90,159,184,113,208,121,86,64,167,43,140,104,186,60,81,90,106,81,51,51,63,51,59,63,38,59,43,73,50,51,47,56,54,41,53,56,30,55,37,30,59,41,20,81,20,24,40,51,19,116,25,33,37,53,36,33,59,27,31,48,30,38,17,100,63,24,20,90,86,153,190,49,52,110,60,69,54,60,31,12,78,55,108,27,60,29,53,34,30,109,90,106,116,71,254,93,94,98,179,55,105,30,29,333,312,
20201209,2,PM2.5,54,60,64,53,38,72,57,32,36,66,55,52,55,120,63,32,29,38,48,26,64,33,14,21,61,20,39,45,30,15,27,23,30,41,17,26,21,36,31,32,9,54,57,59,61,9,11,79,66,42,95,86,126,45,47,46,42,54,47,49,49,33,41,57,19,52,23,35,25,95,43,65,93,144,127,127,85,57,19,30,48,46,11,42,48,78,51,55,48,45,41,57,90,36,31,45,47,24,72,65,46,50,43,38,39,39,44,42,20,86,66,87,110,60,96,21,46,44,133,23,14,64,28,73,82,81,76,115,122,69,104,114,154,83,106,126,50,32,45,41,30,44,30,53,43,30,49,46,17,30,96,116,61,96,122,27,23,184,89,51,36,79,39,48,78,60,45,,48,27,22,28,36,36,27,17,20,16,59,36,38,65,72,23,73,65,54,32,,116,114,14,69,99,67,117,54,44,38,37,15,42,31,17,23,79,86,24,33,58,32,51,30,37,12,18,17,60,31,33,17,25,68,30,53,13,57,75,69,57,85,38,66,69,80,57,62,66,57,8,53,39,26,23,26,66,42,53,57,52,66,45,63,74,73,109,148,173,144,86,126,67,121,139,85,158,92,64,46,127,22,107,78,140,43,60,67,80,60,26,32,45,33,42,45,21,42,30,37,35,36,33,40,34,29,36,40,21,39,26,16,42,29,14,60,14,10,28,36,13,88,17,18,26,29,25,23,36,19,22,30,21,19,9,75,45,4,11,67,64,117,143,26,28,83,43,50,38,43,22,8,44,39,81,8,42,20,33,15,11,82,67,80,73,52,204,69,60,73,135,25,79,21,20,283,262,
20201209,2,PM2.5_24h,26,33,58,33,27,42,55,26,30,37,45,36,47,68,51,47,19,29,42,43,59,51,36,17,58,52,52,51,60,48,40,22,46,52,25,24,40,36,33,40,20,49,34,38,75,14,11,78,31,29,75,83,115,41,46,43,39,43,38,40,46,33,36,51,37,39,21,30,21,85,55,83,83,155,111,111,52,49,35,41,45,64,12,27,35,39,39,45,55,25,35,45,33,25,23,29,41,26,61,57,47,46,47,44,34,44,47,42,23,62,52,86,72,45,67,31,68,50,85,26,20,56,19,73,71,85,77,57,81,58,84,116,87,99,108,125,49,35,51,31,28,36,46,45,48,43,41,41,15,31,76,87,45,102,93,31,40,97,68,58,36,27,41,31,43,35,37,,31,28,14,18,24,51,46,46,44,40,72,49,42,62,68,36,59,75,65,48,,109,110,23,102,78,41,104,32,37,79,26,16,48,33,16,10,49,70,38,42,54,27,30,30,34,18,21,31,40,32,30,26,28,53,20,41,8,73,103,63,67,82,29,64,99,75,84,58,88,80,11,48,44,25,22,21,79,44,60,52,44,66,44,58,55,55,76,90,106,145,69,89,53,102,182,63,168,105,42,45,136,22,64,61,125,46,51,58,55,56,43,38,35,38,49,32,31,31,31,37,36,25,35,36,31,45,37,36,24,32,24,14,33,21,24,58,24,18,31,21,14,47,17,21,24,21,21,19,31,16,23,28,21,18,12,21,43,7,15,46,42,63,101,49,28,79,35,51,35,59,20,16,32,24,83,13,32,22,22,14,9,86,128,45,70,30,220,52,49,58,121,47,52,23,13,271,230,
20201209,2,PM10,86,75,113,93,80,118,91,60,61,116,84,91,96,184,94,63,46,60,58,24,101,42,27,51,96,36,63,66,36,29,31,42,49,85,32,48,40,71,56,55,15,108,61,95,73,9,7,102,113,71,141,103,87,73,77,87,74,66,85,69,59,47,70,78,30,76,45,96,49,125,61,82,137,130,150,143,129,73,38,53,63,77,5,72,91,137,94,91,94,75,68,89,129,66,48,82,62,13,94,104,51,58,49,48,53,55,61,77,33,150,137,114,172,110,134,78,93,84,179,38,43,87,46,75,94,80,117,140,147,122,150,117,167,117,140,108,77,37,59,57,50,60,37,81,47,40,58,49,24,41,115,162,80,115,171,58,42,227,105,81,72,129,110,98,137,89,75,,67,45,42,50,67,57,47,25,41,25,69,53,78,93,88,31,124,106,92,57,,158,122,21,110,192,120,162,109,143,77,46,18,61,46,22,37,88,143,34,77,98,58,75,63,101,20,36,30,102,62,44,35,37,78,48,73,28,82,104,116,93,110,55,97,104,109,98,90,79,62,8,63,42,24,22,46,92,82,37,76,81,96,67,83,112,117,135,165,211,185,118,178,103,159,125,98,128,131,94,48,142,43,140,99,163,51,82,91,106,82,51,52,73,52,55,61,38,63,43,95,50,43,36,53,58,37,55,46,24,49,30,30,64,38,18,82,20,24,35,36,14,65,25,33,35,55,28,32,68,21,31,48,30,38,17,97,71,8,20,82,83,117,159,49,53,107,60,84,53,58,28,12,106,41,88,27,69,23,56,34,30,107,76,96,181,89,303,130,137,82,195,60,101,2,28,375,375,
20201209,2,PM10_24h,47,53,103,60,55,82,101,50,66,67,80,66,81,115,82,83,36,45,55,46,92,62,42,40,96,73,86,73,84,68,54,45,67,94,45,46,64,65,57,63,32,75,49,58,69,18,17,101,68,61,108,98,81,66,77,77,68,68,67,55,65,45,62,68,52,57,37,62,48,114,91,112,121,142,121,126,82,82,57,59,56,112,12,59,70,71,64,83,104,54,64,67,62,44,38,56,53,36,80,89,55,59,55,59,43,58,64,59,40,116,116,125,115,92,107,66,114,94,110,41,52,84,42,63,75,85,115,94,107,97,121,125,96,139,135,88,72,43,66,43,44,49,54,72,56,54,59,54,21,52,89,109,64,123,141,50,66,124,83,110,71,66,74,73,74,58,64,,51,55,32,37,46,85,64,64,65,54,86,68,89,87,81,55,104,115,101,76,,149,125,40,133,163,81,140,77,101,125,40,20,85,45,28,15,62,102,64,69,74,47,47,61,88,33,40,38,70,68,47,43,45,77,39,60,20,107,136,111,97,71,40,92,136,106,117,96,97,59,15,50,51,33,26,37,105,78,42,80,75,85,63,91,97,93,105,99,137,190,98,125,77,137,180,78,156,144,69,52,161,36,74,68,139,48,66,81,81,81,72,62,65,55,65,53,49,47,46,82,52,38,39,50,54,56,49,48,32,48,36,39,52,29,27,76,34,25,38,28,24,84,29,42,40,32,28,29,63,24,49,62,25,44,30,40,58,16,28,59,56,67,114,69,48,101,53,78,50,71,28,32,86,44,100,26,57,41,42,40,27,102,148,45,169,55,311,89,118,79,184,112,59,29,17,334,321,
20201209,2,SO2,6,13,16,14,29,17,17,16,16,20,42,26,14,41,20,35,12,18,17,6,9,8,4,12,16,5,9,10,8,9,6,13,7,7,8,6,9,7,6,5,5,7,3,5,10,4,3,7,26,13,10,7,7,9,7,8,11,13,10,12,11,7,12,12,6,7,12,16,6,19,15,30,11,8,7,7,45,18,10,22,17,22,2,64,21,24,41,26,28,15,16,32,33,13,8,46,7,8,24,57,5,9,11,8,11,9,21,19,8,18,52,20,106,34,27,16,23,21,48,15,34,10,10,13,8,7,8,12,15,10,14,14,7,12,14,9,3,13,14,30,6,5,6,19,11,4,2,3,8,6,11,36,11,9,17,8,6,90,6,5,18,20,17,19,26,17,17,,7,16,7,5,7,10,6,9,7,7,14,11,12,11,10,6,5,5,7,7,,6,11,4,17,38,58,28,18,28,11,20,4,5,21,11,15,11,74,13,23,33,24,22,26,16,8,11,11,14,12,13,11,6,4,9,39,27,14,9,9,12,11,7,15,8,6,7,9,7,6,4,18,7,8,3,26,19,33,11,13,22,22,5,11,17,13,17,14,7,7,7,7,13,8,9,11,11,2,14,9,5,7,18,25,3,4,12,7,4,5,16,10,21,11,13,11,6,8,10,9,8,8,4,5,7,11,9,7,4,5,12,7,12,6,14,4,7,6,61,8,5,22,8,4,11,30,7,5,10,7,6,12,7,9,6,6,8,9,8,10,19,20,14,6,12,5,16,7,5,8,6,6,8,10,28,8,13,15,16,15,16,28,4,11,12,11,5,54,10,10,6,13,23,1,2,7,4,
20201209,2,SO2_24h,5,11,16,12,17,17,19,24,23,13,19,15,15,38,20,44,13,17,16,8,8,8,5,16,20,8,10,12,7,9,7,7,12,7,9,6,9,7,8,5,6,6,4,6,9,4,4,6,21,16,12,8,6,11,9,9,11,8,10,12,12,5,11,12,8,5,14,11,6,15,20,30,16,9,6,6,27,26,16,25,32,57,3,20,12,28,34,30,23,13,24,20,23,17,6,28,7,10,18,29,7,10,12,8,9,10,15,24,9,19,76,18,63,37,38,19,27,30,37,17,28,14,11,13,9,7,8,13,16,11,17,13,8,14,10,10,3,10,11,17,6,6,7,27,11,5,3,4,13,9,16,32,9,8,20,13,23,44,6,5,27,14,18,19,26,15,25,,8,23,6,4,9,11,7,10,10,9,14,11,13,10,13,9,5,4,26,7,,7,13,5,13,53,45,19,23,23,20,13,5,23,24,7,11,9,69,23,27,32,15,19,22,22,10,10,12,9,12,13,10,7,9,14,7,23,14,10,14,9,11,6,13,9,10,7,10,9,7,4,9,6,8,3,13,15,26,11,14,19,24,6,27,12,13,17,18,9,9,12,9,12,10,12,9,8,3,11,9,8,6,10,16,4,5,10,10,5,6,17,10,16,10,9,11,9,9,8,10,18,8,5,4,8,7,10,7,4,4,14,7,10,9,19,4,14,6,30,12,7,28,7,4,10,12,7,6,10,7,15,13,8,9,7,7,9,11,8,10,15,19,16,36,13,8,21,7,6,8,7,15,9,14,33,8,20,18,24,26,16,17,13,8,17,16,8,19,12,10,7,18,14,2,3,9,10,
20201209,2,NO2,59,68,63,72,63,57,65,29,51,71,64,61,57,69,58,44,32,44,43,43,44,34,21,52,60,28,34,46,23,16,25,49,32,60,44,23,32,51,60,20,9,59,45,47,65,10,9,50,52,70,60,50,46,58,27,63,47,48,70,31,22,53,47,16,34,45,23,47,47,54,26,38,46,76,58,42,68,33,34,28,63,49,13,61,55,62,65,54,54,49,53,44,58,67,19,63,29,17,27,43,27,16,18,21,23,15,35,52,29,59,62,37,67,62,60,19,43,43,55,27,14,52,21,52,41,32,59,58,59,52,57,45,24,39,37,53,15,16,18,27,14,39,21,58,21,22,37,18,16,24,53,55,60,35,58,14,10,63,42,31,49,53,64,67,61,49,58,,45,30,18,31,41,43,35,28,26,28,34,41,24,57,41,21,44,58,57,58,,46,23,27,40,49,60,57,47,65,10,23,5,9,47,10,10,13,50,13,40,45,37,36,37,33,14,10,20,58,25,17,24,17,54,13,43,25,45,32,39,65,35,25,47,29,49,52,29,64,62,12,25,33,16,14,25,32,43,36,27,50,35,30,44,63,55,54,55,44,48,45,43,57,24,36,48,37,31,48,33,33,24,39,34,47,28,35,17,31,12,26,18,26,27,26,24,29,33,26,26,41,16,15,44,35,20,21,35,25,42,10,28,37,13,10,17,17,11,21,19,8,38,14,19,20,34,5,14,25,14,24,31,14,22,24,37,22,5,8,35,63,21,42,12,34,34,21,46,26,16,29,12,47,27,29,7,12,21,23,27,45,21,22,24,58,52,86,74,58,25,76,22,53,8,20,75,80,
20201209,2,NO2_24h,45,57,58,53,43,46,62,31,48,58,49,53,50,62,51,54,37,38,39,35,49,41,20,43,54,35,41,43,29,22,30,30,40,63,40,38,50,50,53,25,13,51,43,42,57,16,19,40,51,53,58,51,35,42,30,50,41,48,46,27,22,31,33,18,36,42,21,34,40,49,62,59,50,70,45,44,56,49,44,33,56,47,16,51,43,50,52,50,49,40,47,39,41,39,21,44,22,22,21,28,25,17,20,23,22,24,26,39,26,51,55,39,55,61,53,33,47,48,52,27,20,51,24,45,41,32,54,48,53,43,52,42,29,39,37,36,18,18,15,19,20,33,30,49,28,28,38,29,16,24,44,46,59,39,50,16,29,47,40,29,49,49,42,49,43,35,43,,33,42,20,25,34,43,33,31,28,26,35,35,46,41,54,18,51,52,51,51,,41,43,40,34,54,54,46,47,54,36,22,7,30,43,15,9,16,42,36,44,35,32,24,34,26,19,14,22,40,24,19,23,20,43,16,28,18,48,39,47,42,32,22,48,41,54,40,33,42,51,17,22,20,18,20,24,33,37,36,29,37,39,26,41,47,51,46,46,39,44,48,38,47,34,41,43,44,34,34,30,37,24,30,29,27,29,29,24,32,21,29,18,24,20,21,22,18,19,17,22,42,21,26,30,33,28,31,29,24,30,20,33,30,13,14,19,24,19,27,12,11,28,14,18,19,20,11,13,26,19,24,26,12,23,31,25,21,8,11,29,55,26,40,29,37,33,22,36,31,18,15,23,45,28,41,13,24,32,22,23,26,39,39,22,59,28,75,28,43,23,69,36,29,10,19,72,63,
20201209,2,O3,4,5,5,4,7,6,3,31,8,5,5,2,5,4,5,19,39,14,33,48,27,49,59,19,5,42,43,31,45,49,30,18,22,7,41,51,49,24,21,56,83,3,11,9,3,64,72,3,22,9,3,5,4,27,40,29,30,29,21,42,44,30,15,103,23,5,26,8,16,11,71,56,17,19,4,7,4,46,36,24,7,12,58,9,7,8,7,11,17,12,11,19,14,3,40,5,27,50,57,26,17,47,47,67,60,34,20,3,10,9,3,39,6,5,16,44,16,15,9,42,27,17,38,7,18,12,5,5,3,4,5,17,51,17,5,2,19,59,60,25,85,8,40,6,17,34,12,34,28,38,8,6,4,20,4,40,77,7,27,32,4,29,3,9,13,5,8,,9,40,48,25,16,40,44,57,49,56,36,37,53,15,25,55,20,13,7,7,,7,27,28,36,14,3,6,6,4,74,50,60,57,28,61,75,76,8,46,26,14,24,8,7,7,55,47,22,18,30,53,26,55,24,26,25,27,36,36,31,16,14,24,35,26,25,22,29,,20,65,24,7,33,39,2,4,4,3,24,6,7,10,8,4,2,5,,3,7,13,5,4,48,26,4,17,3,4,8,12,1,10,16,12,18,32,33,36,37,35,60,50,37,54,6,18,11,30,30,5,19,32,5,7,16,24,8,2,8,27,25,18,27,34,34,11,9,29,8,41,11,65,14,19,4,45,21,9,64,18,10,42,27,31,14,21,78,41,4,5,55,47,76,10,27,39,14,50,49,24,37,20,52,57,73,67,57,9,21,44,64,55,62,16,15,8,6,11,,8,56,25,24,,4,5,
20201209,2,O3_24h,42,53,26,65,62,58,35,56,49,47,47,44,41,31,40,60,60,59,63,80,40,61,81,61,45,56,51,52,53,68,57,74,52,25,74,59,58,50,52,63,95,22,28,26,23,69,85,43,53,49,18,39,38,110,124,123,100,112,119,115,112,93,89,125,30,39,36,74,77,44,71,74,71,35,39,26,39,60,61,62,65,51,77,59,60,55,58,81,56,60,60,63,58,61,66,70,105,73,118,111,72,95,88,105,94,62,91,88,79,49,36,55,22,31,70,61,58,44,51,68,51,59,48,33,33,54,19,49,24,50,44,36,85,73,37,68,48,81,119,62,106,42,43,92,46,40,47,56,38,76,54,59,30,42,47,74,78,64,50,57,49,58,51,64,66,60,62,,63,61,56,59,70,67,67,69,64,83,54,73,57,44,30,82,46,22,101,18,,35,49,56,66,40,24,51,33,16,75,72,95,57,69,63,75,96,71,50,75,67,63,69,66,62,58,54,68,59,58,59,48,59,66,53,53,50,71,57,52,42,48,49,56,56,60,58,59,34,53,73,49,52,55,53,26,19,32,22,61,41,12,40,23,55,48,37,29,39,76,39,39,40,84,80,34,81,32,44,25,61,25,48,56,56,31,62,53,63,53,90,95,102,84,112,42,80,65,78,79,25,52,34,39,39,40,39,31,34,59,71,49,93,46,41,51,38,19,53,53,86,69,91,69,89,67,61,60,76,86,76,59,91,79,73,80,70,82,70,47,42,56,68,79,52,76,73,46,69,62,60,45,86,79,82,100,74,82,67,58,90,73,67,62,63,63,33,64,55,,38,73,57,70,46,36,29,
20201209,2,O3_8h,4,6,5,4,7,7,3,30,8,5,7,2,5,5,5,15,39,14,35,42,25,46,59,14,7,43,42,31,44,49,32,19,21,9,41,47,51,25,17,54,85,5,10,8,3,63,71,3,20,8,3,5,5,26,39,31,27,22,23,45,45,30,17,103,24,4,28,8,14,10,69,57,12,19,3,7,4,41,33,22,8,12,53,9,8,6,7,11,19,13,12,20,12,4,41,7,33,53,56,29,17,47,48,65,59,34,23,3,10,9,3,41,6,6,16,43,14,15,10,42,28,16,38,8,20,13,5,6,2,5,5,18,52,23,5,2,19,58,61,26,87,9,41,6,17,34,11,34,28,38,9,6,5,21,4,36,75,6,23,34,5,30,4,10,14,5,7,,12,39,49,31,16,42,44,54,51,58,37,38,55,14,22,58,18,14,5,8,,7,25,27,39,9,4,6,6,4,74,51,60,53,31,61,72,75,9,47,24,14,20,8,6,8,53,47,23,21,29,51,28,56,25,26,29,27,35,36,31,13,14,23,36,28,25,23,31,,20,65,24,8,35,38,2,3,4,3,24,6,7,11,10,5,2,5,,4,8,14,9,4,47,28,4,17,2,3,7,11,1,11,16,19,18,32,30,34,30,35,61,44,40,57,6,23,10,32,19,5,20,30,6,7,16,23,7,2,8,27,21,18,27,35,33,9,8,28,10,42,23,67,15,20,4,43,25,10,63,20,16,43,25,32,14,19,77,42,4,5,55,57,76,8,22,46,14,47,48,27,36,18,62,58,70,64,56,12,22,48,62,55,61,11,15,8,6,16,,7,58,30,25,,4,5,
20201209,2,O3_8h_24h,4,6,6,3,7,7,3,30,8,5,10,3,5,5,5,16,40,15,37,42,26,46,60,14,8,45,43,32,44,51,33,20,21,11,43,47,54,28,17,54,87,7,10,8,3,63,71,3,20,8,3,5,5,27,40,34,29,22,24,48,46,30,18,104,26,4,31,8,14,10,69,58,12,16,3,7,4,42,33,23,8,12,53,10,9,6,7,12,21,14,13,21,12,4,42,9,38,55,57,32,17,48,49,65,59,34,26,4,10,9,3,45,6,6,17,44,15,15,11,44,30,16,38,9,21,14,5,7,2,7,5,19,53,30,5,2,19,58,62,27,90,10,42,7,18,34,12,35,29,38,10,6,5,22,4,36,75,6,23,36,5,31,4,11,15,6,7,,15,40,51,36,17,44,45,54,53,59,37,39,57,15,22,61,18,14,5,9,,8,25,27,43,10,4,6,6,4,74,53,60,53,34,62,72,75,10,48,24,15,20,8,6,9,53,48,24,24,30,51,30,56,26,26,32,27,36,36,31,11,15,23,37,30,26,23,32,,21,65,24,10,37,38,2,3,5,3,25,6,8,12,12,5,2,6,,4,9,15,13,4,47,29,4,18,2,3,8,11,1,13,17,26,20,32,30,34,30,36,62,44,43,61,6,28,10,34,19,5,20,30,8,7,16,24,8,3,9,27,21,18,27,36,33,9,8,28,12,44,35,69,16,22,5,43,29,10,64,25,16,44,25,33,16,19,77,43,4,6,56,68,76,8,22,53,15,49,48,29,36,18,73,60,70,64,56,16,24,51,62,55,61,11,15,8,6,20,,7,59,34,26,,4,5,
20201209,2,CO,0.75,0.94,1.01,0.97,1.72,1.08,0.80,0.78,1.65,0.95,1.13,0.80,1.00,2.10,1.32,1.21,0.70,0.72,0.66,0.48,0.89,0.56,0.53,0.65,1.04,0.33,0.66,0.72,0.33,0.68,0.33,0.43,0.63,0.93,0.67,0.47,0.67,0.73,0.70,0.53,0.53,0.90,1.10,1.10,0.89,0.82,0.67,1.26,1.09,0.70,1.11,1.09,1.20,0.87,0.72,0.88,0.78,0.80,1.03,0.78,0.80,0.63,1.00,0.80,0.72,0.73,0.79,0.87,1.20,1.35,0.73,0.80,1.74,2.20,1.07,0.95,2.95,1.00,0.68,1.05,1.33,1.25,0.53,1.07,0.93,1.00,1.10,1.20,0.82,0.93,0.78,0.83,0.97,0.77,0.73,0.95,0.90,0.57,0.83,1.03,0.70,0.87,0.80,0.65,1.15,0.70,0.90,0.90,1.13,0.90,1.40,1.40,1.83,1.23,2.13,1.10,1.07,1.40,2.62,0.77,0.42,1.08,0.76,0.83,0.73,0.93,0.83,1.13,1.30,0.87,1.20,1.03,1.10,1.20,1.18,1.55,1.00,0.87,1.00,1.10,0.65,0.70,0.82,1.78,0.80,0.67,0.70,0.77,0.70,0.55,1.03,1.45,2.27,0.79,1.83,0.80,0.35,2.67,0.82,0.70,0.65,1.20,1.30,0.95,1.25,1.30,0.90,,1.00,0.60,0.60,0.80,1.45,0.75,0.70,0.60,0.35,0.40,1.05,0.67,0.75,1.20,0.80,0.55,1.20,0.70,0.70,0.80,,1.13,1.07,0.35,0.78,1.24,1.98,2.20,1.03,1.13,0.63,0.57,0.35,0.55,0.55,0.33,0.55,0.75,1.40,0.73,1.35,1.90,0.80,1.25,1.05,1.90,0.55,0.45,0.57,1.17,0.63,0.57,0.45,0.30,1.30,0.35,0.55,0.50,0.52,0.74,0.73,1.22,1.13,0.93,0.70,0.60,0.73,1.00,0.75,1.05,0.73,0.70,0.57,0.53,0.60,0.50,0.90,1.27,0.77,0.80,1.37,0.82,0.95,1.03,1.03,0.97,0.93,1.02,1.40,1.23,1.26,0.88,1.00,1.04,1.03,1.05,0.97,1.10,0.90,1.00,1.07,1.00,0.40,1.42,1.02,1.68,0.82,0.85,1.50,1.02,0.75,0.95,0.70,1.07,0.93,0.95,1.10,0.75,1.00,0.85,0.70,0.90,0.63,0.75,0.90,1.00,0.73,0.53,0.93,0.80,0.82,0.50,0.25,0.98,1.08,0.87,1.00,0.60,0.80,0.95,1.00,0.45,1.20,0.45,0.50,0.65,0.95,0.63,0.70,0.60,0.65,0.70,0.85,0.55,0.95,0.60,2.05,1.80,0.40,0.55,1.20,1.30,0.90,1.05,0.35,0.85,0.95,0.70,0.70,0.75,0.95,0.50,0.50,1.55,0.70,1.00,0.30,0.40,0.60,0.80,1.30,0.80,0.67,0.55,1.05,3.50,1.05,3.30,1.10,1.15,1.20,2.45,1.15,1.90,1.70,1.20,2.20,3.10,
20201209,2,CO_24h,0.55,0.69,1.03,0.68,0.90,0.77,0.88,0.72,1.48,0.65,0.93,0.70,1.05,1.48,1.41,1.49,0.78,0.57,0.64,0.66,0.88,0.76,0.63,0.88,1.04,0.57,0.95,0.75,0.53,0.82,0.47,0.45,0.93,1.09,0.85,0.47,0.93,0.87,0.90,0.63,0.67,0.93,1.10,1.00,1.04,0.72,0.57,0.90,0.92,0.72,0.98,1.00,1.14,0.93,0.74,0.85,0.83,0.77,0.97,0.74,0.75,0.60,0.91,0.85,0.86,0.87,0.82,0.87,1.03,1.28,1.40,2.20,1.58,2.20,1.08,0.90,1.45,1.06,1.15,1.15,1.23,1.60,0.47,0.82,0.83,0.70,0.73,1.12,0.76,0.67,0.80,0.77,0.80,0.63,0.73,0.50,0.88,0.65,0.85,0.93,0.70,0.83,0.80,0.85,1.20,0.75,0.88,0.95,1.07,0.80,1.62,1.42,1.37,1.20,1.77,1.17,1.32,1.83,1.66,0.72,0.56,0.94,0.74,0.87,0.78,0.89,0.82,0.93,1.07,0.80,1.08,1.13,1.00,1.20,1.14,1.35,0.87,0.87,1.00,1.08,0.55,0.72,0.90,1.68,0.83,0.90,0.83,0.78,0.72,1.00,1.03,1.10,1.37,0.89,1.70,0.80,0.85,1.50,0.82,0.73,0.70,1.20,0.90,0.65,0.95,0.65,0.85,,0.90,0.65,0.55,0.70,1.15,0.85,0.90,0.77,0.70,0.60,1.15,0.77,1.00,1.00,1.10,0.70,1.20,0.90,1.10,1.00,,1.02,1.13,0.30,1.02,1.22,1.35,2.07,0.90,0.93,1.47,0.43,0.40,0.90,0.75,0.37,0.55,0.60,1.14,1.18,1.23,1.55,0.57,0.95,0.90,1.60,0.65,0.50,0.63,0.73,0.67,0.53,0.55,0.43,0.90,0.30,0.45,0.50,0.68,0.82,0.73,1.12,1.15,0.87,0.75,0.90,0.73,1.05,0.75,1.10,0.90,0.63,0.57,0.53,0.60,0.55,0.78,1.13,0.77,0.73,1.30,0.70,1.30,0.95,1.10,0.93,0.72,0.85,1.20,0.93,1.22,0.82,0.90,0.80,1.10,1.20,0.83,1.25,1.00,0.65,1.00,1.20,0.45,1.14,0.88,1.57,0.75,0.78,1.35,0.92,0.75,1.13,0.70,1.13,0.83,0.85,0.90,0.70,1.00,0.85,0.75,1.07,0.60,0.90,0.90,1.03,0.83,0.55,0.90,0.67,0.90,0.65,0.55,0.93,1.10,1.00,1.00,0.85,0.95,0.85,0.90,0.55,1.90,0.55,0.55,0.75,0.85,0.73,0.70,0.65,0.70,0.65,0.90,0.55,1.10,0.70,1.10,1.80,0.45,0.65,0.83,1.00,0.75,1.00,0.80,0.75,1.00,0.50,0.75,0.70,0.90,0.45,0.60,1.85,0.70,1.70,0.20,0.40,0.80,0.70,1.10,0.60,0.77,1.15,1.00,2.55,0.80,2.80,1.00,1.00,1.10,3.45,1.35,1.17,1.50,0.80,2.35,2.30,
20201209,3,AQI,68,84,111,74,65,105,79,52,55,90,80,76,73,148,83,53,46,53,59,23,78,37,27,42,76,32,53,60,34,31,41,38,40,68,35,50,39,56,51,51,24,76,75,85,84,20,23,103,100,58,124,116,167,65,66,71,58,71,68,64,66,47,61,85,30,71,40,70,44,131,56,86,111,183,170,164,129,88,34,51,44,58,19,61,78,105,78,80,73,63,59,74,105,54,49,75,59,39,89,86,61,65,59,53,51,55,71,65,34,113,99,120,149,84,110,62,61,63,171,39,41,68,44,99,103,109,101,148,166,95,145,146,205,119,134,164,69,46,68,54,43,60,63,69,51,47,64,55,20,40,138,145,76,126,156,50,42,207,113,69,58,121,77,69,85,76,66,,69,43,40,52,55,55,35,26,32,24,76,39,60,78,89,31,88,81,68,53,,143,135,20,93,93,98,159,80,106,55,51,26,46,55,23,30,93,115,33,56,75,53,66,53,70,23,35,27,83,57,43,34,36,90,49,70,26,75,109,91,78,113,52,88,95,108,76,80,85,79,21,68,53,33,29,44,100,67,70,75,73,86,60,85,113,99,143,196,216,186,110,167,90,161,186,60,217,123,89,65,163,43,134,109,184,60,84,86,105,73,51,44,59,54,60,52,37,63,43,55,54,44,46,59,54,43,51,55,27,53,31,22,52,36,16,90,13,20,30,41,21,41,31,32,33,48,30,37,52,24,31,37,29,29,16,61,39,23,14,89,93,164,193,40,56,86,69,68,44,58,34,13,68,50,100,23,63,22,47,30,32,99,70,105,103,73,234,96,93,100,163,55,105,26,37,333,349,
20201209,3,PM2.5,48,62,84,54,40,79,58,29,36,67,59,56,53,113,61,28,31,33,42,16,57,26,14,20,56,19,35,43,24,18,29,26,28,41,19,28,21,35,30,30,9,49,55,63,62,13,9,77,75,34,94,88,127,47,48,49,41,52,49,46,48,32,42,63,17,52,23,35,30,100,40,64,84,138,129,125,98,65,16,31,30,41,8,42,57,79,57,59,44,43,39,54,79,35,34,55,42,27,66,64,44,47,42,37,36,39,52,40,20,85,65,91,114,62,83,19,33,40,130,23,14,49,28,74,77,82,76,113,126,71,111,112,155,90,102,125,50,32,49,38,30,43,45,50,36,33,46,39,13,25,105,111,56,96,119,21,26,157,85,50,40,92,34,39,63,56,48,,50,24,20,32,34,34,22,17,18,15,56,25,33,57,66,20,65,60,49,32,,109,103,14,69,65,73,121,50,53,35,36,18,27,39,12,19,69,87,23,29,55,31,48,33,33,9,20,16,61,28,30,21,25,67,29,51,10,55,82,68,57,85,35,65,71,81,56,59,63,58,9,49,37,23,20,24,75,44,51,55,53,64,43,63,85,74,109,147,166,140,83,127,67,123,140,41,167,93,66,47,124,19,102,82,139,43,62,64,79,53,28,29,42,38,42,36,21,45,30,37,38,31,32,42,38,30,36,39,19,37,22,6,36,24,11,67,9,13,21,29,15,26,19,21,23,24,21,26,27,17,17,24,15,13,8,44,21,4,8,66,69,125,145,26,35,64,50,48,31,41,24,7,32,35,75,7,45,13,33,12,14,74,51,79,66,46,184,72,62,75,124,28,79,18,26,283,299,
20201209,3,PM2.5_24h,27,35,59,34,27,44,55,27,31,39,46,37,47,72,52,46,20,29,43,40,58,48,34,17,58,50,49,50,58,45,39,22,45,52,24,25,39,35,32,40,19,49,36,39,74,13,11,79,33,29,76,84,117,41,47,43,39,44,38,41,46,33,36,51,36,40,22,30,21,86,55,83,82,153,114,113,55,51,34,42,45,64,12,27,36,41,40,46,55,26,35,46,36,26,24,31,41,25,61,57,48,46,47,43,33,44,48,42,22,64,54,88,75,46,69,31,67,49,87,27,20,57,20,72,69,85,76,59,84,59,85,118,91,100,110,125,50,34,51,31,27,37,46,46,48,43,42,42,15,31,76,88,46,101,94,31,39,101,70,58,36,31,41,32,45,37,38,,32,29,15,18,25,48,42,43,41,37,71,47,41,60,67,34,61,76,65,48,,107,112,22,99,79,43,106,34,38,78,27,16,48,33,15,11,51,71,37,42,56,27,32,31,34,17,22,31,42,32,30,25,28,54,20,42,8,69,98,63,66,82,30,62,97,73,83,59,87,79,11,48,44,24,22,21,78,44,60,52,44,65,44,58,56,56,78,94,110,144,71,91,54,105,178,62,169,105,43,45,135,22,67,62,128,45,51,58,56,57,43,37,35,37,48,32,29,31,30,37,36,26,34,36,31,45,37,37,23,32,25,14,33,21,24,59,24,17,31,22,15,48,17,20,24,21,21,20,30,16,23,28,21,18,12,22,43,7,15,47,43,67,104,49,28,79,36,52,34,58,20,16,32,24,83,12,32,22,22,14,10,85,125,48,69,31,220,52,50,60,123,45,53,24,14,272,235,
20201209,3,PM10,86,78,140,88,79,130,97,54,59,105,97,89,91,176,94,55,46,55,52,20,87,35,27,42,86,32,55,63,33,31,33,38,37,85,35,50,39,62,52,52,15,102,62,104,73,13,8,99,125,65,137,102,89,74,77,91,63,71,78,67,58,47,72,86,30,75,40,89,44,129,56,78,124,136,137,139,131,83,34,52,44,66,3,72,102,123,98,98,95,75,68,87,132,57,46,85,59,15,87,99,42,52,48,46,50,47,60,80,34,147,148,117,176,114,120,74,72,76,177,39,41,65,44,72,86,83,118,138,152,123,166,112,167,124,136,100,76,36,53,55,43,56,52,77,39,40,55,49,20,40,114,160,74,109,168,50,42,223,114,77,65,147,103,88,105,93,79,,68,43,40,53,60,60,35,26,32,24,65,39,69,84,90,31,117,99,82,56,,160,100,17,109,135,131,157,109,162,60,50,18,46,46,23,30,86,136,32,62,92,55,67,55,90,23,35,27,99,63,38,34,35,88,49,70,26,78,103,114,91,100,53,99,103,106,93,89,77,58,10,56,43,27,21,44,102,84,35,86,83,89,68,86,134,119,131,147,201,181,106,181,103,159,121,69,138,136,94,46,145,43,126,90,162,52,92,87,104,75,51,44,59,54,69,54,37,59,41,60,55,41,31,56,55,37,47,46,22,50,30,22,54,36,14,85,12,20,29,40,13,41,31,32,32,48,23,36,54,21,31,37,29,29,16,59,39,9,14,83,98,114,145,40,61,80,64,85,40,51,33,13,86,46,73,23,64,21,38,30,32,96,68,90,155,96,228,129,135,90,172,59,98,22,16,385,401,
20201209,3,PM10_24h,50,55,104,61,56,85,100,51,67,71,81,67,82,120,84,81,36,46,56,44,91,59,41,40,96,71,82,71,82,65,52,44,64,95,44,46,63,64,56,64,31,78,50,60,69,17,15,103,71,60,109,99,83,67,77,78,68,69,68,56,65,44,63,69,50,57,38,63,48,115,91,112,119,142,124,128,84,84,56,59,57,112,12,60,71,74,64,84,104,56,64,69,65,45,39,57,54,35,81,90,54,59,55,59,43,59,64,60,40,120,119,126,119,93,109,67,113,94,113,41,53,84,42,63,74,85,114,97,110,98,123,125,100,139,138,89,72,42,65,44,43,50,54,72,55,53,59,54,21,52,90,110,65,122,143,50,66,131,85,109,71,70,76,75,77,61,66,,52,56,33,38,47,82,60,61,62,51,84,65,88,85,86,53,107,117,101,77,,147,126,37,130,162,84,142,80,104,122,40,20,85,46,29,16,64,104,62,69,75,48,49,61,88,34,41,38,73,68,47,42,45,80,40,61,21,101,131,110,98,72,41,90,134,103,117,96,96,60,15,51,51,33,25,38,104,78,43,80,74,84,64,89,98,94,105,102,141,188,99,128,78,140,176,78,156,145,70,51,160,37,77,70,143,47,67,82,84,82,71,61,64,54,65,53,47,49,45,81,53,39,39,51,55,57,50,49,31,48,36,39,53,30,27,76,35,25,38,29,24,85,30,42,40,32,29,30,63,24,49,61,25,45,30,41,57,16,28,61,56,70,117,68,49,101,54,80,48,70,28,32,85,44,100,26,58,41,42,40,28,101,145,48,169,57,303,90,119,81,186,109,61,30,17,336,328,
20201209,3,SO2,7,14,18,14,23,18,17,18,15,21,49,25,12,38,20,35,13,19,17,6,9,7,4,11,16,6,9,11,7,8,6,12,7,7,8,6,8,8,6,6,5,8,3,6,9,4,3,7,26,13,10,7,7,9,7,9,11,13,10,12,12,7,13,11,6,7,10,15,6,17,12,26,11,8,7,8,39,17,12,22,17,18,2,45,23,27,41,24,22,14,16,33,32,15,8,38,8,8,25,45,6,9,11,8,10,9,18,20,8,16,59,23,91,41,25,14,21,21,73,16,69,9,8,12,8,7,8,12,12,12,19,15,8,8,13,8,3,11,14,31,6,6,8,16,12,3,2,2,8,6,11,38,9,8,16,6,9,58,6,5,18,18,17,19,21,16,19,,6,18,7,6,7,10,7,9,7,6,12,11,12,11,9,6,4,4,7,7,,6,11,5,15,29,56,31,15,27,8,17,4,5,21,11,14,9,63,13,22,32,22,19,25,14,8,11,8,15,12,11,13,7,3,10,39,29,16,10,8,11,11,10,14,7,6,7,8,7,6,4,13,5,9,4,23,20,35,9,15,21,38,5,8,14,12,17,11,7,7,8,7,12,9,9,11,12,2,13,8,5,6,17,21,3,5,15,9,5,5,16,9,13,11,12,11,6,8,10,8,6,6,5,6,6,6,8,7,4,5,11,6,10,7,14,3,7,6,71,7,6,14,8,4,11,12,6,5,9,7,5,12,8,8,6,4,6,9,8,9,22,17,17,6,13,4,16,7,5,8,6,7,7,8,23,13,12,14,16,16,16,20,4,11,11,10,6,43,8,10,6,17,20,1,2,11,3,
20201209,3,SO2_24h,6,11,16,12,17,17,19,25,24,13,20,16,15,39,21,44,14,17,17,8,8,8,5,16,20,8,10,12,7,9,7,7,12,7,9,6,9,7,8,5,6,6,4,6,9,4,3,6,21,16,12,8,6,11,9,9,11,8,10,12,12,5,11,12,7,6,14,11,6,15,20,31,16,9,6,6,27,25,16,25,31,57,3,22,13,28,35,29,24,13,23,22,24,17,6,29,7,10,18,30,7,10,12,8,9,10,15,24,9,19,77,18,66,38,38,19,27,30,39,17,31,14,11,13,9,7,8,13,16,11,18,13,8,14,10,10,3,10,11,17,6,6,7,27,11,5,3,4,12,9,16,32,9,8,20,13,23,46,6,5,26,15,18,20,26,15,25,,8,23,6,4,9,10,7,10,10,8,14,11,13,10,11,9,5,4,26,7,,7,13,5,13,52,47,20,24,24,20,14,5,23,24,7,11,9,70,23,27,32,16,19,23,22,10,10,12,10,12,13,11,7,9,14,8,25,14,10,14,9,11,6,13,9,9,7,10,9,7,4,10,6,8,3,13,15,27,11,13,19,24,6,25,12,14,17,18,9,9,11,9,12,10,12,9,8,3,11,9,8,6,10,16,4,5,10,10,5,6,17,10,16,10,9,11,9,9,8,9,18,8,5,4,8,7,10,7,4,4,14,7,10,9,19,4,14,6,32,12,7,28,7,4,10,11,7,6,10,7,15,13,8,9,7,7,9,11,8,10,16,20,16,35,13,8,21,7,6,8,7,14,9,14,33,9,20,18,24,26,16,17,12,8,17,16,8,20,12,10,7,17,14,2,3,10,10,
20201209,3,NO2,58,70,67,73,62,57,64,28,51,70,63,58,53,67,58,42,32,42,39,38,43,30,23,50,58,26,34,45,23,17,25,42,26,60,46,31,37,42,64,19,9,60,40,48,63,9,7,49,50,67,59,48,46,56,25,53,46,43,58,35,22,46,43,13,36,45,24,45,41,55,27,34,41,78,58,42,64,33,28,26,62,47,11,61,57,56,61,51,52,44,53,43,51,66,21,60,27,16,25,36,25,14,17,20,19,14,31,49,28,52,64,46,62,62,57,16,30,43,53,31,17,47,20,51,42,34,58,57,54,52,57,46,22,36,37,50,15,14,18,22,10,38,21,56,20,20,39,17,13,25,51,54,57,34,57,17,12,60,42,24,50,50,65,67,61,48,63,,45,32,17,31,37,41,29,27,27,28,35,36,24,57,47,22,42,58,49,57,,48,21,28,46,42,56,58,45,64,7,28,4,7,45,9,9,11,47,14,36,43,36,33,36,30,14,12,21,65,24,14,22,17,53,13,40,22,47,32,38,63,37,24,52,31,52,51,29,64,61,12,21,21,15,11,24,33,47,35,26,46,45,30,41,63,52,53,51,42,47,41,45,54,24,32,50,35,29,47,31,28,23,39,33,45,29,35,19,28,13,26,16,28,28,28,24,26,30,22,29,38,13,12,42,32,21,20,35,21,39,9,26,33,13,9,16,16,10,20,12,10,27,12,20,21,28,6,15,23,11,23,27,12,16,22,34,19,7,6,37,67,24,40,11,40,25,21,46,16,17,30,11,42,26,56,12,13,43,22,29,39,18,22,23,56,51,86,65,46,24,67,36,58,19,16,73,87,
20201209,3,NO2_24h,46,58,58,54,43,46,62,32,48,59,49,52,50,62,51,54,37,38,40,35,50,39,20,43,54,35,40,43,29,22,30,31,39,63,41,38,49,49,53,25,13,51,42,42,58,16,18,41,51,54,59,51,36,43,30,50,42,48,47,28,22,32,34,18,36,43,22,35,40,49,60,57,49,71,46,44,56,48,44,34,56,47,16,52,43,50,52,50,49,40,47,40,41,41,21,44,22,22,21,28,25,17,21,23,22,24,27,40,26,52,55,39,56,61,54,33,47,47,52,28,20,51,25,45,40,33,54,48,53,43,52,43,29,39,37,37,18,18,16,20,19,34,30,49,28,28,38,29,16,25,44,46,59,39,50,16,29,49,40,28,49,48,43,50,44,36,44,,34,42,21,25,34,42,32,31,28,25,35,36,45,42,53,18,51,53,51,52,,40,43,40,34,53,54,46,47,55,34,22,7,29,43,15,9,16,42,35,43,35,33,24,34,26,19,14,23,42,25,19,23,20,45,16,29,19,47,37,46,43,33,22,48,41,52,41,33,43,51,17,22,21,18,19,25,32,37,36,29,37,39,27,41,47,51,47,47,40,44,48,38,47,33,41,44,44,34,36,30,36,25,31,30,29,29,30,24,33,21,29,19,25,21,21,23,18,20,17,23,42,21,25,31,33,28,30,30,24,31,20,33,30,14,14,19,24,18,28,13,11,28,14,18,20,20,11,13,26,19,24,26,12,23,32,25,21,8,11,30,55,25,40,28,37,33,22,37,30,19,17,23,45,27,42,13,24,33,22,24,27,38,38,22,59,29,75,31,43,23,69,35,31,11,20,72,64,
20201209,3,O3,4,4,5,4,7,5,3,31,8,5,5,3,5,4,5,20,37,16,36,49,27,51,54,19,4,44,41,32,43,47,29,23,26,6,34,42,37,34,18,58,77,2,16,7,3,64,74,4,24,13,3,5,3,26,40,33,29,31,27,34,42,30,17,97,20,4,21,7,18,7,71,57,22,18,4,5,4,45,42,26,6,14,60,10,5,11,7,14,17,14,9,18,18,3,36,5,20,46,57,32,18,48,48,68,59,31,21,4,8,12,2,29,5,6,17,46,34,15,9,38,23,19,38,6,17,9,5,4,4,3,5,17,50,17,5,2,16,60,58,29,90,8,34,5,17,35,8,32,29,32,8,6,4,19,4,35,73,9,25,38,3,36,4,9,11,6,6,,8,36,49,21,18,41,48,55,47,56,31,42,51,14,26,51,15,12,13,7,,5,28,23,24,24,3,6,5,4,75,44,60,59,26,60,76,77,9,42,29,15,24,11,7,8,53,45,22,11,32,54,27,55,23,26,26,29,38,35,31,12,11,20,28,24,21,20,28,,20,66,28,20,35,44,2,4,3,7,23,9,6,8,10,5,3,4,1,3,6,16,3,4,45,26,5,19,4,4,9,14,2,9,15,11,15,31,29,38,35,33,62,48,33,47,4,22,11,31,27,5,21,39,2,9,14,21,5,2,13,29,24,18,28,33,35,12,10,30,15,36,10,67,14,16,3,43,17,8,66,16,13,41,29,29,11,21,74,41,3,6,55,51,75,5,33,38,12,67,46,22,37,22,57,16,64,67,23,8,17,53,67,54,65,17,14,8,15,20,,15,42,19,15,,4,4,
20201209,3,O3_24h,42,53,26,65,62,58,35,56,49,47,47,44,41,31,40,60,59,59,63,80,39,61,81,61,45,56,51,52,53,68,57,74,52,25,74,59,58,50,52,61,95,22,28,26,23,69,85,42,54,50,18,38,37,110,124,123,100,112,119,115,112,93,89,125,30,39,36,74,77,44,74,74,71,35,39,26,39,60,61,62,65,51,76,59,60,55,58,81,56,60,60,63,58,61,64,70,105,73,116,111,72,95,88,105,94,62,91,88,79,49,36,55,22,31,70,61,58,44,51,68,51,59,48,33,33,54,19,49,24,50,44,36,85,73,33,68,48,81,119,62,106,42,43,92,46,40,47,56,38,76,54,59,30,42,47,74,78,64,50,57,49,58,51,64,66,60,62,,63,61,56,59,70,67,67,69,64,83,54,73,57,44,30,82,46,22,102,18,,35,49,56,66,47,24,51,33,16,76,72,95,59,69,63,76,96,71,50,75,67,63,69,66,62,58,54,68,59,58,59,48,59,65,52,53,48,71,57,52,42,48,46,56,56,60,58,59,32,53,72,46,51,55,53,26,19,32,22,61,41,12,34,23,55,48,37,29,39,76,39,39,40,84,80,34,81,32,44,25,61,25,48,55,56,31,59,51,61,53,90,95,102,84,112,42,80,65,78,79,25,52,40,39,39,40,39,31,34,59,71,49,93,46,41,51,35,19,53,53,86,69,91,69,89,67,61,60,76,86,76,59,91,79,73,80,70,82,70,47,42,56,68,79,52,76,73,44,72,62,59,45,86,79,82,100,74,82,67,58,90,73,67,65,63,62,33,64,55,,38,73,57,70,46,36,29,
20201209,3,O3_8h,4,5,5,4,7,6,3,30,8,5,6,2,5,4,5,17,39,15,35,44,26,48,57,15,6,43,42,31,43,49,31,21,23,8,39,46,46,28,18,55,82,4,12,7,3,63,72,3,21,10,3,5,4,26,39,32,28,25,24,41,44,30,17,101,23,4,26,7,15,9,70,57,15,19,3,6,4,42,36,24,7,12,56,10,7,8,7,12,18,13,11,19,14,3,39,7,29,51,57,30,17,47,48,66,59,33,23,4,9,10,2,38,6,6,16,44,21,15,10,41,27,17,38,7,19,12,5,5,3,4,5,18,51,21,5,2,18,59,60,27,88,8,39,6,17,34,10,33,29,36,8,6,4,20,4,36,75,7,24,35,4,32,4,10,13,6,7,,10,38,49,28,17,42,46,54,50,57,35,39,54,14,22,55,17,13,8,8,,7,26,26,34,14,3,6,6,4,74,49,60,55,30,61,73,76,9,45,26,15,21,9,7,8,54,47,22,18,30,52,28,56,24,26,28,28,36,35,31,13,13,22,33,27,24,22,30,,20,65,25,12,35,40,2,4,4,5,24,6,7,10,10,5,3,5,,3,7,15,7,4,46,27,4,17,3,4,8,12,1,11,16,16,17,31,30,35,31,34,61,45,38,54,5,23,10,32,21,5,20,33,5,7,15,22,7,2,10,28,22,18,27,34,33,10,9,28,12,41,19,67,15,19,4,43,22,9,64,19,10,42,27,31,14,20,76,42,4,6,55,55,75,7,26,43,13,54,48,25,36,19,61,44,68,65,45,11,21,49,64,54,62,13,14,8,9,17,,10,52,26,22,,4,5,
20201209,3,O3_8h_24h,4,6,6,3,7,7,3,30,8,5,10,3,5,5,5,17,41,16,37,45,27,48,60,16,8,45,43,32,44,51,33,21,23,11,44,50,54,29,18,56,87,7,12,8,3,63,72,3,21,10,3,5,5,28,40,35,31,25,25,48,46,30,19,104,26,5,31,8,15,11,70,60,15,16,3,7,4,44,36,25,8,12,56,10,9,8,7,13,21,15,13,21,14,4,42,9,38,55,58,32,17,48,49,66,60,34,26,4,10,10,3,46,6,6,18,45,21,16,12,44,30,18,39,9,21,14,5,7,3,7,5,19,53,30,5,2,19,59,62,28,90,10,42,7,18,35,12,35,30,38,10,6,5,22,4,37,75,8,25,36,5,32,4,11,15,6,7,,15,40,51,36,17,45,46,55,53,59,37,40,57,15,22,61,18,14,8,9,,8,26,27,43,15,4,6,6,4,74,53,60,55,34,62,73,76,10,48,26,15,21,9,7,9,54,48,25,24,31,53,30,56,26,26,32,28,38,36,32,12,15,23,37,30,26,23,32,,21,65,25,13,37,40,2,4,5,5,25,6,8,12,12,5,3,6,,4,9,15,13,4,47,30,4,19,3,4,9,12,1,14,17,26,20,32,30,35,31,36,62,46,43,61,6,28,10,34,21,5,20,33,8,7,16,24,8,3,11,28,22,19,27,36,33,10,9,28,12,44,35,69,16,22,5,44,29,10,65,25,10,44,27,33,17,20,77,43,4,6,56,68,76,8,26,53,15,54,48,29,36,20,73,60,70,65,56,16,24,51,64,55,62,13,15,8,9,20,,10,59,34,26,,4,5,
20201209,3,CO,0.75,0.98,1.39,0.97,1.34,1.05,0.88,0.78,1.55,0.97,1.20,0.80,0.88,2.07,1.25,1.23,0.66,0.72,0.61,0.42,0.91,0.53,0.53,0.68,1.04,0.30,0.65,0.78,0.28,0.68,0.33,0.43,0.55,0.93,0.67,0.47,0.67,0.73,0.70,0.53,0.53,0.80,1.07,1.13,0.90,0.84,0.67,1.26,1.09,0.70,1.10,1.11,1.20,0.82,0.76,0.85,0.76,0.73,0.97,0.78,0.78,0.60,0.96,0.85,0.71,0.70,0.81,0.85,1.20,1.28,0.68,1.35,1.44,2.20,1.08,0.95,2.98,1.04,0.65,1.25,1.10,1.13,0.53,0.93,0.97,0.90,1.20,1.25,0.78,0.92,0.78,0.77,1.03,0.73,0.73,0.93,0.90,0.53,0.82,1.30,0.70,0.83,0.75,0.65,1.10,0.70,0.92,0.85,1.07,0.83,1.46,1.48,1.85,1.32,2.08,0.95,0.83,1.42,2.54,0.82,0.50,0.92,0.74,0.83,0.73,0.90,0.82,1.23,1.23,1.00,1.18,1.07,1.10,1.17,1.10,1.55,0.97,0.83,1.00,1.04,0.55,0.73,0.84,1.82,0.90,0.67,0.70,0.75,0.70,0.60,1.03,1.40,1.83,0.79,1.80,0.85,0.40,2.27,0.96,0.73,0.65,1.30,1.20,0.90,1.00,1.10,1.00,,1.05,0.60,0.55,0.80,1.50,0.65,0.70,0.60,0.30,0.40,1.05,0.70,0.70,1.00,0.70,0.55,1.10,0.70,0.70,0.80,,1.13,1.02,0.35,0.98,0.96,1.88,2.13,1.07,1.10,0.57,0.57,0.35,0.55,0.60,0.33,0.60,0.60,1.50,0.80,1.27,1.85,0.97,1.20,1.00,2.00,0.60,0.45,0.53,1.17,0.63,0.40,0.45,0.35,1.35,0.35,0.50,0.50,0.50,0.74,0.67,1.13,1.13,0.93,0.75,0.63,0.63,1.00,0.75,1.00,0.73,0.70,0.53,0.43,0.60,0.50,0.82,1.18,0.82,0.77,1.40,0.88,0.90,1.03,1.07,1.03,0.93,0.97,1.37,1.20,1.30,0.77,1.00,1.00,1.07,1.05,1.07,1.05,0.85,1.05,1.10,1.00,0.45,1.40,1.02,1.63,0.82,0.88,1.55,1.07,0.80,0.98,0.67,1.10,0.90,0.95,1.00,0.75,1.00,0.85,0.70,0.80,0.63,0.70,0.90,1.00,0.73,0.67,0.93,0.70,0.80,0.35,0.20,0.88,1.08,0.87,1.00,0.60,0.75,0.95,1.00,0.45,1.05,0.50,0.55,0.60,0.90,0.93,0.65,0.60,0.65,0.70,0.80,0.50,0.75,0.55,1.50,1.60,0.45,0.55,1.20,1.13,0.95,1.05,0.35,0.60,0.80,0.75,0.70,0.60,1.00,0.60,0.50,1.35,0.80,1.00,0.40,0.40,0.60,0.60,1.60,0.70,0.57,0.50,1.05,2.55,1.10,2.90,1.10,1.00,1.20,2.20,1.85,1.80,2.40,1.20,2.25,2.90,
20201209,3,CO_24h,0.56,0.72,1.07,0.70,0.90,0.77,0.88,0.72,1.55,0.65,0.97,0.73,1.05,1.55,1.41,1.45,0.79,0.58,0.64,0.66,0.87,0.73,0.63,0.88,1.03,0.50,0.94,0.75,0.53,0.80,0.47,0.45,0.90,1.09,0.84,0.50,0.93,0.83,0.90,0.63,0.63,0.97,1.10,1.00,1.04,0.74,0.57,0.95,0.94,0.70,0.99,1.02,1.14,0.93,0.75,0.85,0.83,0.77,0.97,0.74,0.75,0.60,0.93,0.85,0.86,0.84,0.82,0.85,1.07,1.28,1.38,2.20,1.58,2.22,1.10,0.93,1.52,1.08,1.13,1.15,1.23,1.60,0.50,0.82,0.83,0.70,0.73,1.12,0.76,0.67,0.80,0.77,0.87,0.63,0.73,0.55,0.88,0.65,0.86,0.97,0.75,0.83,0.80,0.85,1.20,0.75,0.88,0.95,1.07,0.80,1.62,1.42,1.38,1.20,1.85,1.17,1.30,1.82,1.68,0.73,0.56,0.96,0.74,0.83,0.75,0.90,0.82,0.95,1.07,0.80,1.10,1.13,1.00,1.20,1.16,1.38,0.90,0.87,1.00,1.07,0.55,0.72,0.88,1.68,0.83,0.87,0.83,0.78,0.72,1.00,1.03,1.10,1.37,0.89,1.70,0.80,0.80,1.53,0.84,0.73,0.70,1.20,0.90,0.65,0.95,0.70,0.85,,0.95,0.65,0.55,0.70,1.20,0.85,0.90,0.77,0.70,0.60,1.15,0.77,0.95,1.00,1.05,0.70,1.20,0.90,1.10,1.00,,1.02,1.13,0.30,1.02,1.22,1.38,2.10,0.93,1.00,1.43,0.43,0.40,0.90,0.75,0.37,0.55,0.60,1.14,1.18,1.25,1.55,0.63,0.95,0.90,1.65,0.65,0.50,0.63,0.77,0.63,0.53,0.55,0.43,1.00,0.35,0.45,0.55,0.63,0.80,0.70,1.12,1.15,0.87,0.75,0.87,0.73,1.05,0.75,1.10,0.90,0.63,0.57,0.53,0.60,0.55,0.78,1.13,0.77,0.73,1.30,0.70,1.25,0.95,1.10,0.97,0.72,0.85,1.23,0.93,1.22,0.85,0.90,0.82,1.10,1.20,0.83,1.23,1.00,0.70,1.00,1.17,0.45,1.20,0.88,1.57,0.75,0.78,1.40,0.95,0.80,1.13,0.70,1.13,0.83,0.85,0.90,0.70,1.00,0.85,0.75,1.07,0.60,0.85,0.90,1.03,0.83,0.55,0.90,0.67,0.90,0.65,0.50,0.95,1.10,1.00,1.00,0.85,0.95,0.85,0.90,0.55,1.85,0.55,0.55,0.75,0.85,0.73,0.70,0.65,0.70,0.65,0.90,0.55,1.10,0.70,1.10,1.80,0.45,0.65,0.83,0.93,0.75,1.00,0.80,0.75,1.00,0.50,0.75,0.70,0.95,0.45,0.60,1.80,0.70,1.70,0.20,0.40,0.80,0.70,1.10,0.60,0.77,1.10,1.00,2.55,0.80,2.80,1.00,1.00,1.20,3.40,1.30,1.20,1.60,0.90,2.35,2.30,
20201209,4,AQI,61,83,121,76,64,110,88,51,56,99,79,73,69,140,81,52,47,48,53,21,71,31,27,41,69,30,50,55,31,28,43,40,37,65,35,44,45,53,51,51,24,72,74,81,91,20,23,100,106,58,125,118,169,66,68,72,58,69,64,63,65,45,62,89,31,71,37,60,40,129,55,88,119,200,173,159,124,95,30,52,49,55,20,60,83,90,81,86,68,62,61,71,94,52,50,73,56,46,85,79,59,63,58,50,54,55,81,64,37,116,102,118,145,95,93,64,52,59,166,39,44,65,39,99,99,113,104,136,169,94,153,146,206,121,131,164,66,47,61,49,41,58,79,71,44,51,63,53,16,33,149,145,80,125,153,48,41,179,119,73,57,125,73,61,74,81,69,,69,47,33,53,51,51,30,27,27,19,61,34,55,64,86,31,82,86,61,48,,156,126,23,98,78,91,160,77,97,55,51,20,43,55,26,31,76,110,33,52,74,53,59,51,70,29,34,31,86,61,41,32,36,80,45,65,32,76,114,85,75,114,52,91,101,100,78,80,86,76,21,65,55,29,27,47,101,71,74,66,70,88,61,90,118,98,144,194,209,184,110,179,89,163,194,93,213,123,88,64,161,38,133,110,196,61,91,85,109,69,41,46,61,53,58,45,37,66,43,55,52,46,39,61,56,39,47,55,29,54,31,20,60,34,16,94,9,16,23,40,29,33,27,30,32,38,31,32,50,24,38,36,23,20,13,49,30,23,12,85,88,173,193,42,60,68,74,68,39,64,39,12,61,53,110,22,66,33,42,31,27,101,58,103,91,70,248,90,84,93,139,57,98,34,34,334,402,
20201209,4,PM2.5,40,61,92,56,41,83,65,28,38,74,58,53,50,107,60,29,32,29,37,13,52,20,15,20,50,17,27,39,21,17,30,27,26,40,19,25,23,34,29,29,9,44,54,60,68,13,7,75,80,35,95,89,128,48,49,51,41,50,46,45,47,29,44,66,17,52,21,37,24,98,38,65,90,150,131,121,94,71,14,33,34,33,7,43,59,67,60,64,40,39,39,52,70,33,35,53,40,32,63,58,42,45,41,35,38,39,60,41,20,88,65,89,111,71,69,22,30,33,126,24,17,47,25,74,74,85,78,104,128,70,117,112,156,92,100,125,48,33,44,33,29,41,58,52,31,36,45,37,11,22,114,111,59,95,117,19,25,135,90,53,36,95,30,37,53,60,50,,50,23,17,31,31,28,19,18,15,12,44,21,28,46,64,20,58,64,44,28,,119,96,16,73,57,68,122,54,49,31,36,14,24,38,18,22,56,83,22,28,54,33,42,31,34,14,16,18,64,28,29,20,25,59,29,47,8,56,86,63,55,86,35,68,76,75,57,59,64,56,10,47,39,20,19,26,76,52,54,48,51,65,44,67,89,73,110,146,159,139,83,135,66,124,146,69,163,93,65,46,123,21,101,83,147,44,68,63,82,50,29,32,44,37,41,30,21,48,30,36,36,32,27,44,38,27,29,39,20,38,22,8,43,24,11,70,5,8,16,26,20,23,18,18,21,26,22,21,24,17,17,20,15,5,7,34,15,5,8,63,65,131,145,26,43,49,54,45,27,46,27,8,27,37,83,8,48,23,25,14,16,76,41,77,61,44,198,67,56,69,106,37,73,24,24,284,282,
20201209,4,PM2.5_24h,29,37,61,35,28,45,55,27,31,41,47,38,47,75,54,45,21,30,44,37,57,44,32,17,57,49,46,49,56,43,37,22,44,52,24,25,38,34,31,39,18,49,37,40,72,12,10,80,35,30,77,85,119,41,47,44,39,44,38,41,46,32,36,51,34,40,22,31,22,86,55,82,81,153,117,115,57,53,33,43,46,65,12,28,37,42,40,46,54,27,35,47,38,26,25,32,41,26,60,57,48,46,47,43,33,45,48,42,22,66,55,90,78,48,70,31,64,49,89,27,20,58,20,69,67,86,75,62,88,58,86,120,95,99,112,125,50,34,50,32,27,37,47,46,47,42,42,42,15,31,77,89,47,100,96,31,39,105,72,58,36,34,42,33,45,39,39,,34,29,15,19,26,45,40,41,38,35,69,45,40,59,65,32,63,77,66,48,,106,114,22,95,79,44,108,35,39,76,27,16,48,35,16,12,52,73,37,41,56,28,32,31,34,17,22,31,44,32,30,24,28,56,21,43,8,64,94,62,66,81,31,61,96,71,82,59,86,77,12,48,44,24,21,22,77,44,61,52,44,65,44,58,58,56,81,98,115,143,73,93,55,108,175,63,169,105,44,45,133,22,69,63,131,43,52,59,58,57,42,37,36,37,47,32,28,32,29,37,37,26,34,37,32,45,37,37,23,32,25,14,35,22,24,59,24,17,31,22,15,48,17,20,24,21,21,20,30,16,23,28,20,18,12,23,43,7,15,48,44,71,108,48,28,78,37,52,33,58,21,16,32,25,84,11,33,22,23,14,10,84,122,50,69,32,220,53,50,61,123,44,55,24,15,274,239,
20201209,4,PM10,72,68,150,92,77,127,102,52,62,115,92,94,87,168,90,54,47,48,47,16,81,31,27,41,75,30,50,57,31,28,33,40,37,80,35,44,45,55,51,51,14,94,60,107,75,15,7,93,130,66,137,102,88,74,77,93,59,58,67,65,55,45,74,88,31,74,37,69,40,125,59,75,132,146,143,137,129,89,30,54,43,59,4,70,116,117,99,105,85,73,71,79,118,54,49,86,53,20,78,83,48,48,44,44,52,47,70,78,37,144,154,122,179,123,101,78,54,68,166,39,44,68,39,67,77,87,119,137,153,130,160,119,166,86,128,97,76,40,55,49,39,56,65,77,35,36,57,42,16,33,113,158,76,103,172,48,41,175,114,85,63,146,95,71,98,95,84,,68,47,33,56,52,52,30,27,27,19,50,34,59,68,88,31,113,106,72,48,,168,89,19,115,98,123,160,103,144,60,48,16,43,59,24,26,84,128,33,53,95,55,68,52,90,29,34,31,96,72,36,32,34,87,45,64,32,79,110,108,94,97,54,98,101,100,93,89,79,56,11,49,40,27,19,47,108,86,40,79,77,86,70,89,139,117,125,138,189,188,95,184,102,158,120,109,139,133,100,44,142,38,115,92,164,51,96,86,106,69,41,35,58,52,63,45,37,53,38,59,53,37,30,59,62,38,47,45,23,58,27,20,64,34,14,88,8,16,23,40,14,30,27,30,32,38,24,32,50,22,38,36,23,20,13,49,30,7,12,74,91,117,143,42,67,56,63,86,38,53,34,12,71,54,96,22,56,27,42,31,27,89,52,78,131,89,249,128,117,101,150,63,93,,21,385,502,
20201209,4,PM10_24h,52,57,105,63,57,87,100,52,69,74,83,69,82,126,85,80,37,47,57,42,90,55,40,39,95,69,79,70,79,63,51,43,63,96,42,46,62,63,54,63,29,81,52,63,70,17,14,103,74,61,112,100,85,67,78,79,68,69,68,56,65,44,63,69,48,58,39,63,48,116,90,110,118,143,127,130,87,87,55,60,57,112,11,61,73,80,66,85,103,57,65,70,68,47,40,58,54,35,80,90,54,59,55,58,42,59,65,61,40,123,123,128,124,95,110,68,110,93,116,42,53,85,43,62,73,86,114,99,114,99,125,127,105,138,140,89,73,42,64,45,43,51,55,73,54,53,59,55,22,52,91,112,67,121,145,50,65,136,88,108,71,75,79,76,79,63,67,,53,55,33,40,48,78,57,58,58,49,82,63,86,83,83,51,110,119,102,78,,147,127,36,129,160,87,144,82,106,120,41,20,84,46,29,18,65,106,61,68,77,47,50,62,89,34,41,39,76,68,46,42,46,82,41,62,22,96,126,108,98,73,43,89,133,101,116,96,94,60,15,51,51,33,25,39,103,79,44,80,74,83,65,88,97,96,106,105,146,188,100,131,80,144,173,80,156,145,71,51,158,37,80,72,147,46,68,83,86,82,70,60,64,54,65,54,45,49,44,82,53,40,38,51,56,57,50,49,30,48,37,40,55,31,27,77,35,24,38,30,24,85,31,41,40,32,29,31,63,24,49,61,26,45,31,42,58,16,28,62,58,72,120,67,49,101,55,81,48,70,29,31,84,45,100,25,58,40,42,41,28,101,141,50,168,60,303,91,120,82,187,105,63,30,18,340,339,
20201209,4,SO2,8,16,19,14,20,18,18,17,13,21,50,26,14,36,19,39,17,23,17,7,9,8,4,11,15,6,8,10,6,8,6,10,6,7,8,7,8,7,7,5,5,7,3,5,9,4,3,6,25,12,10,7,8,9,7,10,10,17,10,12,12,6,15,11,7,9,9,16,5,16,14,24,12,9,8,8,28,16,13,24,39,17,2,49,23,24,44,21,25,16,17,37,28,14,7,34,8,9,25,32,5,9,12,8,10,9,20,22,8,12,64,21,84,54,23,14,20,24,65,17,40,8,8,12,9,7,8,13,10,14,17,15,8,7,10,8,3,12,10,28,6,6,10,14,11,4,2,4,7,6,12,31,10,7,16,5,11,41,6,5,19,17,21,20,22,18,22,,5,17,7,4,8,10,6,8,7,6,13,15,11,12,9,7,3,4,7,7,,6,11,4,15,23,48,26,14,25,9,17,4,5,20,11,14,7,60,12,21,35,21,17,24,16,8,11,6,15,11,12,12,7,5,13,20,19,16,11,7,10,12,6,14,8,5,7,8,8,6,4,10,5,6,4,23,29,39,10,14,18,37,5,8,13,12,16,10,7,6,8,7,12,7,10,12,7,1,13,8,5,6,12,20,2,5,16,6,5,5,20,10,11,11,12,14,11,8,9,10,4,8,5,6,6,6,9,7,3,5,11,7,10,6,13,4,7,6,70,6,6,16,9,4,10,15,6,5,10,6,8,11,7,8,6,3,6,9,8,10,24,15,14,15,12,4,15,7,5,6,6,8,7,7,19,21,12,13,16,15,16,26,4,11,10,10,6,31,8,11,6,17,16,1,2,8,3,
20201209,4,SO2_24h,6,11,17,12,17,17,20,25,24,14,21,16,15,41,21,43,14,17,17,7,8,8,5,15,19,8,10,12,7,9,7,8,12,8,9,6,10,7,8,5,6,6,4,6,9,4,3,6,22,16,12,8,7,11,8,9,11,9,10,12,12,5,11,12,7,6,14,12,6,16,20,31,16,9,6,6,28,25,16,26,31,57,3,23,14,27,35,27,24,14,22,23,24,17,6,29,7,10,19,30,7,10,12,8,9,10,15,25,9,18,77,18,68,39,38,19,27,30,40,17,32,14,11,12,9,7,8,13,16,11,18,13,8,14,10,10,3,11,11,18,7,6,7,27,10,5,3,4,12,9,16,31,9,8,20,13,23,47,6,5,26,15,18,20,26,15,24,,8,22,6,4,9,10,7,10,10,8,14,11,13,10,11,9,5,4,26,7,,7,13,5,13,52,48,20,24,24,19,14,5,22,24,7,12,9,71,23,26,32,16,20,23,22,10,10,12,11,12,13,10,7,8,14,9,25,14,10,13,9,10,6,13,9,9,7,10,9,7,4,10,6,7,3,14,15,28,11,13,19,25,6,22,13,14,17,18,9,9,11,9,12,10,12,9,8,3,11,9,8,6,10,17,4,5,10,10,5,6,17,10,16,10,9,11,9,9,9,9,17,8,5,4,8,7,10,7,4,4,14,7,10,9,19,4,14,6,33,12,7,28,7,4,10,11,7,6,10,7,15,13,8,9,7,7,9,11,8,10,16,20,16,34,12,8,20,7,6,8,7,14,9,14,34,9,20,18,24,26,16,17,12,8,17,16,8,21,12,10,7,17,14,2,3,10,9,
20201209,4,NO2,57,69,68,72,63,54,64,27,49,72,63,59,53,66,58,44,37,41,36,41,40,33,24,48,55,22,32,45,24,17,25,43,28,60,41,25,39,49,63,19,8,57,40,44,59,10,7,47,52,65,59,47,45,47,25,47,48,53,41,37,21,39,39,10,35,42,25,42,40,51,27,32,42,71,57,42,60,35,25,31,61,41,10,63,57,52,62,48,52,43,56,43,43,65,21,57,27,19,23,27,26,12,17,23,17,15,34,49,26,42,64,44,63,61,46,18,27,42,51,31,17,47,16,50,42,35,57,55,52,55,56,42,21,35,34,48,12,14,18,21,10,35,23,50,20,19,38,15,14,18,49,54,58,31,64,17,14,50,41,23,51,48,63,64,60,45,65,,40,32,17,35,40,42,29,27,22,27,31,35,22,55,43,23,42,50,43,42,,44,21,29,45,53,53,57,44,63,8,24,4,7,39,11,8,8,46,13,32,43,37,33,35,32,16,16,18,62,25,15,18,21,55,12,35,21,47,34,35,62,40,21,52,29,55,52,29,62,62,11,18,21,11,9,25,33,51,34,24,44,44,31,41,60,52,51,49,41,47,39,43,51,30,28,52,32,27,46,27,27,21,39,32,38,30,35,18,30,12,28,16,24,26,26,24,22,28,19,19,36,11,14,40,33,21,19,31,21,37,9,20,37,12,9,16,17,10,17,13,10,28,8,18,20,24,5,13,21,13,24,23,9,9,19,29,17,8,6,35,66,18,34,13,42,19,22,27,14,12,33,12,35,20,55,18,14,42,21,24,38,21,18,21,56,52,75,51,44,22,65,44,43,16,11,76,81,
20201209,4,NO2_24h,47,59,59,55,44,46,62,33,48,60,49,52,50,63,52,53,37,38,40,35,50,38,20,43,54,35,40,44,29,22,30,32,39,63,41,38,49,48,53,25,13,52,42,41,58,16,18,43,50,56,59,52,37,44,30,50,43,49,47,28,23,33,34,18,36,43,22,35,40,49,58,56,49,71,47,44,56,48,42,34,56,47,17,52,44,49,53,50,49,41,47,40,42,43,22,44,22,22,21,28,25,16,21,22,22,24,28,42,26,52,56,39,57,61,55,32,46,47,52,29,20,52,24,45,41,33,54,48,54,43,53,43,29,39,38,38,18,18,16,20,19,35,29,49,28,27,37,29,16,25,44,47,59,38,50,16,28,49,40,27,49,48,45,52,46,36,45,,35,41,21,26,35,42,32,32,28,25,35,36,44,43,53,19,51,54,51,52,,40,42,39,34,53,55,47,47,55,33,23,7,27,42,15,9,16,42,34,42,35,33,25,34,27,19,14,23,44,25,19,23,20,46,16,30,19,46,36,45,44,34,23,49,40,51,42,32,45,52,17,22,21,17,19,25,32,38,36,28,38,39,27,41,48,51,47,47,40,44,47,39,48,34,40,45,44,33,37,30,36,25,32,30,30,29,30,25,33,21,30,19,24,21,22,23,18,21,17,23,42,20,24,31,33,29,30,30,24,31,20,33,31,14,14,19,24,18,28,13,11,29,14,18,20,20,11,13,26,19,24,26,12,23,32,26,21,9,11,31,55,24,40,27,38,32,22,37,29,18,18,23,44,27,42,13,25,34,23,24,28,37,37,22,59,31,75,33,44,23,69,34,32,11,20,72,65,
20201209,4,O3,4,4,5,3,7,5,3,30,8,5,5,3,5,4,4,18,32,16,39,44,27,46,52,19,5,48,42,30,41,44,27,20,23,6,37,48,30,27,17,58,76,4,12,8,3,64,74,3,25,12,3,5,3,32,37,31,24,22,39,30,41,29,19,92,20,7,18,8,17,9,70,54,20,19,3,5,3,43,46,18,7,19,63,10,5,12,7,18,16,15,5,16,25,3,35,5,16,37,56,39,15,50,47,60,59,28,12,3,7,21,3,30,6,6,28,44,30,20,9,38,24,18,40,7,16,8,5,4,3,2,5,20,47,14,7,2,16,61,56,29,88,9,28,6,17,34,7,32,28,37,9,6,4,21,4,36,65,16,26,38,3,39,4,10,12,5,6,,11,34,48,9,15,37,46,53,54,54,32,46,53,13,27,47,10,16,17,17,,5,27,21,23,12,3,5,5,4,71,45,60,60,27,57,75,81,7,44,33,16,24,13,6,7,52,40,21,11,27,54,27,50,21,27,28,30,37,33,31,11,10,24,31,23,17,21,26,,20,68,31,20,39,43,2,5,2,3,24,9,4,7,6,8,2,4,,3,6,17,5,6,31,28,4,20,6,4,11,10,1,9,15,13,13,30,26,35,30,32,63,47,35,45,4,30,11,33,40,5,21,38,2,8,16,21,7,3,11,27,27,12,27,33,33,12,10,30,16,33,6,75,18,14,3,42,19,9,60,10,11,42,34,30,10,22,73,38,3,6,67,53,71,5,37,36,43,70,46,17,33,27,58,9,55,61,13,6,20,56,60,56,67,15,12,9,23,20,,13,33,31,17,4,4,4,
20201209,4,O3_24h,42,52,26,65,62,58,35,56,49,47,47,44,41,31,40,60,59,59,63,80,38,61,81,61,45,56,51,52,53,68,57,74,52,25,74,59,58,50,52,61,95,22,28,26,23,69,85,42,55,50,18,35,35,110,124,123,100,112,119,115,112,93,89,125,30,39,36,74,77,44,74,74,71,35,38,26,39,60,61,62,65,51,74,59,60,57,58,81,56,60,60,63,58,61,60,70,105,73,118,111,72,95,88,105,94,62,91,88,79,49,36,55,22,31,70,61,58,44,51,68,51,59,48,33,33,49,19,49,24,50,44,36,85,73,29,68,48,81,119,62,106,42,43,92,46,40,47,56,38,76,54,59,30,42,47,74,78,64,50,57,49,58,51,64,66,60,62,,63,61,56,59,70,67,67,69,64,83,54,73,57,44,31,82,46,22,102,18,,35,49,56,66,47,24,51,33,16,76,72,95,60,69,62,76,96,71,50,75,67,63,69,66,62,58,54,68,59,58,59,48,59,64,50,53,47,71,57,52,39,48,45,56,56,60,58,59,30,53,72,46,51,55,53,26,19,32,20,61,41,12,31,23,55,48,37,29,39,76,39,39,40,84,80,34,81,32,44,25,61,25,45,53,56,31,56,50,61,53,90,95,102,84,112,42,80,65,78,79,25,52,41,39,39,40,39,31,34,59,71,49,93,46,41,51,30,19,53,53,86,69,91,69,89,67,61,60,76,86,76,59,91,79,73,80,70,82,70,47,42,67,68,79,52,76,73,50,72,62,57,45,86,79,82,100,74,82,67,58,90,73,67,67,63,62,33,64,55,,38,73,57,70,46,36,29,
20201209,4,O3_8h,4,5,5,4,7,6,3,30,8,5,6,2,5,4,5,17,37,15,36,44,26,47,56,16,6,45,42,31,43,47,30,20,23,8,38,46,43,28,17,56,81,4,12,8,3,63,72,3,22,11,3,5,4,28,39,32,27,24,28,38,43,31,17,99,22,5,24,8,16,9,69,56,16,20,4,6,3,42,39,22,7,14,58,10,7,10,7,14,18,13,9,18,17,3,38,6,26,49,56,32,17,48,48,64,59,32,20,3,9,13,2,36,6,6,19,44,23,16,10,40,26,17,38,7,18,11,5,5,3,4,5,18,50,19,5,2,17,59,59,27,88,9,36,6,17,34,10,33,28,36,9,6,4,21,4,36,72,9,25,36,4,34,4,10,13,5,7,,11,37,49,23,16,41,46,54,51,56,34,41,54,14,24,53,16,14,10,10,,6,27,25,31,14,3,5,5,4,73,48,60,56,29,60,73,77,8,45,28,15,22,10,6,8,53,45,22,16,30,53,27,54,23,26,28,28,36,35,31,12,13,22,33,26,22,21,29,,20,66,26,14,36,41,2,4,4,4,24,7,6,10,9,6,2,5,,3,7,15,6,4,42,27,4,18,4,4,9,12,1,10,15,16,16,31,29,35,31,34,62,45,37,52,5,24,11,32,26,5,20,34,4,7,16,22,7,2,10,27,23,16,27,34,34,10,9,29,13,38,16,69,15,18,4,43,22,9,63,17,10,42,28,31,12,20,75,41,3,6,58,55,75,6,29,42,20,58,47,23,36,21,60,36,65,64,37,10,20,51,63,55,63,14,14,8,12,18,,11,47,28,20,1,4,4,
20201209,4,O3_8h_24h,4,6,6,3,7,7,3,30,8,5,10,3,6,5,5,18,41,16,37,45,28,48,60,17,8,46,44,33,44,51,33,21,23,11,45,50,54,30,19,56,87,7,12,8,3,63,72,3,23,10,3,5,5,29,40,36,32,25,29,48,46,31,20,105,26,5,31,8,16,11,71,60,16,17,3,7,4,45,39,25,8,14,58,10,9,10,7,14,21,16,13,21,17,4,42,9,38,55,58,32,17,48,49,66,60,34,26,4,10,13,3,46,6,6,21,45,23,16,12,44,30,19,39,9,21,14,5,7,3,7,5,20,53,30,5,2,19,59,62,28,90,10,42,7,18,35,12,35,30,38,10,6,5,23,4,37,75,10,26,36,5,34,4,11,15,6,7,,15,40,51,36,17,45,46,55,53,59,37,41,57,15,24,61,18,14,10,10,,8,27,27,43,15,4,6,6,4,74,53,60,56,34,62,73,77,10,48,28,15,22,10,7,9,54,48,25,24,31,54,30,56,26,27,32,28,39,36,32,12,15,23,37,30,26,23,32,,21,66,26,14,37,41,3,4,5,5,25,7,8,12,12,6,3,6,,4,9,15,13,5,47,30,4,20,4,4,9,12,1,14,17,26,20,32,30,35,31,37,62,46,43,61,6,28,11,34,26,5,20,35,8,7,16,24,8,3,11,28,23,19,27,36,34,10,9,29,13,44,35,70,16,22,5,44,29,10,65,25,10,44,28,33,17,21,77,43,4,6,58,68,76,8,29,53,20,58,48,29,36,22,73,60,70,65,56,16,24,51,64,56,63,15,15,8,12,21,,11,59,35,26,1,4,5,
20201209,4,CO,0.76,0.98,1.54,1.02,1.16,1.05,0.92,0.78,1.50,1.05,1.27,0.83,0.92,1.99,1.54,1.32,0.60,0.72,0.58,0.40,0.92,0.50,0.53,0.70,1.00,0.25,0.59,0.65,0.28,0.73,0.33,0.45,0.55,0.90,0.67,0.45,0.73,0.67,0.70,0.53,0.53,0.80,1.07,1.10,0.90,0.84,0.67,1.23,1.15,0.69,1.09,1.12,1.18,0.80,0.77,0.88,0.76,0.85,0.87,0.78,0.75,0.63,0.96,0.85,0.72,0.67,0.81,0.87,1.10,1.13,0.72,0.70,1.42,2.05,1.17,0.93,2.62,1.06,0.60,1.62,1.13,1.00,0.53,0.78,1.03,0.93,1.27,1.13,0.72,0.85,0.86,0.77,0.93,0.83,0.73,0.93,0.88,0.55,0.82,0.77,0.70,0.83,0.75,0.65,1.10,0.65,1.00,0.85,1.27,0.83,1.66,1.42,1.90,1.42,1.85,0.93,0.75,1.43,2.00,0.85,0.56,0.86,0.70,0.83,0.73,0.90,0.83,1.25,1.20,0.97,1.22,1.10,1.08,1.23,1.06,1.50,0.97,0.87,1.00,1.00,0.55,0.70,0.84,1.96,0.87,0.63,0.70,0.75,0.74,0.55,1.00,1.40,2.03,0.77,1.80,1.05,0.45,2.13,0.88,0.73,0.65,1.30,1.20,0.85,1.15,1.35,1.10,,1.00,0.55,0.55,0.85,1.50,0.60,0.70,0.57,0.30,0.40,1.00,0.83,0.70,0.85,0.70,0.55,1.10,0.70,0.60,0.70,,1.15,1.00,0.35,1.06,0.92,1.72,1.97,1.07,1.07,0.67,0.57,0.35,0.55,0.65,0.33,0.65,0.50,1.46,0.73,1.20,1.97,1.03,1.25,1.10,2.00,0.60,0.40,0.60,1.23,0.63,0.37,0.45,0.35,1.65,0.35,0.45,0.45,0.47,0.78,0.63,1.08,1.15,0.90,0.78,0.63,0.63,1.00,0.75,1.10,0.67,0.65,0.53,0.43,0.60,0.55,0.75,1.40,0.85,0.80,1.37,0.93,0.90,1.03,1.07,1.00,0.85,0.97,1.40,1.20,1.28,0.75,1.03,0.98,1.10,1.02,1.07,1.00,0.85,1.00,1.13,1.00,0.40,1.34,1.02,1.65,0.85,0.90,1.63,1.00,0.80,0.95,0.67,0.87,0.83,0.90,0.90,0.75,1.00,0.85,0.65,0.77,0.63,0.73,0.93,1.00,0.73,0.67,0.93,0.70,0.80,0.50,0.20,0.92,1.03,0.83,1.00,0.60,0.75,0.90,1.00,0.45,1.30,0.45,0.50,0.60,0.80,0.77,0.55,0.55,0.65,0.75,0.80,0.40,0.60,0.55,1.20,1.50,0.50,0.50,1.10,1.10,0.95,1.05,0.45,1.00,0.70,0.70,0.60,0.60,0.95,0.50,0.60,1.30,0.70,1.00,0.70,0.50,0.60,0.50,1.60,0.60,0.57,0.40,0.95,2.40,1.05,2.25,1.00,1.00,1.10,2.45,1.55,1.33,2.80,1.10,2.40,2.70,
20201209,4,CO_24h,0.57,0.75,1.07,0.72,0.92,0.80,0.88,0.75,1.55,0.65,1.00,0.73,1.05,1.61,1.43,1.44,0.76,0.61,0.64,0.62,0.86,0.66,0.63,0.83,1.03,0.50,0.91,0.75,0.53,0.80,0.47,0.45,0.88,1.08,0.84,0.50,0.93,0.83,0.85,0.63,0.63,0.93,1.10,1.03,1.02,0.74,0.57,0.98,0.93,0.70,1.00,1.03,1.18,0.92,0.75,0.85,0.83,0.77,0.97,0.74,0.75,0.60,0.93,0.85,0.86,0.84,0.82,0.82,1.07,1.29,1.35,2.15,1.56,2.22,1.12,0.95,1.55,1.10,1.10,1.20,1.23,1.60,0.50,0.88,0.83,0.73,0.73,1.13,0.76,0.68,0.80,0.80,0.87,0.63,0.73,0.55,0.88,0.63,0.83,0.93,0.75,0.83,0.80,0.80,1.15,0.75,0.88,0.95,1.10,0.80,1.60,1.40,1.40,1.20,1.85,1.15,1.27,1.80,1.70,0.77,0.56,0.96,0.74,0.83,0.75,0.91,0.82,0.95,1.10,0.80,1.10,1.13,1.00,1.20,1.16,1.38,0.90,0.87,1.00,1.07,0.55,0.75,0.88,1.66,0.83,0.87,0.83,0.78,0.72,1.00,1.03,1.15,1.43,0.86,1.73,0.80,0.80,1.63,0.84,0.73,0.70,1.20,1.00,0.75,0.95,0.75,0.85,,0.95,0.65,0.55,0.70,1.20,0.80,0.90,0.77,0.65,0.60,1.15,0.77,0.95,0.95,1.00,0.65,1.20,0.90,1.10,1.00,,1.02,1.13,0.35,1.02,1.22,1.45,2.10,0.93,1.00,1.37,0.43,0.40,0.90,0.70,0.37,0.60,0.60,1.14,1.18,1.25,1.57,0.63,1.00,0.90,1.65,0.65,0.50,0.63,0.83,0.67,0.53,0.50,0.40,1.00,0.35,0.45,0.55,0.60,0.78,0.70,1.12,1.15,0.87,0.75,0.87,0.70,1.05,0.85,1.10,0.90,0.63,0.57,0.53,0.60,0.55,0.78,1.15,0.77,0.73,1.30,0.75,1.25,0.95,1.10,0.97,0.72,0.88,1.23,0.93,1.22,0.85,0.93,0.84,1.10,1.20,0.93,1.23,1.00,0.70,1.00,1.17,0.45,1.22,0.88,1.57,0.82,0.78,1.40,0.97,0.80,1.13,0.70,1.10,0.83,0.85,0.90,0.75,1.00,0.85,0.75,1.07,0.63,0.85,0.90,1.03,0.83,0.53,0.93,0.67,0.90,0.65,0.50,0.95,1.10,1.00,1.00,0.85,0.95,0.85,0.90,0.55,1.85,0.55,0.55,0.75,0.85,0.73,0.70,0.65,0.70,0.65,0.90,0.55,1.10,0.70,1.15,1.75,0.45,0.65,0.83,0.97,0.80,1.00,0.80,0.80,0.95,0.50,0.75,0.70,0.95,0.45,0.60,1.80,0.70,1.70,0.20,0.40,0.80,0.70,1.10,0.60,0.77,1.10,1.00,2.55,0.90,2.85,0.90,0.95,1.20,3.40,1.30,1.20,1.60,0.90,2.40,2.30,
20201209,5,AQI,62,79,123,81,66,110,85,51,57,103,75,91,66,131,85,53,53,51,50,26,69,29,28,33,61,31,37,48,32,32,44,39,37,62,35,50,51,53,47,51,23,67,71,79,96,20,23,93,111,56,120,118,169,65,68,69,58,68,63,60,64,44,61,94,31,70,35,55,37,129,52,85,119,210,173,157,108,94,34,52,60,51,20,60,88,91,93,95,63,61,66,70,90,57,47,73,54,51,85,70,58,60,60,59,53,55,80,58,31,114,106,115,141,94,80,63,50,55,154,38,45,70,35,100,90,114,104,123,169,88,153,149,208,121,128,166,65,51,61,47,40,55,86,66,46,46,63,41,13,31,159,143,79,124,141,48,46,173,128,70,58,115,70,58,80,86,79,,66,40,32,51,56,49,30,28,28,18,56,40,51,68,75,29,86,79,60,46,,146,120,24,105,70,93,149,76,96,58,55,23,46,59,27,36,75,116,33,54,71,48,53,51,68,23,36,38,90,66,41,34,36,96,42,61,30,75,110,81,74,116,54,90,96,96,75,76,85,75,21,64,58,20,33,43,103,74,75,66,69,84,60,96,105,95,146,194,207,190,111,163,88,157,202,98,212,119,90,65,154,33,134,114,189,60,93,81,106,68,40,49,63,53,58,53,42,58,44,53,52,47,49,65,55,41,49,58,27,60,26,19,58,32,16,91,8,13,19,41,24,45,26,30,29,41,31,32,45,29,35,37,21,14,12,31,24,24,16,80,83,177,193,42,65,60,63,77,52,56,37,12,60,56,105,28,64,31,56,23,23,93,42,104,90,69,237,88,85,85,143,67,91,39,17,332,346,
20201209,5,PM2.5,37,58,93,60,43,83,63,27,38,77,55,68,48,100,63,29,37,30,35,13,50,20,15,22,44,17,21,32,21,20,31,20,26,37,19,31,27,33,25,28,9,39,52,58,72,13,6,69,84,34,91,89,128,47,49,50,40,49,45,43,46,29,43,70,19,51,22,37,23,98,33,63,90,160,131,120,81,70,17,33,43,30,7,43,65,68,69,71,37,40,48,51,67,30,33,53,38,36,63,51,41,43,43,42,37,39,59,40,20,86,75,87,108,70,59,24,29,28,118,23,19,51,22,75,67,86,78,93,128,65,117,114,158,92,97,126,47,36,44,33,28,39,64,48,32,32,45,29,8,16,121,109,58,94,108,18,28,131,97,51,33,87,25,34,58,64,58,,48,22,16,29,33,24,18,18,16,11,40,26,24,49,55,20,64,58,42,26,,112,91,17,79,51,69,114,51,47,31,39,16,15,42,19,25,55,88,23,32,51,28,35,27,34,16,15,20,67,31,29,22,25,72,28,44,12,55,83,60,54,88,38,67,72,72,55,56,63,55,10,46,41,14,23,25,77,54,55,48,50,62,41,72,79,71,112,146,157,143,84,124,65,120,152,73,162,90,67,47,118,22,102,86,142,43,69,60,80,49,27,34,45,37,41,33,21,41,31,37,35,33,34,47,39,29,34,41,19,43,18,8,41,21,11,68,4,9,12,29,17,25,18,18,19,29,22,18,22,20,20,20,13,4,7,22,9,5,11,59,61,134,145,28,46,43,45,52,32,40,26,8,27,40,79,15,46,22,20,8,9,69,29,78,60,41,187,65,58,63,109,36,68,27,11,282,280,
20201209,5,PM2.5_24h,30,39,62,36,29,47,56,26,32,44,48,39,47,79,55,44,22,30,44,35,56,41,30,17,56,48,44,47,54,41,36,21,44,51,23,25,37,33,30,39,17,50,38,41,71,12,10,80,37,31,79,85,122,41,47,44,38,45,38,42,46,32,36,52,33,41,23,31,22,87,54,81,81,154,119,116,59,55,31,43,46,65,13,29,38,44,41,47,53,28,36,48,40,27,26,32,41,26,60,57,48,46,47,43,32,45,49,41,22,68,57,90,80,50,71,31,62,48,91,27,20,58,21,68,66,85,75,64,91,58,88,121,99,100,112,125,50,33,49,32,27,38,48,46,45,42,42,42,15,31,78,90,48,98,97,30,39,108,74,57,36,37,42,34,47,41,40,,35,28,15,19,27,43,38,39,36,33,67,43,39,58,63,30,64,77,66,49,,105,116,22,93,79,46,108,37,40,73,28,16,47,35,16,13,53,74,36,41,57,28,33,31,35,18,22,31,46,32,29,23,28,58,22,44,9,61,90,61,64,81,31,60,95,69,80,59,84,76,11,48,44,23,20,23,78,45,62,52,44,63,45,58,59,57,84,102,119,143,75,96,56,110,172,64,169,104,45,45,132,22,71,65,133,43,53,60,60,58,41,36,36,37,46,33,27,33,29,38,37,27,34,38,32,45,37,37,23,33,25,14,35,23,23,60,24,17,31,23,15,49,17,20,24,21,21,21,30,16,23,28,20,18,12,23,43,7,15,50,45,75,112,47,28,76,38,52,34,57,21,16,31,25,85,11,34,22,23,15,10,83,117,52,69,33,220,53,51,61,124,43,57,25,15,276,243,
20201209,5,PM10,73,66,157,103,81,133,111,51,64,125,96,93,81,156,86,55,53,51,44,18,75,26,28,33,70,31,37,48,32,32,38,39,35,73,35,50,52,55,47,52,15,83,60,96,75,14,6,88,129,62,133,104,85,71,77,87,65,63,59,62,54,44,72,86,31,72,35,60,37,117,53,75,134,146,138,130,113,90,34,54,50,52,6,64,121,110,106,106,75,71,75,73,110,63,47,84,52,35,76,69,39,50,50,49,49,44,81,66,31,139,162,123,173,130,81,75,50,59,141,38,45,71,35,63,70,93,114,130,149,117,159,126,166,93,124,104,76,37,61,45,39,53,71,74,29,39,63,37,13,31,121,141,68,104,173,48,46,174,139,83,66,135,89,66,109,113,90,,65,40,32,52,62,49,30,28,28,18,45,40,52,73,76,29,119,96,69,46,,158,79,18,119,86,115,156,101,141,66,48,12,46,64,25,30,70,128,33,58,92,48,55,52,86,22,36,38,94,81,41,34,31,88,42,60,30,79,124,98,94,99,56,92,104,92,91,87,80,56,11,45,41,20,17,43,106,94,43,79,78,80,69,92,117,107,122,146,194,192,92,179,96,159,133,108,144,128,96,41,134,33,114,93,164,46,100,86,102,68,40,42,58,53,59,55,42,51,37,45,53,38,33,62,50,36,42,46,22,57,22,19,62,32,13,88,7,11,18,38,19,45,17,30,29,39,27,32,45,16,35,37,21,14,12,30,24,8,7,64,82,132,148,42,79,54,66,103,54,53,33,9,70,47,95,28,67,28,61,23,23,88,42,79,129,87,255,116,120,92,151,83,86,,17,396,457,
20201209,5,PM10_24h,54,59,107,65,59,89,99,52,70,78,84,71,81,130,87,78,38,47,57,41,89,52,38,39,94,68,76,68,77,61,50,42,62,95,41,46,62,62,52,63,27,82,52,66,70,16,13,104,77,62,113,101,87,67,78,80,67,69,68,57,65,43,64,69,47,58,40,62,49,116,89,108,118,144,130,132,89,89,54,61,57,112,12,61,75,83,67,86,102,57,65,71,71,48,41,59,54,34,80,90,53,59,55,58,42,59,66,62,40,126,126,128,128,97,111,70,107,92,118,42,53,86,43,62,72,86,114,101,118,100,126,128,109,136,142,90,73,41,64,46,43,51,56,73,53,52,60,55,21,52,92,113,68,119,147,51,64,141,91,106,71,79,81,77,81,66,69,,55,54,34,41,49,75,55,56,56,47,81,62,83,82,82,49,114,120,103,78,,146,127,33,125,157,90,145,84,108,117,42,20,83,48,30,19,67,107,60,68,78,48,51,62,89,34,41,40,79,68,45,41,46,85,42,63,23,91,121,107,97,73,44,88,133,98,115,97,92,60,15,51,50,32,25,40,104,80,45,79,74,82,67,87,96,97,108,108,150,190,100,134,81,147,169,81,156,144,73,50,156,37,83,74,149,46,69,84,88,83,68,59,64,54,65,55,44,50,43,81,54,40,38,52,56,57,50,50,30,49,36,40,56,32,26,78,34,24,38,31,24,87,31,40,40,32,29,32,63,25,49,61,26,44,31,42,58,16,27,63,58,76,123,66,51,99,56,83,49,70,30,30,83,45,100,25,60,40,44,41,28,100,136,52,168,63,300,93,121,83,187,103,66,30,18,344,346,
20201209,5,SO2,7,18,18,15,24,19,18,19,13,21,52,29,13,36,17,39,18,27,18,7,9,7,5,12,15,6,8,11,7,8,5,8,7,7,9,7,9,7,7,6,5,8,4,5,8,4,3,7,24,12,11,7,8,9,7,11,10,13,10,13,12,6,14,14,7,10,8,17,5,15,13,20,12,8,9,8,32,15,11,39,33,21,2,50,23,18,44,20,23,16,20,40,26,14,6,32,8,10,29,38,5,10,13,9,9,9,24,20,9,11,70,21,78,59,21,14,21,25,53,17,36,8,10,12,8,7,7,11,9,14,14,14,8,7,10,8,3,12,10,21,7,6,10,13,9,4,2,3,8,6,12,26,9,6,15,4,6,42,5,4,18,22,19,20,22,17,22,,6,13,7,5,8,9,6,8,7,6,14,14,12,10,9,6,4,5,7,7,,6,12,4,19,20,49,21,13,26,9,20,3,5,18,9,14,7,54,13,21,33,18,20,27,16,9,10,6,14,13,14,8,8,6,20,37,23,15,10,8,9,11,6,13,7,6,7,8,11,7,4,9,6,7,3,21,33,47,14,14,17,39,5,8,13,12,14,9,7,6,8,7,12,7,11,11,6,2,13,8,5,6,20,21,3,5,13,7,5,5,18,10,11,10,12,14,10,8,8,16,4,7,4,9,7,6,7,7,3,5,11,6,10,6,15,4,7,6,58,5,6,19,9,4,10,24,8,8,10,6,9,12,7,7,6,3,6,11,8,12,24,21,16,39,13,4,14,8,5,6,4,5,8,8,17,17,12,14,15,14,15,27,4,10,12,10,7,39,8,10,6,16,15,1,2,9,4,
20201209,5,SO2_24h,6,12,17,12,17,17,20,26,24,14,23,17,16,42,21,43,14,17,17,7,8,8,5,15,19,8,10,12,7,9,7,8,11,7,8,6,10,7,8,5,6,6,4,6,10,4,3,6,22,16,12,8,7,11,8,9,11,9,10,12,12,5,11,12,7,6,14,12,6,16,19,31,16,9,6,6,28,25,16,27,30,56,3,24,14,27,36,26,25,14,22,24,25,17,6,30,8,10,19,30,7,10,12,8,9,10,15,25,9,18,78,18,71,40,39,19,27,30,42,17,32,14,11,12,9,7,8,13,16,11,18,13,8,14,11,10,3,11,11,19,7,6,7,27,10,5,3,4,12,9,16,30,10,8,20,13,22,48,6,5,25,16,18,20,26,16,24,,8,22,6,4,9,10,7,10,10,8,14,11,13,10,11,9,5,5,26,7,,7,13,5,14,51,49,20,24,24,18,15,5,21,24,7,12,9,70,23,26,32,16,20,23,22,10,10,11,11,12,13,10,7,8,15,11,25,15,10,13,9,10,6,13,8,8,7,10,9,7,4,10,6,7,3,15,16,29,11,13,19,25,6,21,13,14,17,17,9,9,11,10,13,10,11,9,8,3,11,9,7,6,11,17,4,5,11,10,5,6,18,10,15,10,9,11,9,9,9,10,16,8,5,4,8,7,10,7,4,4,13,7,10,9,19,4,14,6,33,11,7,29,8,4,10,11,7,6,10,7,15,13,8,9,7,7,9,11,8,10,16,20,17,35,12,8,20,7,6,8,7,14,9,14,34,10,20,18,24,26,16,18,11,8,17,16,8,22,12,10,7,17,14,2,3,9,9,
20201209,5,NO2,60,67,67,70,66,55,64,28,49,68,63,60,51,65,55,44,40,43,37,51,41,36,26,42,54,25,32,42,25,17,25,46,27,57,44,35,40,48,61,21,10,53,41,41,57,10,6,45,54,68,58,45,44,48,26,41,46,56,43,34,21,32,38,15,34,42,24,40,37,47,21,30,42,71,55,41,60,33,30,34,63,39,9,59,58,49,61,45,51,41,57,44,39,63,21,55,26,22,23,23,25,12,17,30,15,15,36,53,27,40,66,43,60,62,40,20,26,38,50,31,22,49,15,47,42,36,56,52,47,55,55,51,19,30,34,48,12,15,18,21,10,33,28,46,18,19,36,16,12,15,50,51,57,29,62,15,11,48,40,26,50,50,64,61,59,38,65,,41,30,17,27,44,45,31,26,26,27,33,33,21,57,41,20,42,53,36,44,,41,21,32,40,47,53,52,41,60,9,24,4,7,42,13,8,9,43,15,31,41,31,28,35,31,17,13,21,59,27,18,21,29,50,14,34,28,46,32,36,61,43,19,49,30,55,51,30,63,65,11,18,20,10,9,24,32,50,33,24,46,45,32,45,59,54,44,48,40,47,37,42,49,31,27,51,33,29,46,27,31,22,43,30,39,31,35,14,29,10,24,16,23,23,21,24,25,28,16,13,35,9,13,40,33,19,19,27,19,30,9,21,34,12,10,14,16,10,17,14,10,23,7,14,19,24,5,14,20,12,23,21,6,5,19,21,12,6,7,32,63,21,40,17,43,21,22,22,28,11,10,9,33,21,45,16,14,27,20,19,37,20,14,23,54,46,55,57,51,24,60,42,21,9,9,76,80,
20201209,5,NO2_24h,47,59,59,55,45,47,62,32,49,60,49,52,50,63,52,52,37,38,40,37,51,38,20,43,54,35,40,45,29,22,30,34,39,64,41,38,49,48,52,25,13,52,42,41,59,16,18,43,50,57,59,52,38,45,30,50,43,50,48,29,23,34,34,18,36,43,23,35,41,49,57,55,48,72,49,44,56,48,42,35,56,47,17,52,44,50,54,49,49,42,47,40,42,44,22,44,22,22,21,29,24,16,21,23,22,24,29,42,26,52,57,39,58,61,56,33,45,47,53,29,20,52,24,45,41,34,54,48,54,43,53,43,29,39,38,40,18,17,16,20,19,35,29,50,28,27,37,29,16,25,44,47,60,38,51,16,26,51,40,27,49,48,46,53,47,36,46,,36,40,21,26,36,42,32,32,28,25,35,36,42,44,53,19,50,55,51,52,,40,41,38,34,53,55,47,47,56,31,23,7,26,41,16,9,16,43,34,41,36,33,26,34,27,19,14,23,45,25,19,22,21,48,17,30,20,45,35,44,46,35,23,49,39,50,43,32,46,53,17,23,22,17,19,25,32,39,36,28,39,39,27,41,48,51,47,48,41,45,46,39,48,34,39,46,44,33,38,31,36,25,33,31,31,29,31,25,34,21,30,19,24,21,22,23,19,22,17,23,41,20,24,31,33,29,30,30,24,31,19,33,31,14,14,19,24,18,28,13,11,30,14,18,20,20,11,13,26,19,24,26,12,23,32,25,21,9,11,31,56,24,40,27,38,31,22,37,29,18,18,22,45,26,42,13,25,35,23,24,29,35,35,23,59,33,74,36,44,23,69,34,32,11,20,73,66,
20201209,5,O3,3,5,6,3,7,5,3,27,7,5,5,2,5,4,4,17,29,14,37,32,25,41,47,23,5,42,42,32,40,44,26,14,24,8,31,37,29,27,16,56,72,6,12,9,3,64,75,3,23,10,3,5,3,30,32,34,24,19,36,31,39,39,17,69,18,8,18,9,19,11,75,51,19,21,4,5,3,41,42,15,7,21,63,14,5,13,7,22,17,18,4,15,29,3,34,5,14,30,53,43,16,47,44,53,57,26,10,4,5,20,4,32,6,6,32,39,35,24,9,38,20,16,40,9,17,6,5,4,6,2,5,10,44,18,5,2,18,59,53,28,91,10,18,4,18,34,10,30,30,39,6,6,4,21,4,33,72,18,24,33,4,36,4,12,13,3,6,,9,37,46,22,14,32,44,53,45,53,29,47,54,11,28,51,13,14,21,17,,5,25,13,29,17,3,6,7,3,69,47,61,60,23,54,72,78,8,43,34,15,26,21,7,7,50,42,17,12,25,50,25,38,26,26,30,21,33,32,29,12,9,19,32,20,14,22,25,5,20,68,29,21,42,40,2,6,2,3,24,6,4,5,6,11,3,7,,4,5,17,3,5,30,27,4,17,4,4,9,8,1,5,14,12,11,29,31,35,32,30,60,43,34,51,4,24,13,35,48,6,21,35,3,6,17,23,11,4,15,27,29,12,28,32,36,12,10,28,14,29,7,71,24,13,3,42,22,8,57,9,11,44,37,28,16,25,76,35,4,6,64,43,62,5,37,34,54,44,48,48,37,26,50,19,55,56,31,8,21,50,60,62,62,17,15,27,16,11,,15,31,52,28,4,5,4,
20201209,5,O3_24h,42,52,26,65,62,58,35,57,49,47,47,44,41,31,40,60,59,59,63,80,37,61,81,61,45,56,51,51,53,68,57,74,52,25,74,59,58,50,52,61,95,22,28,26,22,69,85,39,55,50,18,31,34,110,124,123,100,112,119,115,112,93,89,125,30,39,36,74,77,44,77,74,71,35,36,25,39,60,61,62,65,51,74,59,60,57,58,81,56,60,60,63,58,61,60,70,105,73,118,111,72,95,88,105,94,62,91,88,79,49,36,55,22,31,70,61,58,45,51,68,51,59,48,33,33,42,19,49,24,50,44,36,85,73,29,68,48,81,119,62,106,42,43,92,46,40,47,56,38,76,54,59,30,42,47,74,78,64,50,57,49,58,51,64,66,60,62,,63,61,56,59,70,67,67,69,64,83,54,73,57,44,31,82,46,22,106,18,,35,49,56,66,47,24,51,33,16,76,72,96,60,69,62,76,96,71,50,75,67,63,69,66,62,58,54,68,59,58,59,48,59,63,48,53,46,71,57,52,39,40,43,56,56,60,58,59,26,53,71,43,51,55,53,26,19,32,19,61,41,12,31,23,55,48,37,29,39,76,39,39,40,84,80,33,81,32,44,25,61,25,41,53,56,30,56,49,57,53,90,95,102,84,112,42,80,65,78,79,25,52,41,39,39,40,39,31,34,59,71,50,93,46,41,51,29,19,51,53,86,69,91,69,89,67,61,60,76,86,76,59,91,79,73,80,70,82,70,47,42,67,68,79,52,76,73,54,72,62,55,45,86,79,82,100,74,82,67,58,90,73,67,67,63,62,33,64,55,,38,73,57,70,46,36,29,
20201209,5,O3_8h,4,5,5,4,7,5,3,30,8,5,6,2,5,4,5,17,35,15,36,42,26,46,54,18,6,44,42,31,42,47,29,19,23,8,37,44,40,27,17,56,79,4,12,8,3,63,73,3,22,11,3,5,4,28,38,32,27,23,29,37,43,32,17,93,21,5,23,8,17,9,71,55,17,17,3,5,3,42,39,21,7,15,59,10,6,11,7,16,18,14,8,18,19,3,37,6,23,46,55,35,17,48,47,62,59,30,18,4,8,14,2,35,6,6,22,43,26,17,10,40,25,17,39,8,18,10,5,5,4,4,5,17,49,19,5,2,18,59,58,28,89,9,32,5,17,34,10,33,29,37,8,6,4,20,4,35,72,11,25,36,4,34,4,10,13,5,7,,10,37,48,23,16,39,46,54,50,56,33,42,54,13,25,53,15,14,13,11,,6,27,23,30,14,3,6,6,4,73,48,60,57,28,59,73,77,8,45,29,15,23,12,7,8,52,44,21,15,28,52,27,50,24,26,28,27,35,34,31,12,12,22,33,25,21,22,28,1,20,66,27,16,37,40,2,4,3,4,24,7,6,9,8,7,3,5,,4,6,15,6,4,40,27,4,18,4,4,9,11,1,9,15,15,15,31,29,35,31,33,61,45,36,52,5,24,11,33,30,5,20,35,4,7,16,22,8,3,11,27,24,16,27,34,34,11,9,29,13,37,14,70,17,17,4,43,21,9,61,15,10,42,30,30,13,21,76,40,4,6,59,52,72,6,30,40,27,55,47,28,36,22,58,32,63,63,36,9,21,51,63,57,63,14,14,12,13,17,,12,44,33,22,2,4,4,
20201209,5,O3_8h_24h,4,6,6,3,7,7,3,30,8,5,10,3,6,5,5,18,41,17,37,45,29,48,60,18,8,46,44,33,44,51,33,21,23,11,45,50,54,30,19,57,87,7,12,8,3,63,73,3,24,10,3,5,5,31,40,36,32,25,30,48,46,32,20,105,26,6,31,8,17,11,71,60,17,18,3,7,4,46,39,25,8,16,59,11,9,11,7,16,21,17,13,21,19,4,42,9,38,55,59,35,17,48,49,66,60,34,26,4,10,14,3,46,6,6,23,45,26,18,12,44,30,19,39,9,21,14,5,7,4,7,5,20,53,30,5,2,19,59,62,29,90,10,42,7,18,35,12,35,30,38,10,6,5,23,4,37,75,12,26,36,5,34,4,11,15,6,7,,15,40,51,36,17,45,46,55,53,59,37,42,57,15,25,61,18,14,13,11,,8,27,27,43,16,4,6,6,4,74,53,60,57,34,62,73,77,10,48,29,15,23,12,7,9,54,48,25,24,31,54,30,56,28,27,32,29,39,36,32,12,15,23,37,30,26,23,32,1,21,66,27,16,38,41,3,4,5,5,25,7,8,12,12,7,3,6,,4,9,16,13,5,47,30,4,21,4,4,9,12,1,14,17,26,20,32,30,35,32,37,62,47,43,61,6,28,11,34,30,5,20,35,8,7,16,24,9,3,11,28,24,19,27,36,34,11,9,29,13,44,35,71,17,22,5,44,29,10,65,25,10,44,30,33,19,22,77,43,4,6,59,68,76,9,30,53,27,58,48,30,36,23,73,60,70,65,56,16,24,51,64,57,63,16,15,12,13,22,,12,59,36,26,2,4,5,
20201209,5,CO,0.82,0.95,1.60,1.02,1.32,1.08,0.93,0.77,1.53,1.08,1.40,0.97,0.97,1.95,1.67,1.33,0.68,0.83,0.61,0.42,0.92,0.47,0.53,0.72,0.91,0.30,0.54,0.67,0.33,0.70,0.37,0.43,0.50,0.86,0.67,0.45,0.73,0.67,0.70,0.53,0.53,0.73,1.03,1.10,0.92,0.82,0.67,1.28,1.18,0.70,1.04,1.14,1.18,0.80,0.77,0.85,0.78,0.70,0.87,0.78,0.75,0.63,0.93,0.90,0.75,0.69,0.80,0.88,0.98,1.04,0.57,0.70,1.44,2.07,1.15,0.93,2.63,1.04,0.78,1.35,1.23,1.05,0.53,0.80,1.10,0.93,1.33,1.07,0.72,0.83,0.86,0.80,0.93,0.90,0.70,0.90,0.88,0.60,0.82,0.90,0.70,0.80,0.75,0.70,1.05,0.65,0.97,0.85,1.40,0.83,1.74,1.36,1.90,1.48,1.73,0.95,0.77,1.50,1.84,0.83,0.68,0.90,0.68,0.87,0.73,0.89,0.80,1.25,1.20,0.93,1.22,1.13,1.10,1.27,1.08,1.42,0.93,0.90,1.03,1.00,0.55,0.65,0.82,1.74,0.87,0.67,0.70,0.75,0.70,0.55,1.03,1.30,1.87,0.77,1.63,0.95,0.40,2.27,0.98,0.73,0.60,1.40,1.20,0.85,1.10,1.65,1.20,,1.05,0.45,0.55,0.75,1.85,0.60,0.65,0.60,0.30,0.40,1.05,0.77,0.60,0.95,0.70,0.55,1.10,0.70,0.60,0.70,,1.10,1.00,0.35,1.06,0.84,1.70,1.80,1.03,1.07,0.77,0.57,0.35,0.60,0.65,0.40,0.65,0.50,1.46,0.70,1.13,1.92,0.90,1.30,1.15,2.05,0.55,0.40,0.60,1.43,0.67,0.40,0.55,0.40,1.40,0.25,0.50,0.60,0.48,0.80,0.57,1.03,1.20,0.90,0.68,0.60,0.60,0.97,0.75,1.10,0.67,0.63,0.50,0.47,0.57,0.55,0.70,1.05,0.97,0.82,1.37,0.90,1.00,1.03,1.17,1.00,0.88,0.97,1.40,1.23,1.30,0.72,1.00,1.02,1.10,1.05,1.10,1.05,0.85,1.00,1.13,1.03,0.40,1.34,1.02,1.63,0.88,0.90,1.60,1.05,0.75,0.95,0.67,0.93,0.83,0.90,0.90,0.75,1.00,0.75,0.65,1.10,0.63,0.73,0.93,0.97,0.73,0.63,0.93,0.70,0.80,0.35,0.20,0.90,0.97,0.83,1.00,0.70,0.75,0.90,1.00,0.45,1.45,0.45,0.50,0.60,0.80,0.63,0.60,0.60,0.65,0.70,0.75,0.35,0.55,0.50,1.00,1.30,0.50,0.50,1.03,1.10,1.00,1.10,0.60,0.75,0.75,0.60,0.50,0.85,0.85,0.45,0.50,1.40,0.70,1.00,0.50,0.50,0.60,0.70,1.50,0.70,0.53,0.40,0.95,2.40,1.05,1.95,1.20,1.55,1.20,2.95,1.40,1.00,2.00,1.10,2.30,2.80,
20201209,5,CO_24h,0.57,0.78,1.09,0.73,0.96,0.82,0.88,0.73,1.58,0.75,1.03,0.77,1.05,1.68,1.44,1.42,0.78,0.62,0.64,0.61,0.86,0.66,0.63,0.83,1.03,0.50,0.88,0.73,0.53,0.80,0.47,0.45,0.88,1.06,0.81,0.50,0.93,0.80,0.80,0.63,0.63,0.93,1.10,1.03,1.01,0.76,0.60,1.04,0.95,0.70,1.01,1.04,1.20,0.92,0.75,0.85,0.83,0.77,0.97,0.74,0.78,0.60,0.93,0.85,0.84,0.83,0.83,0.83,1.05,1.29,1.32,2.10,1.58,2.22,1.13,0.97,1.62,1.10,1.10,1.23,1.23,1.57,0.50,0.88,0.87,0.83,0.77,1.12,0.76,0.68,0.82,0.83,0.90,0.63,0.73,0.57,0.88,0.63,0.83,0.90,0.75,0.83,0.80,0.80,1.15,0.75,0.88,0.95,1.10,0.83,1.62,1.40,1.45,1.22,1.90,1.15,1.23,1.75,1.72,0.78,0.56,1.00,0.74,0.83,0.72,0.91,0.82,0.98,1.10,0.80,1.10,1.13,1.00,1.20,1.16,1.38,0.90,0.87,1.00,1.07,0.55,0.75,0.88,1.66,0.83,0.87,0.83,0.78,0.72,0.95,1.03,1.15,1.43,0.84,1.73,0.80,0.75,1.70,0.84,0.73,0.70,1.20,1.00,0.75,0.95,0.80,0.85,,0.95,0.65,0.55,0.70,1.25,0.75,0.85,0.77,0.65,0.50,1.15,0.77,0.90,0.90,1.00,0.60,1.20,0.90,1.10,1.00,,1.02,1.13,0.35,0.96,1.20,1.45,2.00,0.93,1.00,1.30,0.43,0.40,0.85,0.70,0.40,0.60,0.60,1.18,1.13,1.30,1.63,0.67,1.00,0.95,1.65,0.65,0.50,0.63,0.87,0.67,0.50,0.50,0.40,1.05,0.35,0.45,0.55,0.58,0.76,0.67,1.13,1.15,0.87,0.75,0.83,0.67,1.05,0.85,1.10,0.90,0.65,0.57,0.53,0.60,0.55,0.78,1.15,0.80,0.73,1.30,0.77,1.25,1.00,1.10,0.97,0.75,0.85,1.23,0.98,1.26,0.88,0.93,0.84,1.10,1.20,0.93,1.23,0.95,0.70,1.03,1.17,0.45,1.22,0.88,1.57,0.82,0.80,1.40,0.97,0.80,1.13,0.70,1.07,0.83,0.85,0.90,0.75,1.00,0.85,0.75,1.10,0.63,0.85,0.90,1.03,0.83,0.55,0.93,0.70,0.90,0.65,0.50,0.93,1.10,1.00,1.00,0.85,0.95,0.85,0.90,0.55,1.85,0.55,0.55,0.75,0.85,0.73,0.70,0.65,0.70,0.65,0.90,0.55,1.10,0.70,1.15,1.75,0.45,0.65,0.87,0.97,0.80,1.05,0.80,0.80,0.90,0.50,0.75,0.70,0.95,0.45,0.60,1.75,0.70,1.70,0.20,0.50,0.80,0.70,1.20,0.60,0.77,1.05,1.05,2.55,0.90,2.75,0.90,1.00,1.20,3.40,1.30,1.20,1.60,0.90,2.35,2.40,
20201209,6,AQI,60,80,119,88,72,103,87,53,59,99,80,91,65,130,89,54,65,54,51,32,61,27,29,36,57,35,32,42,35,32,46,41,39,62,42,50,52,52,42,48,19,63,71,79,99,20,23,98,100,58,110,120,166,64,66,70,56,69,64,60,64,46,60,91,32,70,30,57,31,131,52,89,126,214,171,156,110,86,34,59,63,55,20,56,96,94,95,108,59,60,69,70,93,54,43,68,54,60,83,70,56,59,63,64,54,54,76,60,37,108,111,118,148,99,73,61,50,53,143,41,54,66,31,105,83,114,105,125,171,85,145,157,208,128,126,164,66,51,63,49,39,54,80,63,43,44,60,37,10,30,159,148,81,124,135,46,43,136,135,66,61,116,78,59,78,104,84,,70,48,31,50,61,41,27,26,30,19,53,38,48,65,68,28,89,79,60,50,,143,115,29,113,68,87,150,75,95,61,56,23,51,64,31,33,70,146,47,60,70,48,54,52,66,22,36,40,103,66,43,33,43,166,42,60,24,78,101,76,73,111,52,80,96,93,81,81,85,75,21,65,56,17,27,43,99,81,80,68,68,80,60,105,101,100,146,189,205,189,113,167,85,157,207,105,212,123,91,68,151,34,134,120,187,56,95,83,108,66,37,50,58,54,60,56,45,60,44,55,51,47,49,73,53,44,49,56,26,63,27,17,63,33,13,88,15,13,15,39,23,44,26,25,27,46,31,47,45,24,36,35,18,14,9,25,30,25,14,79,83,154,193,47,68,66,58,80,44,58,44,11,62,52,105,25,61,29,56,21,24,81,33,109,90,61,227,85,87,101,146,76,89,36,16,330,333,
20201209,6,PM2.5,34,59,90,65,47,77,63,31,39,74,59,68,47,99,66,31,47,36,36,14,43,18,16,23,40,22,18,27,21,21,32,21,27,38,22,30,29,32,23,27,9,37,52,58,74,13,5,73,75,35,83,91,126,46,48,51,40,50,46,43,46,31,41,68,21,51,21,36,19,100,35,66,96,164,130,119,83,64,18,42,45,31,8,40,72,70,71,81,36,38,44,51,69,33,29,49,38,43,61,51,40,42,45,46,38,38,56,38,22,81,76,89,113,74,53,26,29,27,109,25,18,48,18,79,61,86,79,95,130,63,111,120,158,97,96,125,48,36,45,34,27,38,59,45,30,31,43,26,7,14,121,113,60,94,103,24,25,104,103,48,39,88,42,34,57,78,62,,51,28,15,28,33,19,19,16,17,11,37,24,22,47,49,18,66,58,43,28,,109,87,20,85,49,61,115,45,53,39,40,16,10,46,16,22,51,112,27,29,51,27,32,31,28,9,10,28,77,33,29,20,30,126,24,43,11,57,76,56,53,84,35,59,72,69,60,60,63,55,11,47,40,12,19,23,74,60,59,49,49,59,40,79,76,75,112,142,155,142,85,127,63,120,157,79,162,93,68,49,116,21,102,91,141,40,71,61,81,48,26,35,41,38,43,39,28,43,31,39,36,33,34,53,37,31,34,40,18,45,19,7,45,19,9,65,8,8,10,27,16,31,18,11,19,32,22,27,22,17,24,23,12,4,4,16,21,5,10,58,61,118,145,29,49,48,41,59,31,41,31,7,28,36,79,14,44,20,18,5,7,60,23,82,63,40,177,60,64,76,112,39,66,25,11,280,283,
20201209,6,PM2.5_24h,31,41,63,38,30,48,56,28,34,46,48,41,46,82,56,44,23,31,45,33,55,39,29,17,56,46,42,46,53,39,36,21,44,50,22,25,37,32,28,39,15,50,40,42,69,12,10,80,39,31,79,86,124,41,47,45,38,45,39,42,46,31,36,52,31,41,23,31,23,88,53,80,81,154,122,119,61,57,30,43,46,65,13,29,40,46,42,49,53,29,37,49,41,27,26,33,41,26,60,57,47,47,47,43,32,45,50,41,22,70,59,91,83,51,72,32,60,47,93,28,19,59,21,67,65,85,74,66,95,58,89,120,103,100,112,126,50,33,49,32,28,38,48,47,44,42,43,42,14,30,79,91,49,97,97,30,36,111,76,56,36,40,42,34,48,43,41,,36,28,15,20,28,41,36,37,35,32,66,42,38,56,62,29,66,77,66,49,,104,117,21,90,78,48,109,38,40,71,29,15,46,36,16,14,54,76,36,40,58,28,34,31,34,18,21,32,48,31,29,23,28,56,23,45,9,58,86,60,63,80,32,60,95,67,79,60,81,74,11,48,43,23,20,23,78,46,62,51,45,61,45,58,60,59,86,106,123,144,76,98,56,113,169,64,169,103,46,45,130,22,74,67,135,42,54,60,62,57,40,35,36,36,46,33,27,33,30,38,37,27,35,39,33,45,37,38,23,34,25,14,36,23,23,61,24,17,30,23,15,49,17,19,24,22,22,22,29,16,23,28,20,18,12,24,43,7,15,51,46,78,116,46,29,75,37,52,34,57,21,16,31,26,84,11,34,22,23,14,10,81,112,54,68,34,220,54,52,62,125,43,58,26,15,277,247,
20201209,6,PM10,69,68,154,112,93,138,124,56,68,120,110,111,73,156,89,58,65,58,45,20,72,27,29,36,64,35,32,42,35,32,42,41,34,73,42,50,53,54,42,48,16,76,68,100,75,16,6,89,122,66,126,104,90,69,75,88,60,64,61,62,52,46,70,81,32,72,30,64,31,114,54,78,145,162,135,131,110,85,34,64,58,59,8,61,127,110,110,112,68,69,88,75,102,58,43,80,56,40,73,69,43,46,52,52,49,46,79,70,37,127,171,126,173,126,72,71,50,56,126,41,58,74,31,64,63,98,114,131,155,104,164,117,162,130,117,103,70,40,56,45,36,48,69,69,30,33,58,36,9,30,117,156,66,105,154,46,43,150,141,81,71,137,105,68,98,124,94,,68,48,31,50,72,41,27,26,30,19,41,38,48,70,65,28,119,97,66,50,,151,79,25,132,73,124,153,100,139,72,55,10,51,72,31,33,70,173,47,70,86,48,58,54,82,22,36,39,102,81,43,33,39,208,42,58,24,77,114,94,88,96,53,81,99,89,90,90,80,55,15,42,39,14,17,43,100,101,43,75,74,78,69,100,109,123,116,150,190,189,85,180,90,163,155,110,143,126,97,46,135,34,120,95,163,41,102,85,101,64,35,41,53,49,52,62,45,46,39,55,47,37,35,68,50,37,40,45,21,51,19,17,65,33,11,87,15,13,15,36,13,44,17,25,23,33,25,47,45,22,36,35,18,14,9,25,18,7,12,65,78,127,154,47,81,52,51,94,43,49,41,11,73,54,83,25,60,25,62,21,24,76,32,81,130,72,244,119,123,97,151,101,84,,13,392,434,
20201209,6,PM10_24h,56,61,109,68,61,92,100,55,71,82,86,73,81,135,89,77,39,48,58,40,89,50,37,38,93,66,73,67,75,60,49,43,61,94,39,46,60,60,51,62,25,84,54,68,70,16,13,104,80,63,115,102,89,66,78,81,67,70,67,57,65,43,64,69,45,59,41,63,49,116,87,107,118,145,133,135,91,91,52,62,58,112,11,61,78,85,68,86,100,58,67,72,73,49,42,60,54,34,80,90,53,58,55,58,42,59,67,63,40,129,130,129,132,98,112,71,103,90,120,43,54,88,43,62,72,86,114,102,121,99,129,127,113,136,142,92,74,40,64,46,43,52,57,74,52,52,60,55,21,51,93,116,69,118,149,51,60,145,95,104,72,82,84,78,83,69,70,,56,53,34,42,51,71,54,53,53,45,80,60,81,81,80,47,116,120,104,79,,145,127,32,122,154,93,145,87,110,114,43,19,82,49,30,20,68,110,60,67,79,49,52,63,89,34,41,40,81,68,45,40,46,92,43,64,23,88,117,106,95,75,45,88,131,97,114,97,90,59,15,51,50,32,24,41,106,81,46,78,74,81,68,86,93,98,109,112,156,190,101,138,82,152,165,84,156,143,74,50,155,37,87,76,151,45,71,85,90,83,67,59,63,54,64,56,43,51,43,82,54,40,38,53,57,57,50,50,30,49,37,40,57,32,26,79,34,24,37,32,24,88,31,40,40,32,29,33,63,25,49,61,27,44,31,42,58,16,27,64,59,80,127,65,52,96,56,84,50,69,30,30,83,46,100,25,61,40,45,40,29,99,130,55,169,65,296,94,122,83,187,103,68,30,18,348,355,
20201209,6,SO2,6,19,18,15,29,22,19,22,13,19,53,30,13,38,19,36,20,28,20,7,8,7,4,15,15,6,8,11,6,7,5,7,6,7,8,7,10,10,6,6,5,8,4,5,9,4,3,7,21,12,12,7,8,9,7,10,10,11,11,14,12,6,12,16,7,9,9,14,5,15,11,19,12,11,8,7,33,16,10,35,78,25,2,42,29,16,46,17,20,15,20,38,25,13,7,29,8,11,33,39,5,10,14,11,9,10,17,23,9,11,66,20,70,75,22,14,24,28,38,19,25,8,14,12,8,7,7,11,8,12,15,12,8,7,13,8,3,9,13,23,9,6,9,12,19,4,2,3,8,7,11,34,11,6,16,4,12,44,5,5,18,23,24,20,20,18,20,,6,14,7,5,8,9,6,9,7,6,13,13,12,10,9,6,4,4,7,7,,6,11,5,27,21,50,16,13,27,9,25,4,5,22,11,13,7,66,14,19,35,16,20,35,16,9,11,7,15,16,15,7,9,10,27,16,34,16,14,8,10,10,6,12,7,6,7,9,7,6,4,16,6,8,2,22,41,51,16,13,18,36,5,10,12,12,12,9,7,6,8,7,12,7,11,11,6,2,15,8,5,6,19,25,3,5,12,8,5,5,14,12,14,10,12,15,7,9,8,18,3,7,4,11,6,6,9,7,4,4,11,7,12,5,16,3,6,6,43,5,5,17,8,4,10,16,9,5,10,6,14,11,7,9,6,3,6,10,8,13,23,12,14,27,13,5,15,9,5,7,5,5,9,8,15,30,13,14,15,26,14,26,4,9,10,5,10,48,8,10,7,14,15,1,2,9,3,
20201209,6,SO2_24h,6,12,17,12,18,17,20,26,24,14,25,18,16,43,22,42,14,18,17,7,8,8,4,15,19,8,10,12,7,9,7,8,11,7,8,6,10,7,8,5,6,6,4,6,10,4,3,6,23,16,12,8,7,11,8,9,11,9,10,12,12,5,11,12,7,6,14,12,6,16,19,32,16,9,6,6,28,26,16,27,30,57,3,25,15,27,37,26,25,14,22,25,25,17,6,30,8,10,20,31,6,10,12,9,9,10,15,24,9,17,78,18,73,42,39,19,27,31,42,17,32,14,11,12,9,7,8,13,15,11,17,13,8,14,11,10,3,11,11,19,7,6,7,27,10,5,3,4,12,9,16,30,10,8,20,13,21,49,6,5,25,17,18,20,26,16,23,,8,21,6,4,9,10,7,10,9,8,14,11,13,11,11,9,5,4,26,7,,7,13,5,14,49,50,20,24,24,18,16,5,19,24,7,12,9,71,23,26,32,16,20,24,22,10,10,11,11,13,13,10,7,9,16,11,27,15,10,12,9,10,6,13,8,8,7,10,8,7,4,11,6,7,3,15,17,30,12,12,20,23,6,19,14,14,17,17,9,8,11,10,13,10,11,10,8,3,11,9,7,6,11,18,3,5,11,11,5,6,17,10,15,10,9,11,9,9,9,10,16,8,5,5,7,7,10,7,4,4,13,7,10,9,19,4,14,6,32,10,7,29,8,4,10,11,7,6,10,7,15,12,8,9,7,7,9,11,8,10,17,20,17,34,12,8,20,7,6,8,7,13,9,14,34,11,20,18,24,26,16,18,10,9,17,16,8,24,12,10,7,17,15,2,3,9,8,
20201209,6,NO2,59,68,67,70,69,58,63,30,49,67,59,59,50,65,50,42,43,43,41,64,41,37,29,43,52,29,35,46,25,16,26,50,28,52,46,39,37,54,65,21,12,51,43,37,56,11,8,45,46,68,58,43,42,49,25,47,46,61,47,37,22,31,40,17,37,43,24,41,30,45,22,29,41,73,54,41,61,31,30,41,63,47,10,54,58,47,61,45,49,43,56,45,37,62,23,54,28,25,21,25,23,13,19,27,16,15,32,52,28,40,65,45,58,60,47,24,27,43,48,36,20,50,16,46,43,36,52,52,45,52,54,54,19,33,33,46,14,16,19,22,9,31,31,45,18,20,36,15,12,17,49,53,55,31,63,18,15,41,44,31,52,50,64,62,59,36,63,,42,37,18,29,47,43,44,35,34,34,33,40,26,52,40,17,41,49,45,44,,43,22,33,49,42,53,50,41,62,8,32,4,8,56,24,7,8,44,21,31,40,30,30,34,30,20,15,24,60,33,21,27,33,67,17,34,32,45,35,41,59,43,21,50,35,63,50,29,61,66,11,23,21,9,8,22,31,52,32,24,48,42,32,46,61,53,40,48,39,46,34,41,46,30,31,50,36,30,44,27,29,21,44,31,30,32,36,16,30,15,19,16,26,23,19,23,21,28,15,17,34,8,13,40,33,18,20,28,18,22,8,19,37,11,9,13,17,10,17,14,12,21,8,13,18,24,7,16,19,10,28,21,5,5,18,20,13,4,7,32,63,32,37,21,39,27,22,20,20,12,8,10,30,26,47,32,16,33,16,21,31,18,16,25,52,32,43,60,46,25,70,40,21,8,6,74,83,
20201209,6,NO2_24h,48,60,60,56,46,47,62,34,49,60,49,52,50,64,52,52,38,38,40,38,51,39,21,43,54,35,40,46,30,22,30,35,39,63,41,38,48,47,50,25,13,52,42,41,60,16,18,44,50,59,59,53,39,45,30,51,44,51,49,29,23,34,35,18,36,44,23,36,41,49,55,53,48,72,50,45,56,48,41,35,56,47,17,52,44,49,54,49,48,43,47,41,42,45,22,44,22,23,22,29,24,17,21,23,22,24,29,42,26,51,58,38,58,61,57,32,45,47,53,30,21,53,24,45,42,35,54,48,54,43,53,44,29,39,38,41,18,17,16,21,19,35,29,50,28,27,37,29,16,24,44,47,60,37,52,17,25,51,40,27,49,48,48,54,48,37,46,,37,39,21,27,36,42,33,32,29,26,36,37,42,45,54,19,50,55,51,52,,40,41,38,34,52,56,47,47,57,29,24,7,25,41,17,10,16,42,34,40,36,33,27,34,27,20,15,24,47,25,19,23,21,46,17,31,21,45,35,43,47,36,23,50,38,50,44,32,47,54,17,23,22,17,19,25,32,41,36,27,40,37,28,42,49,50,47,48,41,45,46,39,49,34,38,47,44,34,39,31,36,25,34,32,32,30,32,25,35,21,30,19,25,22,22,23,19,22,17,23,41,20,24,32,33,29,29,30,24,31,19,33,32,14,14,19,24,17,28,13,11,30,14,18,20,20,11,13,26,19,24,27,12,22,32,25,20,9,11,32,57,24,41,26,38,31,22,36,29,18,18,22,45,26,42,14,25,35,23,24,30,33,34,24,58,33,73,39,45,24,69,35,33,11,19,73,67,
20201209,6,O3,3,4,5,4,6,6,3,23,8,5,7,2,5,4,5,17,26,12,32,19,24,38,42,24,7,38,38,28,39,44,25,10,22,12,26,32,33,19,10,56,61,7,13,7,3,63,73,3,30,9,3,5,3,26,31,27,21,14,29,26,37,40,11,56,14,6,16,5,24,12,75,49,21,17,4,5,3,45,43,10,7,16,63,15,5,14,7,25,18,16,4,13,32,3,33,5,10,25,53,41,16,43,40,52,54,23,11,4,4,18,4,26,5,6,27,35,30,21,10,32,22,14,39,11,15,5,5,4,5,4,5,4,42,12,6,2,16,56,50,26,93,9,11,4,16,33,9,31,28,33,6,5,4,18,4,31,67,27,21,28,4,41,5,11,12,5,5,,7,28,42,20,12,33,30,44,36,42,27,36,46,15,28,53,17,15,12,16,,5,22,11,19,23,3,6,11,3,71,38,60,59,11,42,72,84,9,34,34,15,27,19,7,6,46,36,13,13,22,47,19,33,5,23,29,16,30,27,22,10,8,20,34,14,9,20,26,,20,68,23,20,46,43,2,6,2,3,21,4,6,5,5,6,2,9,,4,5,19,5,9,30,20,5,14,4,4,8,10,4,4,15,16,10,26,28,33,20,34,57,38,33,50,4,27,14,36,36,8,20,34,2,6,17,21,10,4,21,28,28,7,30,31,38,8,10,26,13,28,10,64,22,12,3,39,14,7,55,2,9,45,37,26,19,23,81,31,4,5,33,43,51,8,28,34,58,51,45,69,34,31,41,6,42,52,22,11,19,56,62,60,58,16,25,43,14,16,,6,28,52,44,10,4,5,
20201209,6,O3_24h,42,52,26,65,62,58,35,56,49,47,47,44,41,31,40,60,59,59,63,79,37,60,81,61,45,56,51,50,53,68,57,74,52,25,74,59,58,50,53,61,95,22,28,26,22,69,84,36,56,50,18,28,31,110,124,123,100,112,119,115,112,93,89,125,30,39,36,74,77,44,78,74,71,35,34,22,39,62,61,62,65,51,72,59,60,57,58,81,56,60,60,63,58,61,60,70,105,73,118,111,72,95,88,105,94,62,91,88,79,49,36,55,22,31,70,61,58,45,51,68,51,59,48,33,33,42,19,49,24,50,44,36,85,73,26,68,48,81,119,62,106,42,43,92,46,40,47,56,37,76,54,59,30,42,47,74,78,68,50,57,49,58,51,64,66,60,62,,63,61,56,59,70,67,67,69,64,83,54,73,57,44,31,82,46,20,106,18,,35,49,56,66,47,24,51,33,16,76,72,96,60,69,62,76,96,71,50,75,67,63,69,66,62,58,54,68,59,58,59,48,59,64,48,53,46,71,57,52,36,34,42,56,56,60,50,59,26,53,71,43,51,55,53,25,19,31,18,61,41,11,31,23,55,48,37,29,39,76,39,39,40,84,80,33,81,32,40,24,61,25,39,51,56,28,56,49,51,53,90,95,102,84,112,42,80,65,78,79,25,52,41,39,39,40,38,31,34,59,71,50,93,46,41,51,28,19,49,53,86,69,91,69,89,67,61,60,76,86,76,59,91,79,73,80,70,82,70,47,42,67,68,79,52,76,73,58,72,62,69,45,86,79,82,100,74,82,67,58,90,73,67,67,63,62,43,64,55,,38,73,57,70,46,36,29,
20201209,6,O3_8h,4,5,5,4,7,5,3,28,8,5,6,2,5,4,5,17,34,14,36,38,26,45,52,19,6,43,41,31,41,46,28,18,23,8,35,42,39,26,14,56,76,5,12,8,3,63,73,3,24,9,3,5,4,27,37,31,25,21,29,35,42,34,16,87,20,5,22,7,18,10,72,54,17,17,3,5,3,43,40,19,7,15,59,12,6,12,7,17,18,15,8,17,21,3,36,6,21,43,55,36,17,47,46,61,58,29,17,4,7,14,3,33,5,6,23,42,26,18,10,38,24,16,39,8,17,9,4,4,4,4,5,15,48,18,5,2,17,59,56,27,89,9,29,5,17,34,9,32,29,36,8,6,4,20,4,34,71,14,24,34,4,35,4,10,12,5,6,,10,36,47,22,15,38,43,52,48,53,32,41,52,14,25,53,15,14,13,12,,6,26,20,28,16,3,6,7,4,72,46,60,58,25,56,73,78,9,43,30,15,23,13,7,8,51,43,20,15,27,51,26,47,10,25,28,25,34,33,29,12,11,22,33,23,19,21,28,1,20,67,27,16,39,41,2,5,3,4,23,6,6,8,8,7,2,6,,4,6,16,5,5,38,26,4,17,4,4,9,11,2,8,15,15,14,30,29,35,29,33,61,44,36,51,5,25,12,33,31,6,20,35,4,7,16,22,8,3,13,28,25,14,28,33,35,10,9,28,13,35,13,69,18,16,4,42,20,9,61,13,10,43,31,29,14,21,76,38,4,6,55,51,69,6,30,39,32,55,47,35,36,24,55,28,59,61,34,10,20,52,62,57,62,14,16,17,13,16,,11,42,36,26,3,4,4,
20201209,6,O3_8h_24h,4,6,6,3,7,7,4,30,8,5,10,3,6,5,5,18,41,17,37,45,29,48,60,19,8,46,44,33,44,51,33,21,23,12,45,50,54,30,17,57,87,7,12,8,3,63,73,3,24,10,3,5,5,31,40,36,32,25,30,48,46,34,20,105,26,6,31,8,18,12,72,60,17,18,3,7,4,47,40,25,8,16,59,12,9,12,7,17,21,17,13,21,21,4,42,9,38,55,59,36,17,48,49,66,60,34,26,4,10,14,3,46,6,6,24,45,27,18,12,44,30,19,39,9,21,14,4,7,4,7,5,20,53,30,5,2,19,59,62,29,90,10,42,7,18,35,12,35,30,38,10,6,5,23,4,37,75,14,26,36,5,35,4,11,15,6,7,,15,40,51,36,17,45,46,55,53,59,37,42,57,15,25,61,18,14,13,12,,8,27,27,43,17,4,6,7,4,74,53,60,58,34,62,73,78,10,48,30,15,23,13,7,9,54,48,25,24,31,54,30,56,19,27,32,29,39,36,32,12,15,23,37,30,26,23,32,1,21,67,27,16,39,41,3,5,5,5,25,7,7,12,12,7,3,7,,4,9,16,13,5,47,30,4,21,4,4,9,12,2,14,17,26,20,32,30,36,32,37,62,47,43,61,6,28,12,34,31,6,20,35,8,7,16,24,9,3,13,28,25,19,28,36,35,11,9,29,13,44,35,71,18,22,5,44,29,10,65,25,11,44,32,33,20,22,77,43,4,6,59,68,76,9,31,53,32,58,48,35,36,24,73,60,70,65,56,16,24,52,64,57,63,16,16,17,13,23,,12,59,37,26,3,4,5,
20201209,6,CO,0.81,0.94,1.56,1.05,1.58,1.10,1.02,0.82,1.45,1.05,1.40,1.03,1.00,1.92,1.75,1.31,0.74,0.96,0.61,0.44,0.90,0.49,0.53,0.83,0.89,0.35,0.53,0.70,0.33,0.70,0.40,0.43,0.53,0.82,0.72,0.45,0.67,0.67,0.67,0.57,0.57,0.70,0.97,1.07,0.93,0.78,0.67,1.20,1.08,0.69,1.01,1.18,1.18,0.82,0.78,0.88,0.79,0.67,0.87,0.80,0.75,0.63,0.94,0.85,0.76,0.71,0.84,0.92,0.85,1.03,0.68,0.70,1.48,2.10,1.15,0.97,2.73,0.90,0.65,1.40,1.33,1.05,0.50,0.82,1.10,0.97,1.43,1.15,0.70,0.78,0.92,0.83,0.93,1.03,0.70,0.90,0.90,0.67,0.82,0.93,0.70,0.80,0.80,0.70,1.05,0.65,0.95,0.85,1.37,0.83,1.70,1.40,1.93,1.60,1.98,1.02,0.82,1.40,1.92,0.90,0.72,0.86,0.72,0.87,0.73,0.87,0.82,1.35,1.20,0.80,1.25,1.13,1.12,1.30,1.12,1.40,0.93,0.90,1.03,1.00,0.60,0.75,0.84,1.74,0.83,0.67,0.77,0.75,0.70,0.60,1.10,1.45,1.73,0.79,1.70,0.85,0.65,1.97,0.92,0.77,0.65,1.60,1.50,0.85,1.05,1.70,1.30,,1.05,0.60,0.55,0.75,2.00,0.60,0.70,0.60,0.30,0.40,0.95,1.10,0.70,1.00,0.65,0.55,1.10,0.70,0.60,0.70,,1.13,0.98,0.45,1.20,0.84,1.72,1.73,1.03,1.10,0.70,0.63,0.35,0.60,0.70,0.57,0.55,0.50,1.46,0.78,1.15,1.90,0.80,1.35,1.20,2.25,0.60,0.40,0.67,1.33,0.73,0.47,0.55,0.48,2.10,0.30,0.50,0.70,0.48,0.74,0.57,1.08,1.20,0.90,0.60,0.67,0.53,1.00,0.75,1.10,0.67,0.63,0.57,0.50,0.57,0.55,0.72,0.97,1.07,0.82,1.27,0.90,1.05,1.03,1.17,1.03,0.93,0.93,1.43,1.23,1.28,0.70,1.07,0.98,1.13,1.10,1.10,1.07,0.90,1.00,1.13,0.97,0.35,1.38,1.05,1.63,0.93,0.90,1.63,1.15,0.75,0.93,0.70,1.20,0.80,0.85,0.95,0.75,1.00,0.75,0.65,0.73,0.63,0.73,0.97,1.03,0.73,0.63,0.90,0.67,0.80,0.60,0.15,0.92,1.00,0.83,1.00,0.60,0.75,0.80,1.00,0.50,1.15,0.45,0.55,0.60,0.80,0.60,0.60,0.60,0.70,0.75,0.75,0.30,0.55,0.45,0.90,1.25,0.40,0.50,1.00,1.30,0.95,1.05,0.60,0.90,0.90,0.65,0.50,0.65,0.95,0.40,0.50,1.10,0.70,1.00,1.30,0.50,0.60,0.40,1.40,0.60,0.47,0.30,1.15,2.85,0.95,1.80,1.00,1.30,1.20,4.90,1.30,0.97,1.70,1.00,2.30,2.90,
20201209,6,CO_24h,0.59,0.80,1.11,0.73,0.98,0.85,0.88,0.75,1.58,0.75,1.03,0.77,1.05,1.70,1.45,1.41,0.77,0.63,0.64,0.60,0.84,0.66,0.63,0.77,1.03,0.50,0.86,0.73,0.53,0.80,0.47,0.45,0.88,1.03,0.79,0.50,0.93,0.77,0.77,0.63,0.63,0.93,1.10,1.03,1.01,0.76,0.63,1.05,0.96,0.70,1.01,1.07,1.20,0.91,0.75,0.85,0.83,0.77,0.93,0.76,0.78,0.60,0.93,0.85,0.84,0.81,0.84,0.83,1.07,1.29,1.32,2.00,1.56,2.22,1.13,0.97,1.70,1.12,1.05,1.25,1.23,1.57,0.50,0.88,0.87,0.83,0.80,1.08,0.76,0.70,0.82,0.83,0.90,0.63,0.73,0.57,0.88,0.63,0.82,0.90,0.75,0.83,0.80,0.80,1.15,0.75,0.93,0.95,1.10,0.83,1.58,1.40,1.48,1.22,1.92,1.18,1.22,1.77,1.74,0.78,0.58,1.00,0.72,0.80,0.72,0.93,0.79,0.98,1.13,0.80,1.10,1.13,1.00,1.20,1.16,1.38,0.90,0.87,1.00,1.05,0.55,0.75,0.90,1.68,0.83,0.87,0.80,0.78,0.72,0.90,1.03,1.20,1.50,0.84,1.73,0.80,0.70,1.73,0.84,0.73,0.70,1.20,1.00,0.75,0.95,0.85,0.90,,0.95,0.65,0.55,0.70,1.30,0.75,0.80,0.70,0.65,0.50,1.15,0.77,0.90,0.95,1.00,0.60,1.20,0.90,1.10,1.00,,1.02,1.13,0.35,0.94,1.20,1.52,1.87,0.97,1.00,1.23,0.47,0.40,0.85,0.70,0.40,0.60,0.60,1.20,1.13,1.25,1.63,0.67,1.05,1.00,1.70,0.65,0.50,0.67,0.90,0.70,0.50,0.50,0.40,1.00,0.35,0.45,0.55,0.58,0.74,0.67,1.10,1.18,0.87,0.75,0.80,0.67,1.05,0.85,1.10,0.90,0.65,0.57,0.53,0.60,0.55,0.78,1.18,0.82,0.75,1.30,0.77,1.33,1.00,1.10,0.97,0.78,0.88,1.27,1.03,1.26,0.88,0.93,0.86,1.13,1.15,0.93,1.20,0.95,0.70,1.03,1.13,0.45,1.24,0.90,1.57,0.82,0.82,1.48,1.02,0.85,1.13,0.70,1.07,0.83,0.85,0.90,0.75,1.00,0.80,0.75,1.07,0.63,0.85,0.90,1.03,0.83,0.55,0.93,0.70,0.90,0.65,0.50,0.93,1.07,1.00,1.05,0.85,0.95,0.85,0.90,0.55,1.85,0.55,0.50,0.75,0.85,0.73,0.65,0.70,0.70,0.70,0.90,0.55,1.10,0.70,1.15,1.75,0.50,0.65,0.93,0.97,0.80,1.05,0.75,0.80,0.90,0.50,0.75,0.70,0.95,0.45,0.60,1.75,0.70,1.70,0.30,0.50,0.80,0.70,1.20,0.60,0.73,1.00,1.05,2.55,0.90,2.75,0.90,1.00,1.20,3.40,1.25,1.20,1.60,0.90,2.40,2.50,
20201209,7,AQI,57,80,116,94,80,105,90,52,59,99,79,103,64,128,95,57,83,56,56,37,57,30,27,41,57,41,33,40,37,32,49,48,40,62,42,46,52,50,37,50,19,59,70,76,104,23,21,99,103,57,106,119,167,64,65,69,59,65,63,60,63,46,62,90,34,70,29,55,28,135,53,95,121,205,173,154,110,68,66,74,58,58,19,59,101,96,98,114,60,59,71,68,95,56,47,69,58,59,80,68,55,56,63,66,53,54,71,53,36,101,102,121,145,94,71,60,52,53,145,46,54,88,36,105,78,115,111,134,174,88,151,163,202,129,121,157,66,53,65,47,37,53,83,66,47,47,59,36,11,27,157,144,86,120,133,46,57,136,134,80,66,121,105,61,71,121,89,64,79,53,31,57,56,39,30,32,36,24,44,38,46,58,64,31,84,74,59,49,81,149,113,34,125,70,87,151,72,107,59,64,26,42,66,36,37,68,95,52,52,83,49,49,54,72,25,32,42,108,82,42,38,51,173,44,65,41,75,115,71,72,109,56,60,99,86,76,84,88,76,21,68,54,16,24,42,101,84,78,63,69,55,62,103,104,96,146,204,206,193,115,164,76,164,211,114,218,118,86,66,146,34,139,129,194,55,103,88,109,60,37,53,60,56,61,58,46,59,41,58,43,41,53,74,53,43,46,54,26,66,36,19,64,36,11,86,17,14,14,29,20,31,27,23,30,55,30,48,44,23,38,36,20,16,10,21,30,24,22,78,84,138,193,44,75,61,56,72,45,61,53,18,56,52,99,59,66,28,47,33,23,78,34,98,91,61,226,85,80,89,197,71,95,41,10,322,326,
20201209,7,PM2.5,33,59,88,70,59,79,67,32,42,74,58,77,43,97,71,35,61,40,40,15,39,16,17,29,35,17,19,25,23,19,34,22,28,37,23,27,29,28,21,28,11,36,51,56,78,16,5,74,77,35,80,90,127,46,47,50,42,47,45,43,45,30,41,67,22,51,20,36,16,103,36,71,92,155,131,118,83,49,48,54,40,36,9,42,76,72,73,86,36,42,47,49,71,33,33,50,41,42,59,49,39,40,45,48,37,38,52,36,19,76,74,92,111,70,52,29,28,29,111,30,19,65,19,79,57,87,84,102,132,65,116,124,152,98,92,120,48,37,47,33,26,37,61,48,33,33,42,25,8,19,120,110,64,91,101,25,40,104,102,59,47,92,79,38,52,92,66,35,58,34,13,32,36,19,19,19,19,14,31,24,21,41,46,19,62,54,42,28,60,114,85,24,95,51,61,116,46,56,42,46,18,11,48,14,17,49,71,30,32,61,29,32,35,25,17,16,24,81,40,26,16,36,131,23,47,19,55,87,52,52,82,40,43,74,64,56,62,65,56,12,49,38,11,17,28,76,62,57,45,50,39,42,77,78,72,112,154,156,145,87,125,56,125,161,86,168,89,64,48,112,20,106,98,146,39,77,65,82,43,26,37,43,40,44,40,32,42,29,41,29,29,37,54,37,30,32,38,18,48,25,9,46,25,8,64,9,10,8,20,10,22,19,5,21,39,21,25,21,16,23,23,14,5,4,12,21,6,10,57,62,105,145,30,55,44,40,50,28,44,35,8,17,34,74,26,48,16,16,10,11,57,24,73,62,40,176,63,56,66,148,41,71,29,1,272,276,
20201209,7,PM2.5_24h,32,42,64,40,32,50,57,29,34,49,49,43,46,85,58,43,25,31,46,32,54,37,28,18,55,45,40,45,52,38,35,21,43,49,20,25,35,31,27,39,14,50,41,43,68,12,10,80,41,32,80,86,126,41,47,45,38,46,39,43,46,31,36,52,30,42,24,31,23,89,53,79,81,154,124,121,62,58,30,44,45,64,13,30,41,48,43,49,51,29,37,50,44,28,27,34,41,27,60,57,47,47,47,43,32,46,51,41,22,72,61,91,86,52,73,32,58,45,95,28,19,60,21,67,64,84,74,68,99,58,92,118,108,100,113,125,50,32,48,33,28,38,49,48,44,42,43,42,14,29,81,93,51,96,98,29,35,113,78,55,36,43,44,35,49,45,43,,37,27,15,21,28,39,35,35,33,30,64,41,37,55,60,28,67,76,67,48,,104,119,21,88,78,49,110,39,41,69,30,15,45,36,16,15,55,75,36,38,59,29,35,32,34,18,21,31,51,31,28,22,28,60,23,46,9,56,83,60,61,79,33,58,94,67,78,61,79,73,12,48,43,22,20,23,79,46,63,51,45,59,45,58,60,59,88,110,127,145,79,100,57,116,166,66,168,102,47,45,129,22,77,69,137,42,55,61,64,57,39,35,36,36,45,34,26,34,30,38,37,28,35,39,33,44,37,38,23,35,25,14,37,23,23,61,24,16,29,23,15,50,18,18,24,22,22,22,29,16,23,28,20,18,12,24,43,7,15,51,48,80,120,46,30,74,37,53,35,56,22,15,31,26,84,12,35,22,23,14,10,79,107,56,69,35,220,55,52,62,126,44,59,26,15,278,250,
20201209,7,PM10,64,73,145,115,101,141,126,54,68,116,101,121,77,155,92,64,87,61,52,25,64,30,27,34,63,41,33,40,37,32,47,48,38,74,42,46,53,50,37,50,19,67,71,94,80,21,8,92,116,64,120,104,85,68,74,85,59,59,61,59,54,46,74,79,34,72,29,60,28,114,56,83,133,200,137,132,111,73,69,77,65,65,11,60,129,112,111,122,70,67,92,70,102,62,43,77,58,43,71,66,39,44,55,54,48,47,64,55,36,123,154,131,169,128,78,69,53,55,135,46,58,89,36,64,61,100,117,137,154,102,168,120,162,130,117,93,69,38,55,45,35,50,72,73,32,42,54,35,8,26,115,155,69,96,153,46,63,134,132,82,81,134,128,72,91,135,99,78,76,56,31,64,61,39,30,32,36,24,37,38,46,61,60,31,114,94,65,49,89,152,76,28,152,80,123,153,94,163,60,74,17,42,68,36,37,66,116,53,54,93,49,49,57,93,25,32,42,112,114,42,38,46,262,44,59,41,77,119,92,94,92,58,69,105,78,92,91,83,60,9,41,35,16,16,42,102,109,49,68,77,49,73,112,111,106,113,190,193,191,83,169,83,164,153,112,146,131,93,49,131,34,115,103,160,36,110,84,104,63,37,46,59,54,53,66,44,50,37,55,43,38,40,69,48,36,39,43,20,53,25,19,66,35,11,83,17,13,14,21,20,23,15,23,27,39,26,48,44,20,38,36,16,16,10,21,25,6,22,65,75,107,146,44,80,58,52,94,45,50,55,18,62,53,84,68,64,28,47,33,23,68,28,82,132,71,227,108,109,103,199,91,81,,10,382,400,
20201209,7,PM10_24h,58,62,110,71,63,94,101,56,72,85,86,75,80,140,90,76,41,49,58,39,88,49,36,39,92,66,71,66,74,58,49,43,60,92,37,46,58,59,50,63,24,86,55,70,70,16,13,104,82,63,116,103,90,66,79,81,67,70,67,57,65,43,65,70,43,60,41,63,49,117,86,105,118,147,135,137,93,92,51,63,59,112,11,61,81,87,71,86,99,58,68,73,76,50,42,61,54,34,80,90,53,58,56,58,42,60,68,63,40,131,133,128,136,99,113,72,101,89,122,43,54,88,43,62,72,86,113,104,125,99,131,126,118,135,143,92,74,40,64,47,44,52,57,75,51,51,60,55,21,50,94,119,70,116,151,50,56,148,98,100,71,86,87,78,84,72,71,,57,53,34,43,52,69,52,51,51,43,78,59,80,80,78,45,118,119,105,78,,145,128,31,121,149,96,146,88,114,110,45,19,81,50,31,21,69,110,60,66,80,49,53,64,89,34,42,41,84,69,44,39,46,98,44,65,24,86,113,105,94,75,47,86,130,95,113,97,88,60,15,51,49,31,24,42,106,83,47,77,75,78,68,86,92,99,110,118,160,192,102,141,83,155,162,86,156,142,76,50,153,38,90,78,152,44,73,86,92,83,65,58,63,54,63,57,43,52,43,82,54,41,38,53,57,57,51,50,29,49,37,41,58,33,26,79,34,23,36,32,24,88,31,40,40,33,30,35,63,25,50,62,27,44,31,42,57,16,27,65,61,83,130,65,53,95,55,85,51,69,31,30,82,47,99,27,62,40,45,40,29,97,124,57,169,66,290,96,123,85,190,103,70,30,18,352,361,
20201209,7,SO2,5,19,18,16,33,20,18,21,13,16,42,30,13,36,25,35,21,25,21,7,8,7,4,16,14,6,8,11,7,7,5,6,6,7,8,7,10,10,7,6,5,8,4,5,9,4,3,8,20,13,14,7,8,10,7,10,10,11,12,14,12,6,14,17,7,10,9,13,5,15,14,20,11,10,8,8,30,14,11,40,72,29,2,46,26,15,43,26,19,15,23,36,24,14,7,28,9,12,36,49,5,9,15,11,9,10,16,27,10,10,46,22,68,90,24,14,23,30,37,22,13,10,9,12,8,7,7,12,7,10,15,13,8,8,20,8,3,12,11,19,7,6,8,13,24,4,3,2,10,6,12,31,10,6,17,4,12,31,6,5,19,18,30,18,22,21,20,17,8,21,7,5,8,9,6,9,7,7,12,13,12,11,9,7,5,4,7,7,15,7,11,4,25,21,51,13,14,29,8,27,4,5,20,15,11,6,64,14,19,43,15,22,45,20,12,10,10,16,13,15,8,11,16,20,14,39,14,10,9,9,11,6,13,8,5,7,9,15,7,4,16,6,9,2,20,39,49,16,14,17,44,5,10,12,12,11,9,8,7,8,7,12,8,10,9,12,3,15,9,5,6,14,28,3,5,13,24,5,6,14,12,16,10,12,20,7,9,8,17,3,6,4,11,7,6,11,7,4,5,11,6,12,5,20,3,6,6,40,5,6,17,8,4,10,23,12,5,10,6,11,12,8,8,6,3,8,9,7,16,24,12,17,13,11,5,16,8,5,6,6,8,11,9,12,28,16,14,17,44,14,23,4,9,11,3,9,44,7,10,9,16,14,2,2,9,4,
20201209,7,SO2_24h,6,12,18,12,19,17,20,26,25,15,26,18,16,44,22,41,15,18,17,7,8,8,4,15,19,7,10,12,7,9,7,8,10,7,8,6,10,7,8,5,6,6,4,6,10,4,3,6,23,15,12,8,7,11,8,9,10,9,10,12,12,5,11,12,7,6,14,12,6,16,19,32,16,9,7,6,28,25,16,28,30,57,3,26,16,27,37,25,25,14,21,25,26,17,6,30,8,10,20,32,6,10,12,9,9,10,16,24,9,17,78,18,75,44,39,19,27,31,42,18,32,14,11,12,9,7,8,13,15,11,17,13,8,14,11,10,3,11,11,19,7,6,8,27,11,5,3,4,12,9,16,29,10,8,20,14,19,50,6,5,24,17,18,20,26,17,22,,8,20,6,4,9,10,7,10,9,8,14,11,13,11,11,9,5,4,26,7,,7,12,5,15,47,51,19,24,25,17,16,5,18,24,8,12,9,70,23,25,32,16,20,25,22,11,10,11,12,13,13,10,7,9,16,12,28,15,10,12,9,10,6,13,8,7,8,10,8,7,4,11,6,7,3,16,18,31,12,12,19,25,5,18,14,14,16,17,9,8,11,10,13,10,11,10,8,3,12,9,7,6,11,18,3,5,11,11,6,6,17,10,15,10,10,12,9,9,9,10,15,8,5,5,7,7,10,7,4,4,13,7,10,9,19,4,14,6,32,9,7,29,8,4,10,12,7,6,10,7,15,12,8,9,7,7,9,11,8,11,18,20,17,34,12,8,20,7,6,8,7,13,9,14,34,12,21,18,24,27,16,19,10,9,17,16,8,26,12,10,7,17,15,2,3,9,8,
20201209,7,NO2,59,70,66,72,70,57,66,33,48,66,57,58,50,65,47,43,48,45,46,73,42,47,41,45,54,31,45,53,30,23,34,52,34,51,54,41,44,52,69,30,26,53,43,36,57,11,14,44,47,71,58,44,42,48,28,54,48,56,53,46,23,31,40,21,35,45,24,41,30,44,30,42,42,70,53,40,62,22,34,50,60,51,11,55,55,48,60,52,49,50,57,51,38,62,33,53,33,29,20,27,23,13,22,27,19,18,28,51,27,41,56,51,61,63,60,30,29,43,47,42,23,57,20,47,47,34,44,55,45,53,54,44,24,36,33,44,17,18,20,24,11,31,35,42,22,24,36,17,13,26,48,53,54,33,62,29,18,42,42,30,52,43,62,62,58,38,56,33,44,51,22,37,46,56,60,55,44,48,36,47,33,55,42,25,42,47,49,46,45,43,25,39,48,43,52,47,39,68,11,35,6,10,58,25,5,9,45,30,34,42,34,29,39,29,28,19,28,61,34,21,28,40,72,17,36,31,45,41,49,58,43,21,57,43,64,51,29,63,65,12,26,22,11,10,20,32,51,32,26,50,36,32,45,61,53,41,48,39,45,33,42,47,35,35,46,43,31,41,29,29,17,43,32,28,33,38,20,33,19,26,19,29,25,23,25,21,26,17,17,34,9,19,38,35,21,19,33,20,23,11,25,37,12,11,15,18,11,18,13,15,19,12,13,18,24,11,17,19,12,25,20,8,9,17,19,19,6,6,31,63,46,45,26,39,29,22,22,21,12,9,14,28,31,43,34,33,35,21,33,31,19,18,27,52,18,50,57,38,28,83,48,20,14,4,72,82,
20201209,7,NO2_24h,49,60,60,56,46,47,63,35,49,60,49,52,50,64,52,51,38,39,41,40,51,40,22,44,54,36,41,47,30,22,30,36,39,63,42,37,48,47,50,25,13,52,42,41,60,16,19,45,50,60,60,53,40,46,30,51,44,52,50,30,23,35,35,18,36,44,24,36,41,49,54,52,48,73,51,45,56,46,40,36,56,47,17,51,44,49,54,49,48,43,47,40,42,47,23,45,22,23,22,29,24,17,21,23,22,25,29,43,26,51,59,39,59,61,59,32,44,47,53,31,21,53,24,45,42,35,53,49,54,43,54,44,29,39,38,42,18,18,16,21,19,35,29,50,28,27,37,28,16,25,45,47,60,37,53,18,23,52,41,28,49,47,49,55,48,37,46,,37,39,21,27,37,44,35,34,29,27,36,37,42,46,54,19,50,56,51,53,,40,40,38,34,52,56,47,47,58,28,25,7,23,41,17,10,16,42,33,39,37,34,28,35,27,20,15,24,48,25,19,23,22,47,17,31,21,45,34,43,48,37,23,51,37,50,44,31,48,55,17,24,22,16,19,25,33,42,36,27,41,37,28,42,50,50,47,49,41,45,45,39,49,35,38,47,45,34,40,31,35,26,35,32,31,30,33,25,35,21,30,19,25,22,22,23,19,23,17,23,40,20,24,32,34,29,29,30,24,31,18,33,32,14,14,19,24,17,28,14,12,30,14,18,20,20,11,14,26,19,25,27,13,22,32,26,20,9,11,32,58,25,41,26,38,32,22,35,29,18,18,21,44,26,42,15,26,35,23,24,31,32,33,24,59,33,73,41,45,24,70,35,33,12,18,73,69,
20201209,7,O3,3,4,5,4,6,12,3,19,8,4,8,2,5,4,5,15,24,11,26,10,22,29,28,22,5,37,26,21,34,37,18,9,16,12,14,33,25,21,6,46,47,6,12,10,3,63,67,3,29,9,3,5,2,25,28,23,17,17,22,15,34,37,11,49,13,4,15,6,24,11,65,32,19,16,3,5,3,57,37,10,8,13,61,10,5,12,7,21,20,13,4,8,30,4,22,5,7,19,52,38,17,41,35,50,49,18,13,4,3,16,7,13,5,7,18,27,33,20,10,26,17,12,35,9,10,5,6,4,3,3,6,11,38,6,6,2,15,53,47,22,89,9,8,4,12,27,9,31,27,26,6,6,4,14,4,21,64,22,23,30,3,50,8,10,12,5,6,29,5,14,39,10,12,20,17,20,26,27,26,30,37,13,24,45,14,13,10,13,8,5,18,4,17,23,3,5,9,3,68,33,60,58,7,40,71,73,7,25,30,15,25,21,7,6,36,29,12,14,20,46,18,29,5,25,28,16,26,22,14,10,8,21,29,10,7,20,25,14,22,68,18,17,46,40,2,5,3,4,17,4,5,4,5,5,3,7,,4,6,20,2,8,26,14,4,6,2,4,6,9,8,4,13,17,9,23,25,28,14,18,52,33,31,43,4,32,15,33,35,6,17,27,2,3,14,28,4,3,14,24,26,6,31,30,38,8,9,26,11,21,12,57,23,10,3,26,14,7,51,3,7,42,36,27,17,19,76,32,4,5,7,32,43,8,24,32,56,60,44,70,30,45,32,6,34,35,21,7,8,58,60,57,57,16,29,33,18,20,,6,21,51,41,13,4,5,
20201209,7,O3_24h,42,52,26,65,62,58,35,56,49,47,47,44,41,31,40,60,59,59,63,79,37,60,81,61,45,56,51,50,53,68,57,74,52,26,74,59,58,50,53,61,95,22,28,26,21,70,84,34,56,50,18,26,28,110,124,123,100,112,119,115,112,93,89,125,30,39,36,74,77,44,78,74,71,35,30,19,39,63,61,62,65,51,72,59,60,57,58,81,56,60,60,63,58,61,60,70,105,73,118,111,72,95,88,105,94,62,91,88,79,49,36,55,22,31,70,61,58,45,51,68,51,59,48,33,33,41,19,49,24,50,44,36,85,73,26,68,48,81,119,62,106,42,43,92,46,40,47,56,37,76,54,59,30,42,47,74,78,68,50,57,49,58,51,64,66,60,62,29,63,61,56,59,70,56,67,69,64,83,54,73,57,44,31,82,46,20,106,18,8,35,49,56,66,47,24,51,33,16,76,72,96,60,69,62,76,96,71,50,75,67,63,69,66,62,58,54,68,59,58,59,48,59,64,48,53,46,71,57,52,36,28,38,56,56,60,48,59,26,53,71,43,51,55,53,24,19,27,18,61,41,11,31,23,55,48,37,29,39,76,39,39,40,84,80,31,81,32,37,24,61,25,33,45,56,28,56,49,49,53,90,95,102,84,112,42,80,65,78,79,25,52,41,39,39,40,39,31,34,59,71,50,93,46,41,51,28,19,46,53,86,69,91,69,89,67,61,60,76,86,76,59,91,79,73,80,70,82,70,47,42,67,68,79,52,76,73,58,72,53,71,45,86,79,82,100,74,82,67,58,90,73,67,67,63,62,43,64,55,,38,73,57,70,46,36,29,
20201209,7,O3_8h,4,5,5,4,7,6,3,27,8,5,6,2,5,4,5,17,33,14,34,34,25,43,49,19,6,42,39,29,40,45,27,16,22,9,32,41,36,25,12,55,72,5,12,8,3,63,72,3,25,9,3,5,3,27,36,30,24,21,28,32,41,34,15,81,19,5,21,7,19,10,70,51,18,17,3,5,3,45,39,18,7,15,60,11,6,12,7,17,18,14,7,16,23,3,34,6,19,41,54,36,17,46,44,59,57,28,16,4,7,15,3,31,5,6,22,40,27,18,10,37,23,16,38,8,16,8,4,4,3,3,5,14,46,16,5,2,17,58,55,26,89,9,26,5,16,33,9,32,28,35,7,6,4,19,4,33,70,15,24,33,4,37,5,10,12,5,6,,9,32,46,21,15,35,39,48,45,50,31,39,50,13,25,52,15,14,12,12,,6,25,18,27,17,3,6,7,3,72,44,60,58,22,54,73,77,8,40,30,15,24,14,7,7,49,41,19,15,26,50,24,45,10,26,28,24,33,31,27,11,11,21,32,21,17,21,27,2,21,67,25,16,40,41,2,5,3,4,22,6,4,7,8,6,3,6,,4,6,17,5,6,37,24,4,16,4,4,8,10,2,8,15,15,13,29,28,34,27,31,59,42,35,50,5,26,12,33,32,6,20,33,3,6,16,23,8,3,13,27,25,13,28,33,35,10,9,28,13,33,13,67,18,15,3,40,20,8,59,11,10,43,32,29,14,21,76,37,4,6,48,48,65,7,29,38,36,55,47,40,35,27,52,25,56,57,32,9,19,53,62,57,61,15,18,19,14,17,,10,38,38,28,4,4,5,
20201209,7,O3_8h_24h,4,6,6,3,7,8,4,30,8,5,10,3,6,5,5,18,41,17,37,45,29,48,60,20,8,46,44,33,44,51,33,21,23,13,45,50,54,30,17,57,87,7,12,8,3,64,73,3,25,10,3,5,5,31,40,36,32,25,30,48,46,34,20,105,26,6,31,8,19,12,72,60,18,18,3,7,4,48,40,25,8,16,60,12,9,12,7,17,22,17,13,21,23,4,42,9,38,55,59,36,17,48,49,66,60,34,26,4,10,15,3,46,6,6,24,45,28,19,12,44,30,19,39,9,21,14,4,7,4,7,5,20,53,30,5,2,19,59,62,29,91,10,42,7,18,35,12,35,30,38,10,6,5,23,4,37,75,16,26,36,5,37,5,11,15,6,7,,15,40,51,36,17,45,46,55,53,59,37,42,57,15,26,61,18,14,13,12,,8,27,27,43,17,4,6,7,4,74,53,60,58,34,62,73,78,10,48,30,15,24,14,7,9,54,48,25,24,31,54,30,56,19,27,32,29,39,36,32,12,15,23,37,30,26,23,32,2,21,67,27,16,40,41,3,5,5,5,25,7,7,12,12,7,3,7,,4,9,17,13,6,47,30,4,21,4,4,9,12,2,14,17,26,20,32,30,36,32,37,62,47,43,61,6,28,12,34,32,6,20,35,8,7,16,25,9,3,13,28,25,19,28,36,35,11,9,29,13,44,35,71,18,22,5,44,29,10,65,25,11,44,32,33,20,22,77,43,4,6,59,68,76,10,31,53,36,58,48,40,36,27,73,60,70,65,56,16,24,53,64,57,63,16,18,19,14,24,,12,59,38,28,4,4,5,
20201209,7,CO,0.79,0.97,1.60,1.22,1.74,1.23,1.13,0.90,1.52,1.10,1.43,1.10,1.05,1.95,1.89,1.15,0.86,1.11,0.71,0.56,0.93,0.50,0.55,1.10,0.94,0.38,0.55,0.77,0.33,0.75,0.43,0.43,0.55,0.81,0.78,0.50,0.73,0.70,0.70,0.60,0.57,0.73,1.03,1.07,1.00,0.74,0.67,1.16,1.04,0.76,1.06,1.17,1.20,0.83,0.75,0.87,0.80,0.67,0.93,0.78,0.75,0.60,0.97,0.88,0.81,0.74,0.86,0.97,0.80,1.05,0.70,0.90,1.42,2.13,1.22,1.00,2.63,0.72,0.80,1.65,1.27,1.27,0.50,0.92,1.10,1.00,1.47,1.38,0.78,0.92,1.00,0.90,0.87,1.20,0.73,0.93,0.92,0.78,0.82,0.90,0.70,0.80,0.80,0.80,1.05,0.75,0.95,0.90,1.37,0.83,1.12,1.48,1.85,1.77,2.52,1.08,0.87,1.40,2.02,0.97,0.70,0.96,0.72,0.87,0.73,0.89,0.74,1.30,1.23,0.80,1.32,1.17,1.12,1.40,1.26,1.48,0.93,0.90,1.07,1.00,0.60,0.77,0.90,1.88,0.90,0.73,0.70,0.75,0.68,0.60,1.10,1.45,2.03,0.81,1.63,1.00,0.50,2.03,0.90,0.83,0.75,1.40,2.10,0.85,1.20,1.70,1.60,0.70,1.20,0.80,0.65,0.90,1.80,0.65,0.80,0.73,0.35,0.50,0.95,0.93,0.70,1.05,0.65,0.55,1.20,0.70,0.65,0.80,2.10,1.18,0.98,0.45,1.54,0.90,1.77,1.73,1.17,1.13,0.67,0.70,0.40,0.60,0.75,0.67,0.55,0.50,1.28,0.88,1.22,2.03,0.90,1.40,1.50,2.20,0.75,0.45,0.60,1.33,0.90,0.47,0.55,0.50,1.80,0.30,0.50,0.70,0.50,0.74,0.57,1.05,1.20,0.93,0.65,0.70,0.53,1.05,0.75,1.10,0.70,0.65,0.57,0.50,0.60,0.60,0.88,1.00,1.10,0.85,1.30,0.93,1.20,1.03,1.17,1.07,0.95,0.95,1.43,1.27,1.28,0.73,1.03,1.06,1.17,1.18,1.10,1.10,1.00,1.00,1.23,1.00,0.30,1.42,1.05,1.65,0.93,0.92,1.70,1.02,0.75,1.00,0.70,1.57,0.80,0.90,1.00,0.75,0.95,0.75,0.70,0.73,0.63,0.77,0.97,1.03,0.80,0.67,0.93,0.73,0.82,0.35,0.20,1.05,0.97,0.87,1.00,0.65,0.75,0.90,1.00,0.60,1.10,0.45,0.60,0.65,0.85,0.67,0.70,0.65,0.70,0.80,0.80,0.35,0.55,0.45,0.85,1.55,0.45,0.50,1.10,1.20,0.95,1.10,0.50,1.45,0.85,0.80,0.45,0.50,0.85,0.45,0.60,0.80,0.80,1.00,1.10,0.70,0.60,0.60,1.30,0.60,0.60,0.40,1.25,2.70,0.70,1.80,1.00,1.00,1.30,4.00,1.90,0.97,1.90,1.00,2.20,3.00,
20201209,7,CO_24h,0.62,0.81,1.14,0.75,1.04,0.85,0.90,0.75,1.63,0.75,1.03,0.80,1.03,1.77,1.49,1.38,0.79,0.66,0.64,0.60,0.84,0.64,0.63,0.77,1.03,0.50,0.82,0.75,0.50,0.80,0.47,0.45,0.88,1.03,0.76,0.50,0.87,0.77,0.77,0.63,0.63,0.93,1.07,1.07,1.01,0.76,0.67,1.09,0.96,0.71,1.01,1.08,1.20,0.91,0.75,0.85,0.83,0.77,0.97,0.78,0.78,0.60,0.94,0.83,0.83,0.81,0.86,0.85,1.08,1.28,1.30,2.00,1.60,2.25,1.18,0.97,1.73,1.12,1.00,1.25,1.23,1.57,0.50,0.88,0.90,0.83,0.83,1.07,0.74,0.73,0.82,0.83,0.90,0.70,0.73,0.57,0.88,0.63,0.82,0.90,0.75,0.83,0.80,0.80,1.15,0.75,0.95,0.90,1.13,0.83,1.56,1.40,1.52,1.23,1.95,1.18,1.22,1.72,1.78,0.78,0.58,1.00,0.72,0.83,0.70,0.94,0.80,1.00,1.18,0.80,1.10,1.13,1.04,1.20,1.16,1.38,0.93,0.90,1.00,1.05,0.55,0.75,0.90,1.72,0.87,0.83,0.80,0.78,0.72,0.90,1.03,1.20,1.53,0.84,1.73,0.85,0.70,1.80,0.84,0.73,0.70,1.20,1.00,0.75,1.00,0.85,0.95,,0.95,0.65,0.55,0.70,1.35,0.75,0.80,0.70,0.55,0.50,1.10,0.77,0.90,0.95,0.95,0.60,1.20,0.90,1.10,1.00,,1.02,1.15,0.35,0.96,1.18,1.55,1.83,0.97,1.00,1.23,0.50,0.40,0.80,0.70,0.43,0.60,0.55,1.22,1.13,1.25,1.63,0.67,1.05,1.00,1.70,0.65,0.50,0.67,0.97,0.70,0.50,0.55,0.40,1.00,0.35,0.45,0.55,0.57,0.70,0.67,1.10,1.18,0.87,0.70,0.80,0.63,1.05,0.85,1.10,0.87,0.65,0.57,0.53,0.60,0.55,0.78,1.20,0.82,0.75,1.30,0.77,1.37,0.97,1.10,0.97,0.78,0.88,1.27,1.03,1.28,0.88,0.97,0.90,1.13,1.13,0.93,1.18,0.95,0.80,1.03,1.13,0.45,1.28,0.92,1.60,0.82,0.88,1.50,1.02,0.85,1.13,0.70,1.10,0.83,0.85,0.90,0.75,1.00,0.80,0.70,1.03,0.63,0.85,0.90,1.00,0.83,0.55,0.93,0.73,0.90,0.65,0.45,0.93,1.07,1.00,1.05,0.85,0.90,0.85,0.90,0.55,1.85,0.55,0.50,0.75,0.85,0.73,0.65,0.70,0.70,0.70,0.90,0.55,1.10,0.70,1.15,1.75,0.50,0.65,0.93,1.00,0.85,1.05,0.70,0.85,0.90,0.55,0.75,0.70,0.95,0.45,0.60,1.70,0.70,1.70,0.30,0.50,0.80,0.70,1.20,0.60,0.70,1.00,1.05,2.55,0.90,2.75,0.90,1.00,1.20,3.30,1.35,1.20,1.60,0.90,2.40,2.50,
20201209,8,AQI,56,80,121,95,81,109,92,60,64,95,81,105,69,128,105,59,94,56,64,38,56,33,31,43,60,47,38,40,42,33,52,56,45,63,47,46,51,45,35,52,21,62,66,76,103,27,21,103,103,63,113,120,171,63,65,66,58,65,61,58,63,51,58,88,37,71,29,62,33,135,54,99,125,194,177,156,110,51,93,88,56,79,17,61,99,96,98,123,63,67,74,63,96,61,50,66,61,53,79,69,54,55,66,71,54,54,69,54,38,101,86,126,141,109,78,62,52,53,148,54,51,94,33,104,73,116,120,136,183,93,146,167,197,133,116,153,69,53,65,49,36,54,83,73,46,46,58,39,10,26,153,148,89,116,130,54,55,159,125,69,72,126,194,73,85,143,94,,95,64,37,63,86,34,38,39,36,32,43,40,49,52,59,37,84,70,59,47,,141,111,47,134,71,90,153,76,115,54,70,23,42,66,58,32,69,101,57,56,110,47,53,57,77,34,32,51,111,87,49,44,58,313,42,69,51,76,114,69,73,104,54,63,110,71,78,81,88,79,23,70,55,16,24,46,98,85,86,65,69,58,64,95,104,98,148,214,200,199,115,160,78,179,216,110,220,120,88,66,146,28,138,134,190,53,103,91,114,67,45,53,60,60,60,56,46,59,47,58,49,41,55,76,55,47,46,55,27,70,37,21,69,34,13,85,11,16,13,27,26,38,36,27,33,55,29,57,49,26,39,36,21,18,13,26,73,23,19,81,94,157,194,47,85,58,69,66,52,74,54,29,38,58,110,56,64,30,82,41,26,65,56,74,89,49,237,81,76,128,200,80,96,55,9,319,347,
20201209,8,PM2.5,30,59,92,71,60,82,67,40,46,71,60,79,45,97,79,40,70,40,46,16,38,17,18,28,38,18,19,24,25,23,31,24,31,37,26,27,28,23,19,29,11,34,48,56,77,19,7,77,77,39,85,91,130,45,47,48,41,47,44,41,45,32,39,65,22,52,20,40,19,103,34,74,95,146,134,119,83,33,69,65,40,58,12,44,74,72,73,93,35,47,53,45,72,38,35,48,44,36,58,50,38,39,48,52,38,38,50,34,22,76,64,96,108,82,57,33,31,32,113,38,18,70,20,78,53,88,91,104,138,69,112,127,148,101,88,117,50,37,47,33,23,38,61,53,32,32,41,27,7,18,117,113,66,88,99,30,35,121,95,50,49,96,146,41,63,109,70,,71,37,19,29,64,18,17,24,16,16,30,23,22,34,42,21,60,51,42,27,,108,84,27,102,52,67,117,48,56,36,51,16,13,48,26,12,50,76,39,37,83,27,35,38,36,24,17,36,84,43,30,21,41,256,22,50,21,56,86,48,52,78,34,45,83,52,57,60,65,58,16,51,39,11,17,32,73,63,64,47,50,41,43,71,78,73,113,164,150,149,87,122,57,135,166,83,170,91,65,48,112,19,105,102,143,37,77,68,86,43,26,37,43,43,43,36,30,42,33,41,34,29,39,56,39,33,30,39,19,51,26,9,50,24,9,63,7,11,8,19,18,20,25,19,21,39,20,26,22,15,18,25,15,11,6,14,53,7,12,60,70,120,146,31,63,41,50,48,33,54,38,15,18,41,83,26,46,21,27,12,7,47,40,54,63,34,187,60,54,97,150,32,72,39,2,269,297,
20201209,8,PM2.5_24h,33,44,65,41,33,51,58,30,35,51,49,44,45,89,60,42,27,32,46,30,53,35,27,18,54,44,39,44,50,37,37,21,43,48,20,26,34,30,26,38,14,51,43,44,67,12,10,80,43,33,81,86,128,41,48,46,37,46,39,43,46,30,36,52,28,42,24,31,24,90,52,78,82,154,126,123,64,58,31,44,45,65,13,31,42,50,44,50,51,30,38,51,46,28,27,34,41,27,60,57,47,46,47,43,32,46,51,40,22,73,62,91,89,54,73,32,55,45,96,28,19,59,22,67,64,84,75,70,102,58,93,118,111,100,112,125,50,32,48,33,28,38,50,49,42,42,43,41,14,29,84,89,52,94,99,29,33,117,79,55,36,46,49,35,50,48,44,,39,27,16,21,30,37,33,34,32,28,63,40,36,54,59,27,67,74,67,47,,105,120,21,86,76,51,111,40,42,68,31,15,44,38,17,15,55,74,36,37,60,29,35,32,33,19,21,32,53,31,29,21,29,66,23,47,10,56,81,60,61,79,34,57,94,66,77,61,78,71,12,48,43,21,19,24,80,47,63,50,45,59,46,58,61,61,91,115,131,147,80,103,58,120,164,67,168,101,49,45,128,22,79,71,137,42,56,61,67,57,38,35,36,36,45,35,25,35,30,38,37,29,36,40,33,44,37,39,23,36,25,14,38,24,22,61,24,16,28,24,15,51,18,18,24,23,22,23,29,16,23,28,20,18,13,24,44,7,15,52,49,84,124,45,31,73,37,53,35,56,23,15,30,27,84,12,36,23,23,15,10,77,103,57,69,34,220,56,53,64,128,43,60,27,14,280,255,
20201209,8,PM10,61,77,156,126,112,137,133,69,74,131,104,131,87,158,110,68,99,59,62,38,62,33,31,43,69,47,38,40,42,33,54,62,45,75,47,46,51,45,35,54,21,74,71,95,89,26,9,97,117,76,126,108,90,67,74,81,61,56,63,56,55,51,66,79,37,74,27,74,33,115,58,94,134,205,146,131,120,52,90,87,58,83,17,67,135,119,114,136,76,83,97,71,102,72,47,79,58,56,71,73,41,43,49,56,48,51,63,57,38,122,116,137,168,142,92,73,54,56,145,54,52,115,33,63,65,110,126,141,168,111,170,116,162,143,117,89,75,45,58,49,36,49,73,75,34,45,60,31,10,26,120,168,81,96,145,57,59,137,140,79,93,144,205,95,117,161,109,,104,77,37,76,89,34,37,39,36,25,36,40,49,54,57,37,117,90,66,47,,154,76,47,159,83,108,156,101,180,57,78,18,42,73,66,32,56,113,63,61,116,47,55,64,104,34,32,50,120,123,49,44,52,430,42,66,52,76,124,88,95,87,57,66,114,75,94,93,83,60,19,46,38,16,14,45,102,114,58,72,76,50,78,120,119,114,120,268,200,195,84,163,78,175,155,112,149,133,93,56,131,28,117,110,162,36,114,93,104,84,45,51,57,62,56,62,46,48,43,66,46,35,47,73,52,40,46,44,22,58,26,21,71,33,12,82,11,13,13,21,19,38,17,25,33,44,28,64,49,26,39,34,18,18,13,26,51,6,19,68,72,116,144,47,85,57,58,76,53,60,57,29,38,56,92,62,76,28,113,41,26,65,43,61,128,49,246,105,101,123,211,110,88,,4,360,449,
20201209,8,PM10_24h,59,64,112,74,65,96,102,58,74,89,85,77,79,144,92,75,44,49,59,39,87,48,36,39,91,65,69,65,73,57,47,44,60,91,36,46,57,59,49,63,23,88,57,72,71,17,13,104,84,64,118,104,91,66,79,81,67,70,68,58,65,43,64,70,41,61,41,62,49,118,84,104,120,148,138,140,95,92,52,64,58,110,11,61,83,90,73,86,97,60,68,74,78,51,43,62,54,35,80,90,52,58,55,58,42,60,68,62,40,133,133,128,140,101,113,72,98,87,125,44,54,88,43,62,72,87,114,105,129,99,134,125,122,136,143,93,74,39,64,47,44,53,58,76,49,52,60,54,20,48,96,117,71,114,152,51,54,152,101,97,71,90,93,78,86,76,73,,59,52,35,45,54,68,51,50,50,42,77,59,78,79,77,44,119,117,105,77,,146,128,31,119,142,98,147,89,119,108,47,19,80,52,33,23,69,110,60,65,81,49,54,64,89,34,42,41,88,68,45,38,46,109,44,66,26,84,111,104,94,76,48,85,129,94,113,97,88,60,15,51,49,30,23,43,108,85,48,76,75,77,69,87,91,100,111,127,165,193,102,144,84,160,160,88,156,141,78,50,152,38,93,81,154,45,75,87,94,84,64,58,63,54,63,58,42,53,43,83,54,41,39,52,57,56,51,50,29,50,37,41,60,33,25,80,34,23,36,32,24,88,32,40,40,33,30,37,63,25,50,62,27,44,31,42,57,16,27,66,61,86,133,64,54,94,55,85,51,69,32,30,80,48,99,29,63,39,48,40,30,94,119,59,170,65,289,98,123,86,193,103,71,30,18,355,367,
20201209,8,SO2,5,22,18,18,33,20,19,25,14,17,37,28,16,35,22,36,20,23,25,7,9,7,4,17,14,6,8,11,8,6,6,7,6,7,9,8,10,12,7,6,5,10,5,6,10,4,3,7,19,15,16,7,10,10,7,9,10,12,13,13,12,7,16,14,7,10,9,15,5,15,16,20,10,8,8,8,27,12,11,42,56,26,3,42,23,17,40,28,20,18,27,34,24,18,7,27,12,12,37,40,6,9,15,13,9,10,21,21,11,10,28,24,60,102,28,15,24,25,36,24,22,14,9,13,9,6,8,11,7,10,15,12,9,8,16,9,3,14,12,18,5,6,10,15,24,4,3,3,14,7,11,35,8,7,19,5,9,32,6,4,24,18,37,20,25,25,25,,9,24,9,6,9,10,7,10,6,7,12,11,11,12,9,7,4,4,8,8,,7,10,4,20,19,56,15,15,47,7,23,4,5,19,13,10,6,67,15,20,45,15,17,54,23,21,11,12,20,16,14,12,12,14,19,13,37,13,9,10,10,13,7,14,8,6,7,9,22,7,4,14,5,9,2,25,42,67,23,15,18,36,5,9,14,13,10,10,8,7,8,7,13,8,11,10,15,4,14,9,5,6,15,27,4,6,13,13,7,6,11,13,16,10,11,20,13,9,9,14,3,6,4,8,8,6,7,7,4,5,14,6,13,6,24,3,7,7,40,5,6,14,7,4,10,24,22,7,10,6,9,11,7,9,6,3,10,9,8,32,56,16,17,54,12,5,17,8,6,7,6,7,12,9,15,29,18,15,24,57,14,17,5,9,13,2,8,27,6,10,7,18,14,2,2,10,4,
20201209,8,SO2_24h,6,13,18,12,20,17,20,26,25,15,27,19,16,44,23,40,15,18,18,7,9,8,4,15,19,7,9,12,7,9,8,8,10,7,8,6,10,7,8,6,6,6,4,6,10,4,3,6,23,15,12,8,7,11,8,9,10,9,10,12,12,5,11,12,7,7,14,13,6,16,18,32,17,9,7,7,29,25,15,28,30,57,3,27,16,27,37,25,25,14,21,26,26,17,7,30,8,10,21,32,6,10,12,9,9,10,16,24,9,17,75,19,76,46,39,19,28,32,42,18,32,14,12,12,9,7,8,13,15,11,17,13,8,14,12,10,3,11,11,19,7,6,8,27,12,4,3,4,12,9,15,27,10,9,20,14,15,51,6,4,22,17,18,20,25,17,21,,8,19,6,5,9,10,7,10,9,8,14,11,13,11,11,8,5,4,26,7,,7,12,5,15,44,53,19,23,26,17,17,5,17,24,9,12,9,68,23,24,33,16,20,26,22,11,10,11,12,13,13,10,7,9,15,12,30,15,10,12,9,10,6,13,8,7,8,10,9,7,4,11,5,7,3,17,19,33,12,12,19,26,5,17,14,14,16,16,9,8,10,9,13,10,11,10,8,3,12,9,7,6,12,19,3,5,11,12,6,6,17,10,15,10,10,12,9,8,9,11,14,8,5,5,7,7,10,7,4,4,13,7,11,9,19,4,14,6,32,8,7,29,8,4,10,13,8,6,10,7,15,12,8,9,7,7,9,11,8,12,19,21,17,34,12,7,20,7,6,8,7,12,10,14,34,13,21,18,24,28,16,20,9,9,17,15,8,27,12,10,7,18,15,2,3,9,8,
20201209,8,NO2,58,72,64,73,68,58,67,40,49,69,56,57,51,64,46,45,49,43,48,75,46,56,47,52,54,41,53,56,37,27,41,53,42,57,58,43,51,52,63,38,42,53,42,34,58,16,19,43,47,75,59,43,41,46,32,56,48,53,53,42,25,43,36,27,37,46,28,38,34,44,37,57,50,69,51,40,62,23,39,50,61,63,16,55,54,50,59,55,49,53,58,52,45,62,43,53,32,30,25,29,26,13,26,34,21,20,29,47,29,42,42,54,57,65,67,36,35,42,49,44,29,58,29,51,50,35,44,56,45,51,55,45,30,37,34,42,21,22,23,25,13,32,35,41,27,38,38,21,17,41,49,55,54,37,59,40,22,49,40,33,53,42,67,66,56,36,58,,43,53,31,45,50,55,75,64,50,64,37,53,35,59,51,32,43,47,54,47,,44,28,39,46,41,55,47,40,70,12,37,11,12,64,44,8,11,44,40,39,42,34,28,36,28,39,19,25,62,40,22,31,38,77,20,38,28,45,46,51,60,44,21,65,45,60,53,31,63,66,14,28,24,14,16,20,36,51,32,29,48,37,33,42,60,53,41,47,40,44,36,44,47,39,41,44,44,33,38,34,31,23,43,34,29,33,43,24,38,19,27,23,29,32,27,24,30,22,20,23,35,14,26,38,37,26,24,33,21,30,18,33,38,19,17,22,18,14,22,13,18,24,19,17,20,26,20,21,21,23,25,20,13,14,23,20,24,10,9,32,66,45,54,32,43,39,21,22,22,14,9,23,29,36,35,35,29,49,30,38,44,23,26,28,50,22,65,34,36,26,73,54,21,16,4,74,80,
20201209,8,NO2_24h,49,60,60,57,47,47,63,35,49,60,49,52,50,65,52,51,38,39,41,42,51,40,23,44,53,36,41,47,30,22,28,37,39,63,42,37,48,49,52,26,14,53,42,41,60,15,19,45,50,60,60,52,40,46,31,52,44,53,50,30,23,36,35,18,36,45,25,36,41,49,53,52,48,74,52,46,56,45,39,36,56,47,17,51,44,48,55,49,48,44,47,41,42,48,23,44,22,23,22,30,23,17,21,24,22,25,30,43,26,51,58,39,59,61,59,32,44,47,53,31,20,53,24,46,43,35,53,50,54,43,53,44,29,39,38,42,18,17,16,21,19,35,29,50,27,28,37,28,17,26,45,46,60,37,53,18,22,52,41,28,48,46,50,55,48,36,46,,37,39,21,27,37,45,36,35,30,28,36,38,42,47,54,20,49,56,52,53,,40,40,38,34,51,57,47,46,59,27,25,7,22,42,18,10,15,42,33,38,37,34,28,35,27,20,15,24,49,25,19,23,23,48,16,31,22,44,35,43,49,37,23,52,36,50,44,31,48,56,17,24,22,16,19,26,33,43,37,26,41,37,29,43,50,50,46,49,42,45,44,39,49,35,37,48,45,34,41,31,34,26,36,33,31,30,33,26,36,20,30,19,25,22,22,23,20,23,17,24,40,19,24,32,34,28,28,30,24,31,18,34,33,14,14,19,24,17,28,14,12,30,14,18,20,21,12,14,26,19,25,27,12,22,32,25,20,9,11,32,58,26,41,26,37,32,22,35,29,18,17,21,44,26,41,16,25,35,23,25,33,30,31,24,58,33,73,43,45,24,70,36,33,12,18,73,70,
20201209,8,O3,2,4,5,5,9,10,3,13,9,5,6,4,6,4,6,13,27,12,25,12,19,22,26,17,5,30,22,21,27,36,12,8,9,9,10,33,19,24,12,37,30,7,13,11,3,56,66,3,29,7,3,5,3,27,25,25,16,20,21,19,31,27,19,48,12,2,10,10,21,11,57,16,10,15,4,5,3,60,29,11,9,16,54,12,6,11,7,21,22,10,5,8,24,4,20,5,7,15,47,37,14,39,31,43,46,16,12,7,4,14,21,10,5,8,19,23,30,20,11,25,10,13,28,7,8,4,7,4,2,3,6,8,35,5,5,3,11,50,40,22,88,6,7,3,8,17,6,30,22,15,6,5,5,12,5,12,61,9,24,25,4,54,14,9,14,5,6,,6,14,32,12,8,20,7,13,23,16,27,25,35,14,16,37,13,14,8,12,,6,13,4,19,26,4,5,8,4,67,31,56,54,3,26,68,71,10,18,25,17,24,28,13,8,25,28,15,16,16,47,17,31,8,23,26,21,24,16,11,10,9,21,21,11,8,23,21,11,21,64,17,14,45,31,2,5,3,5,14,6,4,4,7,5,3,5,,4,8,18,1,7,16,8,5,6,3,4,3,7,8,4,12,16,8,20,20,19,17,19,47,33,21,34,4,22,22,30,28,5,12,18,1,3,9,24,5,2,7,19,26,5,29,24,27,9,8,24,10,15,6,48,17,7,3,15,5,7,40,3,5,39,33,22,20,19,72,27,4,6,18,22,40,8,17,27,56,59,51,71,16,50,26,6,28,49,18,2,5,42,54,45,58,18,24,18,41,17,,6,15,49,42,13,4,6,
20201209,8,O3_24h,42,52,26,65,62,58,35,56,49,47,47,44,41,31,40,60,59,59,63,79,37,60,81,61,45,56,51,50,53,68,57,74,52,26,74,59,58,47,53,61,95,22,28,26,21,70,84,34,56,50,18,26,27,110,124,123,100,112,119,115,112,93,89,125,30,39,36,74,77,44,78,74,71,35,28,19,39,67,61,62,65,51,72,59,60,57,58,81,56,60,60,63,58,61,60,70,105,73,118,111,72,95,88,105,94,62,91,88,79,49,36,55,22,31,70,61,58,45,51,68,51,59,48,33,33,36,19,49,24,50,44,36,85,73,26,68,48,81,119,62,106,42,43,92,46,40,47,56,37,76,54,56,30,42,47,74,78,68,50,57,49,58,51,64,66,60,62,,63,61,56,59,70,53,67,69,64,83,54,73,57,44,31,82,46,20,106,18,,35,49,56,66,47,24,51,33,16,76,72,96,60,69,62,76,96,71,50,75,67,63,69,66,62,58,54,68,59,58,59,48,59,64,48,53,46,71,57,52,36,28,37,56,56,60,48,59,26,53,71,43,51,55,53,24,19,21,18,61,41,11,31,23,55,48,37,29,39,76,39,39,40,84,80,31,81,32,37,24,61,25,31,43,56,28,56,49,46,53,90,95,102,84,112,42,80,65,78,79,25,52,41,39,39,40,39,31,28,59,71,50,93,46,41,51,28,19,46,53,86,69,91,69,89,67,61,60,76,86,76,59,91,79,73,80,70,82,70,47,42,67,68,79,52,76,73,58,72,52,72,45,86,79,82,100,74,82,67,58,90,73,67,67,63,62,43,59,55,,38,73,57,70,46,36,29,
20201209,8,O3_8h,4,4,5,4,7,7,3,25,8,5,6,2,5,4,5,16,32,14,33,31,24,40,46,19,6,40,37,28,39,44,27,15,20,9,29,40,34,25,12,52,67,5,13,8,3,62,71,3,25,9,3,5,3,27,34,30,23,20,28,31,39,33,16,77,18,5,19,7,19,10,69,47,17,17,3,5,3,47,38,17,7,15,59,11,6,12,7,18,19,14,7,15,23,4,33,6,17,39,53,36,16,45,42,57,55,26,16,4,6,15,5,28,5,6,22,38,28,18,10,35,22,15,37,8,15,8,5,4,3,3,5,14,45,15,5,2,16,57,53,26,89,8,23,5,15,31,9,32,27,32,7,5,4,18,4,30,69,14,24,32,4,40,6,10,13,5,6,,9,29,44,19,14,33,35,43,42,45,30,37,49,13,24,50,15,14,12,12,,6,23,16,26,18,3,6,7,4,71,43,60,57,20,50,72,77,9,38,29,15,24,16,7,7,46,39,18,15,25,50,24,43,9,25,28,23,32,30,25,11,11,21,31,19,16,21,27,2,20,66,24,16,41,39,2,5,3,3,21,6,4,7,7,6,3,6,,4,6,17,5,6,34,22,4,15,4,4,7,10,3,7,14,16,13,27,28,32,26,29,58,41,33,48,5,26,13,33,31,6,19,31,3,6,15,23,7,3,12,26,25,12,28,32,34,10,9,28,12,31,12,64,18,14,3,36,18,8,57,10,9,42,32,28,15,21,76,36,4,6,44,45,62,7,28,37,38,56,47,44,32,30,49,22,52,56,30,8,17,51,61,55,61,15,19,19,17,17,,10,36,39,30,6,4,5,
20201209,8,O3_8h_24h,4,6,6,3,7,8,4,30,8,5,10,3,6,5,5,19,41,17,37,45,29,48,60,20,8,46,44,33,44,51,33,21,23,13,45,50,54,30,17,57,87,7,13,8,3,64,73,3,26,10,3,5,5,31,40,36,32,25,30,48,46,34,20,105,26,6,31,8,19,12,72,60,18,18,3,7,4,50,40,25,8,16,60,12,9,12,7,18,22,17,13,21,23,4,42,9,38,55,59,36,17,48,49,66,60,34,26,4,10,15,5,46,6,6,24,45,28,19,12,44,30,19,39,9,21,14,5,7,4,7,5,20,53,30,5,2,19,59,62,29,91,10,42,7,18,35,12,35,30,38,10,5,5,23,4,37,75,16,26,36,5,40,6,11,15,6,7,,15,40,51,36,17,45,46,55,53,59,37,42,57,15,26,61,18,14,13,12,,8,27,27,43,18,4,6,8,4,74,53,60,58,34,62,73,78,10,48,30,15,24,16,7,9,54,48,25,24,31,54,30,56,19,27,32,29,39,36,32,12,15,23,37,30,26,23,32,2,21,67,27,16,41,41,3,5,5,5,25,7,7,12,12,7,3,7,,4,9,17,13,6,47,30,4,21,4,4,9,12,3,14,17,26,20,32,30,36,32,37,62,47,43,61,6,28,13,34,32,6,20,35,8,7,16,25,9,3,13,28,25,19,28,36,35,11,9,29,13,44,35,71,18,22,5,44,29,10,65,25,11,44,33,33,21,22,77,43,4,6,59,68,76,10,31,53,38,58,48,44,36,30,73,60,70,65,56,16,24,53,64,57,63,16,19,20,17,24,,12,59,39,30,6,4,5,
20201209,8,CO,0.77,1.13,1.64,1.42,1.90,1.30,1.25,1.03,1.65,1.28,1.57,1.20,1.07,2.09,2.04,1.10,0.92,1.14,0.83,0.76,0.96,0.59,0.65,1.13,0.97,0.38,0.60,0.77,0.42,0.78,0.50,0.50,0.60,0.83,0.95,0.53,0.73,0.73,0.77,0.70,0.73,0.77,1.00,1.10,1.13,0.78,0.67,1.19,1.04,1.15,1.18,1.24,1.23,0.85,0.81,0.87,0.83,0.70,1.03,0.78,0.82,0.70,0.96,0.85,0.88,0.76,0.92,1.13,0.98,1.03,0.80,2.00,1.60,2.13,1.30,1.17,2.70,0.68,0.88,1.73,1.30,1.70,0.57,0.93,1.20,1.03,1.53,1.85,0.84,1.08,1.16,0.87,0.97,1.50,0.80,1.00,1.00,0.93,0.83,0.97,0.80,0.83,0.90,1.00,1.05,0.80,1.05,1.15,1.50,0.83,0.82,1.54,1.88,1.82,3.42,1.23,1.07,1.30,1.96,1.08,1.14,1.38,0.88,0.97,0.73,0.96,0.89,1.43,1.30,0.90,1.45,1.20,1.10,1.43,1.20,1.55,1.03,0.93,1.10,1.08,0.55,0.85,0.94,2.22,0.93,0.80,0.80,0.83,0.76,0.90,1.10,1.77,2.37,0.94,1.50,1.45,0.45,2.03,0.94,0.77,0.95,1.40,3.10,0.95,1.35,2.15,1.85,,1.50,1.00,0.60,1.10,2.35,0.65,0.95,0.90,0.35,0.70,1.00,0.80,0.70,1.20,0.70,0.70,1.20,0.80,0.70,0.80,,1.27,0.98,0.50,1.72,0.88,2.15,1.80,1.20,1.37,0.63,0.77,0.45,0.65,0.80,1.03,0.60,0.40,1.44,1.10,1.35,2.40,0.93,1.25,1.85,2.35,1.05,0.45,0.87,1.57,1.07,0.53,0.75,0.63,2.30,0.35,0.60,0.80,0.50,0.76,0.53,1.12,1.27,0.97,0.65,0.73,0.53,1.10,0.80,1.10,0.70,0.67,0.70,0.57,0.67,0.75,0.95,1.28,1.20,0.93,1.37,1.05,1.13,1.05,1.20,1.23,0.95,0.95,1.50,1.25,1.32,0.75,1.07,1.08,1.27,1.30,1.17,1.35,1.10,1.00,1.30,1.10,0.45,1.46,1.15,1.72,1.00,1.02,1.70,1.08,0.80,1.10,0.77,1.13,1.00,0.95,1.05,0.85,0.95,0.80,0.75,0.87,0.70,0.82,1.03,1.10,0.87,0.65,0.97,0.87,0.93,0.65,0.35,1.20,0.97,0.90,1.05,0.80,0.80,0.90,1.00,0.65,1.35,0.60,0.60,0.75,1.00,0.80,1.00,0.75,0.75,0.85,0.85,0.50,0.70,0.50,0.90,1.55,0.55,0.55,1.13,1.57,1.05,1.20,0.80,2.20,1.10,0.90,0.40,0.55,0.95,0.40,0.60,0.75,0.90,1.10,1.00,0.50,0.60,0.70,1.40,1.00,0.65,0.60,0.95,2.40,0.65,1.95,0.80,1.00,1.20,3.10,2.40,1.00,1.90,0.90,2.15,2.80,
20201209,8,CO_24h,0.64,0.82,1.14,0.78,1.08,0.88,0.90,0.82,1.63,0.82,1.03,0.83,1.00,1.80,1.49,1.34,0.78,0.69,0.64,0.59,0.86,0.63,0.63,0.73,1.03,0.50,0.82,0.75,0.50,0.80,0.45,0.45,0.85,1.03,0.78,0.47,0.87,0.73,0.77,0.63,0.63,0.93,1.07,1.07,1.01,0.78,0.67,1.10,0.98,0.71,1.04,1.08,1.20,0.91,0.75,0.88,0.80,0.77,0.97,0.78,0.78,0.60,0.93,0.80,0.82,0.81,0.86,0.82,1.08,1.28,1.25,1.90,1.60,2.23,1.18,1.02,1.77,1.12,0.95,1.27,1.20,1.52,0.50,0.85,0.90,0.83,0.87,1.03,0.74,0.75,0.82,0.83,0.93,0.70,0.73,0.63,0.88,0.63,0.82,0.93,0.75,0.83,0.80,0.80,1.15,0.75,0.95,0.90,1.17,0.83,1.48,1.40,1.53,1.25,2.02,1.12,1.20,1.68,1.78,0.78,0.58,0.98,0.72,0.83,0.70,0.94,0.80,1.00,1.18,0.80,1.15,1.13,1.04,1.20,1.16,1.38,0.93,0.90,1.00,1.02,0.55,0.75,0.90,1.74,0.87,0.83,0.80,0.78,0.72,0.85,1.03,1.37,1.60,0.84,1.73,0.85,0.60,1.87,0.88,0.73,0.70,1.20,1.10,0.75,1.00,0.95,0.95,,1.00,0.65,0.55,0.70,1.40,0.75,0.80,0.70,0.55,0.50,1.05,0.77,0.90,0.95,0.95,0.60,1.20,0.90,1.10,1.00,,1.02,1.18,0.35,0.98,1.16,1.63,1.77,1.00,1.00,1.20,0.50,0.40,0.80,0.70,0.43,0.60,0.60,1.18,1.13,1.20,1.68,0.67,1.10,1.00,1.70,0.65,0.50,0.67,0.97,0.70,0.50,0.55,0.40,1.10,0.35,0.45,0.55,0.55,0.70,0.67,1.10,1.20,0.90,0.70,0.80,0.63,1.08,0.85,1.10,0.87,0.65,0.57,0.53,0.60,0.55,0.80,1.20,0.85,0.78,1.30,0.80,1.33,0.97,1.10,0.93,0.78,0.88,1.30,1.08,1.28,0.85,0.97,0.90,1.17,1.13,1.00,1.15,0.95,0.80,1.03,1.13,0.45,1.30,0.92,1.60,0.82,0.88,1.50,1.02,0.85,1.13,0.70,1.07,0.83,0.85,0.95,0.75,1.00,0.75,0.70,1.03,0.63,0.85,0.90,1.00,0.83,0.55,0.93,0.73,0.88,0.65,0.45,0.95,1.07,0.97,1.05,0.85,0.90,0.85,0.90,0.55,1.85,0.55,0.50,0.75,0.85,0.73,0.70,0.70,0.70,0.70,0.90,0.55,1.10,0.70,1.15,1.75,0.50,0.65,0.93,1.03,0.85,1.05,0.70,0.90,0.95,0.55,0.70,0.70,0.95,0.45,0.60,1.65,0.70,1.60,0.40,0.50,0.70,0.70,1.20,0.70,0.70,0.90,1.05,2.55,0.90,2.75,0.90,1.00,1.20,3.25,1.35,1.20,1.70,0.90,2.40,2.60,
20201209,9,AQI,59,80,115,99,89,108,98,62,70,103,90,113,69,139,116,64,96,58,70,46,57,33,38,38,61,51,41,40,45,34,57,62,50,62,49,47,43,43,33,51,22,67,65,83,106,31,21,105,114,74,124,118,174,61,64,65,56,59,60,58,61,50,56,59,43,73,27,66,54,131,55,101,128,200,179,159,108,41,104,83,52,79,23,66,103,104,103,131,67,76,81,63,125,68,54,71,64,57,78,70,56,56,66,69,50,53,68,50,53,103,71,126,154,115,94,65,56,54,160,55,59,111,49,100,73,126,129,138,190,100,151,167,187,129,120,151,69,51,66,54,39,53,79,71,49,51,60,39,12,29,146,169,100,118,129,60,58,154,128,74,86,115,170,85,88,159,96,,101,67,39,62,83,36,50,39,37,27,46,42,47,45,58,40,82,72,60,50,,151,109,44,141,80,101,156,75,114,45,75,24,44,71,78,27,59,140,59,59,109,48,53,64,79,58,32,63,133,71,50,46,61,500,44,69,52,70,109,73,76,104,55,58,129,68,85,84,88,84,22,61,58,20,19,51,99,89,91,68,71,68,67,100,108,98,154,211,203,200,115,160,73,179,215,111,226,123,89,70,151,33,140,144,186,54,106,89,109,68,46,54,60,66,64,58,53,56,47,61,54,40,54,76,58,51,51,59,36,69,43,39,73,36,16,78,10,16,15,19,26,61,39,37,34,61,39,57,54,40,47,44,26,25,23,53,89,21,26,85,96,174,194,54,86,62,65,64,51,81,55,30,42,59,101,56,75,34,50,58,31,58,56,70,102,49,235,74,81,93,184,89,93,56,21,311,278,
20201209,9,PM2.5,31,59,87,74,66,81,73,44,51,77,67,85,45,106,88,45,72,41,51,21,34,18,18,24,40,16,16,24,26,23,37,28,29,37,26,28,24,20,16,28,10,33,47,61,80,21,6,79,86,39,94,89,132,44,46,46,40,42,43,41,44,31,40,42,26,53,19,48,31,100,33,76,97,150,135,121,81,23,78,61,35,53,14,48,77,78,77,100,38,53,58,43,95,46,38,51,46,38,57,51,40,40,48,50,35,37,49,32,23,77,50,96,118,87,70,37,40,31,122,39,20,84,21,75,53,96,98,105,143,75,116,127,141,98,91,116,50,36,48,35,22,37,58,52,34,36,43,27,7,14,112,128,75,89,98,38,41,118,97,54,61,87,129,52,65,121,72,,76,38,17,29,61,16,21,22,18,17,32,22,21,28,41,19,57,51,43,29,,116,82,25,108,59,76,119,52,61,31,55,17,19,52,35,15,42,107,41,42,82,28,37,46,37,40,19,45,101,42,28,20,44,412,23,50,21,51,82,49,56,78,38,36,98,49,63,62,65,62,15,44,41,12,13,28,74,66,68,49,52,49,44,75,81,73,118,161,153,150,87,122,53,135,165,84,176,93,66,51,116,18,107,110,140,38,80,66,82,41,26,38,43,48,46,41,29,40,32,42,38,28,38,56,41,36,30,42,25,50,30,11,53,25,11,57,6,10,10,12,15,28,27,22,24,44,22,31,24,16,20,26,18,12,10,27,66,11,15,63,72,132,146,33,64,43,47,44,36,60,35,16,22,41,76,30,55,24,35,24,16,41,40,51,76,34,185,54,52,69,139,66,69,40,15,261,228,
20201209,9,PM2.5_24h,33,46,67,43,34,53,59,31,36,54,49,46,44,92,62,42,29,32,46,29,52,33,27,19,54,43,37,44,49,35,37,21,42,47,19,26,33,29,26,38,14,51,43,45,67,12,10,80,45,33,82,86,129,41,48,46,37,46,39,43,46,30,36,51,27,43,24,31,24,91,52,77,84,153,128,126,65,57,31,44,43,64,13,32,44,51,46,52,50,31,38,52,49,29,28,34,41,27,60,57,47,46,47,43,32,46,51,39,22,75,62,91,91,55,74,32,53,42,98,29,19,60,22,66,63,83,76,72,106,59,96,118,115,100,112,125,50,32,47,33,28,38,50,49,42,41,43,41,13,29,87,92,54,93,101,29,32,120,81,54,36,49,53,36,50,51,45,,39,26,16,22,31,35,31,33,31,27,61,39,35,53,57,27,67,73,67,46,,105,122,21,84,74,53,111,41,44,66,32,15,43,38,17,16,55,74,36,36,60,29,36,33,33,19,21,32,56,31,28,20,29,74,22,47,10,54,79,59,60,78,34,57,94,65,76,61,77,70,12,48,42,21,19,24,81,49,64,49,46,59,46,58,62,62,93,120,135,148,82,105,58,123,162,68,167,100,50,46,127,22,82,73,138,42,57,62,68,57,36,35,36,37,45,35,25,36,30,39,37,29,37,41,34,43,37,39,23,37,26,14,39,24,22,60,23,15,28,23,15,51,18,19,24,24,22,23,29,16,22,28,20,18,13,24,45,7,14,54,51,88,128,44,32,71,37,53,35,56,23,15,30,28,83,13,37,22,24,15,10,75,99,57,69,35,220,57,53,64,137,44,61,28,15,281,256,
20201209,9,PM10,67,87,164,142,111,150,138,74,84,133,119,134,87,171,130,77,102,54,68,46,64,33,38,38,72,52,41,40,45,34,64,73,50,74,49,47,43,43,33,52,22,84,70,95,102,31,14,106,130,98,137,111,93,66,73,79,62,43,64,55,60,50,60,61,43,76,26,79,57,117,59,99,152,170,142,132,123,41,101,86,53,107,23,74,140,130,126,148,83,102,111,75,112,86,50,92,57,63,74,77,44,47,57,64,46,51,74,50,55,132,92,141,191,133,112,79,56,57,156,54,68,144,49,69,67,119,139,145,186,129,168,129,157,151,123,95,77,44,63,58,39,53,71,76,34,46,69,35,8,29,119,163,91,96,143,70,62,155,150,79,121,126,198,119,109,179,126,,111,84,39,74,103,36,50,39,37,26,40,42,47,45,56,40,113,93,67,50,,155,82,44,163,86,139,157,99,177,45,75,23,44,83,106,27,54,141,67,60,130,48,51,77,108,65,32,64,143,92,50,46,56,647,44,73,53,78,120,95,99,82,60,66,130,70,111,97,84,62,22,47,45,20,15,52,105,121,70,70,81,61,83,127,139,118,131,269,213,202,89,177,77,185,163,107,157,143,90,69,136,33,137,110,163,34,114,92,109,85,46,55,66,76,70,60,56,52,47,71,46,33,45,75,53,43,51,48,28,57,29,39,76,32,12,78,9,16,15,19,26,71,21,37,34,62,39,63,58,40,47,44,26,25,23,56,68,11,26,76,83,128,155,57,98,73,54,77,51,80,59,30,42,67,88,62,74,34,36,65,31,49,49,50,154,49,251,87,112,72,218,127,89,,6,330,377,
20201209,9,PM10_24h,60,67,115,77,67,98,103,60,74,92,84,79,79,149,95,74,46,50,60,38,86,46,35,39,89,65,67,64,72,56,48,45,59,89,36,47,55,58,49,63,23,90,58,75,73,17,13,104,87,66,120,105,92,65,79,82,66,70,68,57,64,43,63,69,40,61,42,63,50,118,82,102,123,149,141,143,97,90,51,65,57,105,12,62,84,92,76,86,96,61,69,75,80,53,43,63,54,35,80,90,52,58,56,57,42,60,69,61,41,134,132,127,144,102,114,72,94,84,126,45,54,90,43,63,73,88,115,106,133,99,137,124,126,136,143,94,75,39,64,48,43,53,58,76,48,52,61,54,20,46,99,122,73,112,153,53,52,156,105,95,70,93,98,79,87,81,75,,59,51,34,46,56,65,50,49,49,40,76,58,76,78,76,43,120,116,106,75,,147,128,31,117,136,101,148,91,123,105,48,19,78,53,37,24,69,109,59,63,83,50,55,65,90,35,42,42,91,67,44,38,47,111,43,67,27,83,110,104,95,77,50,84,128,93,113,97,87,60,16,50,49,30,23,45,109,87,49,75,76,77,70,87,93,102,112,136,171,195,103,148,84,163,158,90,155,140,79,53,151,38,97,83,155,45,76,88,96,84,63,58,63,55,64,59,42,53,44,84,54,41,40,53,58,55,52,51,28,51,37,42,61,34,25,80,33,23,35,32,24,89,32,39,40,35,30,39,63,25,50,62,27,44,31,43,58,16,27,67,62,89,136,63,55,93,55,85,52,69,34,29,78,49,97,31,65,39,48,41,30,91,115,60,170,65,288,99,123,86,199,104,74,30,18,357,369,
20201209,9,SO2,6,24,18,21,36,20,18,25,15,19,38,27,19,47,20,37,17,23,28,7,8,8,4,15,14,6,9,11,8,7,6,6,7,8,11,8,10,11,9,6,6,10,4,6,11,4,3,8,20,15,17,8,11,10,7,10,11,12,13,14,12,9,13,9,8,10,10,17,7,15,16,20,10,8,9,9,25,12,12,45,34,21,4,35,22,18,39,26,22,18,29,35,22,20,8,26,18,13,32,48,6,9,16,15,9,10,21,20,11,11,29,20,68,106,37,16,26,30,41,21,17,18,10,13,11,8,8,18,8,10,16,11,10,9,23,10,3,11,12,19,6,6,9,15,12,4,3,3,13,8,12,40,9,7,13,6,10,67,6,4,28,16,44,22,20,29,29,,12,27,9,6,12,10,7,11,8,8,13,10,11,13,11,8,5,4,8,8,,7,11,4,22,20,54,20,15,44,7,25,3,6,22,22,9,8,81,15,26,43,17,16,61,26,23,12,18,19,20,15,21,13,20,18,15,49,14,9,10,8,12,8,12,8,5,8,8,7,7,4,17,14,10,3,51,69,63,23,15,18,42,6,10,17,15,9,11,8,7,8,7,13,7,10,10,14,5,17,9,5,7,17,20,4,6,13,12,8,6,18,13,17,11,13,28,12,10,9,16,4,6,4,6,8,6,9,8,4,5,18,7,16,7,25,3,7,7,40,6,6,14,7,4,11,30,12,8,10,6,14,14,8,9,6,6,14,9,8,38,32,19,15,27,13,8,17,8,6,9,8,9,13,11,17,29,17,17,21,82,16,11,4,8,16,2,7,20,6,10,5,35,15,3,2,11,6,
20201209,9,SO2_24h,6,14,18,12,20,17,20,27,25,15,28,20,16,46,23,39,15,18,18,7,9,8,4,15,19,7,9,11,8,9,8,8,10,7,8,6,10,7,8,6,6,7,4,6,10,4,3,6,23,14,12,8,7,11,8,9,10,10,11,12,12,6,11,11,7,7,14,13,6,16,18,31,17,9,7,7,28,24,14,28,29,55,3,28,16,26,36,25,25,15,20,27,26,18,7,29,9,10,21,33,6,10,12,9,9,10,16,23,9,16,73,19,77,48,39,19,28,32,42,18,31,14,11,12,9,7,9,13,14,11,17,13,8,14,12,10,3,11,11,19,7,6,8,27,12,5,2,4,12,9,15,28,10,9,20,14,13,52,6,5,21,17,19,19,24,17,20,,8,18,7,5,9,10,7,10,9,8,14,11,13,11,11,8,5,4,26,7,,7,12,5,15,42,54,19,23,27,17,17,5,15,24,9,13,9,66,22,23,32,17,19,27,23,12,10,11,12,13,13,11,7,9,15,12,31,14,10,11,9,10,6,13,8,7,8,9,9,7,4,11,6,7,3,19,22,34,13,12,18,27,5,16,14,14,15,16,9,8,10,9,13,10,11,10,9,3,12,10,7,7,12,19,3,5,11,12,6,6,17,11,15,10,10,13,9,8,9,11,13,8,5,5,7,7,10,7,4,4,13,7,11,8,19,3,14,6,32,7,7,29,8,4,10,14,8,6,10,6,15,12,8,9,7,7,9,11,8,12,20,20,17,33,13,7,20,7,6,8,6,12,10,14,33,14,21,17,24,29,16,20,9,9,17,15,8,27,12,10,7,18,15,2,3,9,7,
20201209,9,NO2,54,72,64,75,62,58,64,36,47,71,56,54,49,65,45,44,47,37,44,70,47,54,45,37,52,48,45,58,41,28,44,53,39,59,58,38,46,49,55,30,33,52,39,36,59,17,19,42,45,74,59,44,41,43,32,56,43,47,49,36,23,37,31,19,39,46,29,41,40,42,43,59,50,71,50,41,62,27,42,48,56,51,18,55,52,50,60,56,48,55,57,49,43,65,45,53,27,31,27,31,24,18,26,38,20,19,27,42,24,40,45,49,60,65,65,31,37,41,54,38,25,60,25,51,52,36,40,55,49,45,55,50,32,36,35,43,24,21,26,23,19,32,34,39,28,42,38,21,24,35,47,51,56,37,51,44,36,44,41,43,52,39,67,68,55,41,64,,48,53,38,39,57,38,66,64,46,54,40,56,30,58,50,30,53,52,52,38,,43,29,38,45,39,56,45,39,60,12,36,12,15,59,41,9,19,44,38,39,41,33,26,45,28,35,18,26,57,42,22,27,29,99,22,35,27,50,40,53,56,44,24,68,44,54,51,34,58,60,14,26,25,15,15,20,33,48,34,27,46,38,30,38,55,49,38,44,40,41,36,40,46,41,42,44,47,34,37,35,30,30,42,36,34,31,46,25,44,21,24,24,26,33,32,26,35,25,19,29,37,20,28,38,37,29,28,36,22,30,24,40,38,18,21,29,20,14,26,15,25,24,25,21,19,30,23,17,21,33,27,22,20,16,31,24,28,13,14,34,60,37,54,43,46,45,21,19,29,18,15,24,31,41,38,38,29,54,25,41,31,24,24,31,62,25,56,23,31,30,64,65,28,16,12,75,67,
20201209,9,NO2_24h,50,61,61,58,48,47,64,36,49,61,49,52,51,66,52,50,38,39,41,44,52,41,23,44,53,37,41,48,31,23,29,38,39,63,42,37,47,49,53,26,15,53,42,41,61,15,19,46,50,61,60,52,41,46,31,52,45,53,51,30,23,37,34,18,36,45,25,36,41,49,52,51,48,74,53,46,57,44,39,36,56,47,17,51,45,48,55,49,48,44,47,41,42,49,25,45,22,23,22,30,23,17,21,24,22,25,30,43,26,50,58,39,60,61,60,31,44,47,53,31,20,53,23,46,43,36,52,50,54,43,54,44,29,39,38,43,18,17,17,21,18,35,29,50,27,29,36,27,17,26,45,47,60,37,53,20,21,52,41,29,48,46,51,56,49,37,47,,37,39,22,27,38,45,38,36,31,29,37,39,41,48,54,20,50,56,52,53,,40,39,38,34,50,58,47,46,59,26,26,7,21,42,20,10,15,42,33,37,37,34,28,35,27,21,15,24,50,25,19,23,23,51,16,32,22,45,35,43,50,38,23,53,35,51,45,30,49,57,16,24,22,16,18,25,33,43,37,26,41,37,29,43,51,51,45,49,42,45,43,40,49,36,37,48,44,34,41,31,34,26,37,34,32,30,34,26,36,20,30,20,25,23,22,23,20,23,17,24,39,19,24,33,34,28,28,31,24,31,18,34,34,15,14,19,24,16,28,14,12,30,14,18,20,21,12,14,26,19,25,27,12,22,32,25,20,9,11,32,59,26,42,25,37,32,22,35,29,18,17,20,44,26,41,16,25,35,23,25,34,29,30,25,59,34,72,44,45,25,72,37,33,13,18,73,70,
20201209,9,O3,5,6,6,5,14,9,4,17,12,6,8,5,7,6,6,18,34,20,32,20,19,29,32,36,5,25,36,21,23,36,14,10,16,12,18,40,28,31,26,51,48,9,17,15,4,57,68,4,29,8,4,5,4,29,26,29,23,25,24,25,35,35,27,67,11,3,10,11,16,13,50,18,11,14,5,5,7,57,30,16,13,27,54,16,8,12,7,24,24,13,7,10,28,5,20,7,17,18,45,37,17,31,29,39,47,18,16,17,4,16,20,12,6,10,24,30,29,25,13,33,15,17,31,9,8,5,10,5,3,6,6,6,34,5,5,3,9,53,35,24,83,5,9,5,9,12,4,32,16,20,9,7,7,11,8,11,47,13,24,14,4,50,16,10,14,6,7,,6,25,28,21,11,44,19,20,30,31,25,25,41,16,18,49,13,15,12,21,,7,13,6,21,30,4,8,7,4,69,36,55,51,9,32,66,61,13,23,27,20,24,29,14,13,28,32,20,24,19,49,21,43,11,21,33,24,19,15,7,10,10,23,22,13,11,22,17,1,24,67,23,16,46,40,3,8,5,3,18,11,8,6,10,12,7,7,1,4,10,17,2,9,16,4,7,4,4,8,5,6,6,4,13,14,10,17,17,14,17,25,46,37,22,29,6,13,21,31,27,7,9,15,2,4,6,22,6,3,7,14,24,6,27,21,17,10,9,22,9,13,8,39,16,9,5,15,9,10,30,3,5,33,31,17,19,20,68,23,5,12,32,19,27,8,15,32,55,49,54,64,17,52,21,6,25,45,10,6,4,60,50,46,53,11,21,26,49,19,,9,9,43,42,7,4,18,
20201209,9,O3_24h,42,52,26,65,62,58,35,56,49,47,47,44,41,31,40,60,59,59,63,79,37,60,81,61,45,56,51,50,53,68,57,74,52,26,74,59,58,47,50,61,95,22,28,26,21,70,84,32,56,50,18,26,27,110,124,123,100,112,119,115,112,93,89,125,30,39,36,74,77,44,78,74,71,35,28,19,39,67,61,62,65,51,72,59,60,57,58,81,56,60,60,63,58,61,60,70,105,73,118,111,72,95,88,105,94,62,91,88,79,49,36,55,22,31,70,61,58,45,51,68,51,59,48,33,33,33,19,49,24,50,44,36,85,73,26,68,48,81,119,62,106,42,43,92,46,40,47,56,37,76,54,56,30,42,47,74,78,68,50,57,49,58,51,64,66,60,62,,63,61,56,59,70,53,67,69,64,83,54,73,57,44,31,82,46,20,106,21,,35,49,56,66,47,24,51,33,16,76,72,96,60,69,62,76,96,71,50,75,67,63,69,66,62,58,54,68,59,58,59,48,59,63,48,53,46,71,57,52,36,28,37,56,56,60,48,59,26,53,71,43,51,55,53,24,19,20,18,61,41,11,31,23,55,48,37,29,39,76,39,39,40,84,80,31,81,32,37,24,61,25,30,43,56,28,56,49,43,53,90,95,102,84,112,42,80,65,78,79,25,52,41,39,39,40,39,31,21,59,71,50,93,46,41,51,28,19,46,53,86,69,91,69,89,67,61,60,76,86,76,59,91,79,73,80,70,82,70,47,42,67,68,79,52,76,73,58,72,54,72,45,86,79,82,100,74,82,67,58,90,73,67,67,63,62,43,55,55,,40,73,57,70,46,36,29,
20201209,9,O3_8h,3,5,5,4,8,7,3,24,8,5,5,3,6,4,5,17,31,14,33,29,24,38,43,22,5,38,36,27,36,42,24,14,19,9,26,39,31,26,15,52,62,6,13,9,3,62,71,3,26,9,3,5,3,28,32,29,23,22,28,28,38,34,17,72,16,5,17,8,19,11,67,42,17,17,4,5,4,49,38,16,8,17,60,12,6,12,7,19,19,14,6,13,25,4,30,5,15,35,52,37,16,43,40,54,54,24,14,6,5,16,7,24,5,7,23,36,30,20,10,34,20,16,36,8,14,7,6,4,3,3,5,11,43,12,5,2,15,57,50,26,88,8,20,5,14,28,8,31,26,30,7,5,5,17,5,27,66,15,24,29,4,42,7,10,12,5,6,,8,27,42,18,13,33,32,40,39,42,29,36,46,14,24,49,14,14,13,14,,5,22,14,23,21,3,6,7,4,71,41,59,57,17,47,72,75,9,35,30,16,25,19,8,8,43,37,17,15,24,50,23,41,23,25,28,23,30,27,22,12,10,21,29,18,14,21,25,2,21,67,24,17,42,40,2,5,3,3,21,7,5,6,7,7,3,6,,4,7,17,3,6,30,19,5,13,4,4,6,10,4,6,14,14,12,26,24,30,25,28,56,41,31,44,5,23,15,32,34,6,17,30,2,6,14,23,7,3,12,24,26,11,28,30,32,10,9,27,12,27,9,61,19,12,3,34,15,8,53,8,9,41,33,27,16,21,75,34,4,6,42,39,56,7,27,34,43,56,48,48,30,34,42,16,47,54,24,7,14,52,59,54,60,16,19,21,23,17,,9,29,40,32,6,4,6,
20201209,9,O3_8h_24h,4,6,6,4,8,9,4,30,8,5,10,3,6,5,6,19,41,17,37,45,30,48,60,22,9,46,44,33,44,51,33,21,23,14,45,51,54,30,17,57,87,8,13,9,3,64,73,3,27,10,3,5,5,32,40,37,33,25,30,48,46,35,20,105,26,6,31,8,20,13,72,60,18,18,4,7,4,52,40,25,9,17,60,12,9,12,7,19,22,17,13,21,25,4,42,9,38,55,59,37,17,48,49,66,60,34,26,6,10,16,7,46,6,7,24,45,30,21,12,44,30,19,39,9,21,14,6,7,4,7,5,20,53,30,6,2,19,59,62,29,91,10,42,7,18,35,12,35,30,38,10,6,5,23,5,37,75,16,27,36,5,42,7,11,15,6,7,,15,40,51,36,17,45,46,55,53,59,37,42,57,15,26,61,18,14,14,14,,8,27,27,43,21,4,6,8,4,74,53,60,58,34,62,73,78,10,48,30,16,25,19,8,10,54,48,25,24,31,55,30,56,28,27,32,29,39,36,32,12,15,23,37,30,26,23,32,2,21,68,27,17,42,42,3,5,5,5,25,7,7,12,12,7,3,7,,4,9,17,13,7,47,30,5,21,4,4,8,12,4,14,17,26,20,32,27,36,32,37,62,47,43,61,6,28,15,34,34,6,20,35,8,7,16,25,9,3,13,28,26,19,28,36,35,11,9,29,13,44,35,71,19,22,5,44,29,10,65,25,11,44,34,33,22,23,77,43,4,6,59,68,76,11,31,53,43,58,48,48,36,34,73,60,70,65,56,16,24,53,64,57,63,16,19,21,23,25,,12,59,40,32,6,4,6,
20201209,9,CO,0.79,1.23,1.71,1.57,2.16,1.42,1.28,1.03,1.63,1.35,1.60,1.20,1.28,2.17,1.97,1.16,0.95,1.12,0.93,0.69,0.89,0.60,0.65,0.80,1.00,0.38,0.60,0.72,0.45,0.72,0.60,0.53,0.70,0.84,0.88,0.53,0.67,0.63,0.73,0.63,0.70,0.77,0.97,1.13,1.20,0.76,0.67,1.23,1.05,1.13,1.24,1.27,1.29,0.87,0.84,0.87,0.85,0.73,1.00,0.78,0.80,0.70,0.97,0.75,0.91,0.83,0.99,1.33,1.25,1.02,0.83,2.20,1.60,2.23,1.30,1.17,2.70,0.74,1.18,1.52,1.23,1.32,0.57,0.85,1.23,1.03,1.60,1.72,0.82,1.00,1.30,0.87,0.90,1.73,0.83,1.00,1.00,1.00,0.83,1.03,0.80,0.90,0.90,1.00,1.05,0.85,1.18,0.95,1.60,0.90,0.90,1.58,2.10,1.83,3.38,1.10,1.20,1.45,2.00,1.07,0.82,1.50,0.86,0.93,0.75,1.00,0.94,1.43,1.40,0.90,1.45,1.23,1.08,1.43,1.24,1.57,1.13,0.97,1.17,1.16,0.60,0.95,0.90,2.18,0.87,0.83,0.87,0.90,0.82,0.95,1.03,1.75,2.87,1.00,1.33,1.80,0.55,1.83,1.00,0.90,1.05,1.20,2.90,1.20,1.25,2.20,1.90,,1.60,1.15,0.75,0.95,2.05,0.60,0.90,0.90,0.55,0.50,1.05,0.73,0.70,1.10,0.75,0.80,1.20,0.80,0.70,0.80,,1.33,0.98,0.55,1.90,0.90,2.48,1.87,1.47,1.27,0.67,0.80,0.45,0.75,0.85,1.10,0.55,0.60,1.70,1.07,1.38,2.20,0.95,1.30,2.30,2.20,1.15,0.55,0.97,1.33,0.93,0.57,1.05,0.55,3.00,0.40,0.60,1.10,0.53,0.80,0.57,1.08,1.13,0.97,0.75,0.80,0.53,1.10,0.85,1.10,0.73,0.67,0.67,0.67,0.70,0.75,0.93,1.45,1.25,0.95,1.37,1.03,1.10,1.07,1.13,1.50,0.95,0.97,1.63,1.35,1.32,0.75,1.10,1.10,1.20,1.30,1.23,1.40,1.30,0.95,1.45,1.27,0.45,1.58,1.15,1.85,1.05,1.07,1.70,1.18,0.85,1.15,0.77,1.07,0.97,1.05,1.10,0.90,0.95,0.85,0.80,0.97,0.77,0.85,1.07,1.13,0.90,0.70,1.03,0.97,0.93,0.75,0.55,1.32,0.97,1.00,1.20,0.80,0.75,1.00,1.00,0.80,1.55,0.70,0.65,0.90,1.10,0.93,1.05,0.85,0.85,1.10,1.00,0.75,0.80,0.65,1.35,2.05,0.55,0.70,1.20,1.33,1.20,1.15,0.75,2.65,1.05,0.75,0.40,0.65,0.95,0.40,0.80,0.75,1.00,1.10,1.20,0.60,1.20,1.00,1.80,0.60,0.65,0.55,0.95,3.70,0.60,1.90,0.70,1.00,1.40,2.60,2.65,1.10,1.80,1.00,2.15,2.30,
20201209,9,CO_24h,0.64,0.85,1.17,0.82,1.12,0.88,0.93,0.82,1.68,0.82,1.03,0.83,1.00,1.89,1.49,1.26,0.77,0.69,0.66,0.58,0.86,0.63,0.63,0.73,1.01,0.50,0.81,0.75,0.53,0.80,0.45,0.45,0.85,0.99,0.76,0.50,0.87,0.73,0.77,0.63,0.63,0.93,1.07,1.07,1.02,0.80,0.67,1.14,0.97,0.72,1.04,1.08,1.20,0.91,0.77,0.85,0.80,0.77,0.97,0.78,0.78,0.60,0.91,0.80,0.81,0.74,0.86,0.82,1.08,1.28,1.23,1.85,1.62,2.25,1.18,1.02,1.82,1.08,0.82,1.27,1.17,1.50,0.50,0.85,0.90,0.83,0.90,1.02,0.72,0.75,0.84,0.83,0.93,0.80,0.77,0.63,0.88,0.68,0.82,0.97,0.80,0.83,0.80,0.80,1.15,0.75,0.97,0.90,1.17,0.83,1.42,1.38,1.62,1.28,2.05,1.12,1.20,1.63,1.82,0.80,0.58,1.02,0.70,0.83,0.70,0.94,0.79,1.00,1.18,0.80,1.18,1.13,1.04,1.20,1.16,1.40,0.93,0.90,1.00,1.02,0.55,0.75,0.90,1.74,0.87,0.83,0.77,0.78,0.74,0.85,1.03,1.40,1.67,0.84,1.73,0.90,0.60,1.90,0.88,0.73,0.65,1.20,1.20,0.75,1.00,0.95,1.00,,1.00,0.65,0.55,0.75,1.40,0.75,0.80,0.70,0.55,0.50,1.05,0.77,0.85,0.95,0.95,0.60,1.20,0.80,1.10,1.00,,1.07,1.18,0.40,0.98,1.12,1.65,1.77,1.00,1.10,1.13,0.50,0.40,0.75,0.65,0.50,0.60,0.60,1.18,1.13,1.20,1.70,0.67,1.10,1.10,1.80,0.65,0.50,0.67,1.00,0.70,0.50,0.55,0.40,1.20,0.30,0.45,0.60,0.52,0.72,0.67,1.10,1.20,0.90,0.70,0.80,0.63,1.08,0.80,1.10,0.83,0.65,0.57,0.53,0.60,0.60,0.80,1.23,0.85,0.78,1.30,0.80,1.33,0.97,1.10,0.93,0.80,0.88,1.30,1.10,1.28,0.85,0.97,0.90,1.17,1.13,1.00,1.13,0.95,0.80,1.15,1.13,0.45,1.32,0.95,1.60,0.82,0.88,1.52,1.08,0.85,1.13,0.70,1.07,0.83,0.85,0.95,0.75,0.95,0.75,0.70,1.03,0.63,0.85,0.90,1.00,0.83,0.57,0.93,0.73,0.88,0.65,0.45,0.97,1.07,0.97,1.05,0.80,0.90,0.85,1.00,0.55,1.85,0.55,0.50,0.75,0.85,0.73,0.70,0.70,0.70,0.75,0.90,0.55,1.10,0.70,1.15,1.75,0.50,0.65,0.93,1.07,0.85,1.05,0.70,0.95,0.95,0.60,0.70,0.70,0.95,0.45,0.60,1.60,0.70,1.50,0.40,0.50,0.70,0.70,1.20,0.70,0.67,0.90,1.10,2.65,0.90,2.75,0.90,1.00,1.20,3.17,1.40,1.20,1.70,0.90,2.40,2.60,
20201209,10,AQI,59,84,114,90,94,111,86,68,73,99,95,119,75,146,125,66,90,58,83,38,56,36,44,35,68,53,44,42,51,44,63,70,55,65,43,41,39,51,31,43,23,73,60,81,109,31,22,105,120,71,149,119,180,60,63,65,58,56,59,59,61,51,59,54,44,75,28,81,64,133,55,99,131,199,180,163,116,48,88,59,48,68,22,74,111,101,109,141,67,79,95,65,161,75,57,75,61,57,76,71,55,56,63,60,46,52,68,49,64,105,73,126,170,120,104,83,64,64,170,52,63,113,52,93,73,135,135,138,173,129,148,174,184,134,121,164,75,50,70,56,43,56,81,71,55,47,63,46,12,27,149,164,100,124,129,68,66,149,134,74,105,108,143,99,80,159,96,,110,70,51,60,74,35,57,26,45,25,49,45,46,42,64,41,84,75,59,52,,166,113,44,148,79,114,160,100,98,45,81,23,49,75,53,28,59,146,60,60,77,51,58,79,82,79,40,57,194,66,51,41,63,374,48,78,67,69,114,73,76,108,64,57,129,63,91,89,96,88,24,54,58,24,18,53,100,94,105,62,73,83,70,109,121,101,174,209,208,207,118,170,74,167,215,106,228,118,84,78,161,36,153,140,196,50,113,90,118,70,51,55,64,63,65,63,62,53,46,64,51,39,51,78,59,51,54,65,33,68,59,60,74,37,20,75,13,17,18,17,53,67,24,41,45,52,52,48,55,41,60,56,40,29,53,64,143,29,37,90,81,193,194,58,85,65,61,58,51,80,54,39,44,76,114,61,74,53,71,80,24,49,53,63,109,51,247,61,78,100,169,135,95,58,36,289,288,
20201209,10,PM2.5,32,62,86,67,70,80,61,49,45,74,71,90,48,112,95,47,67,41,61,23,32,18,17,21,38,21,16,25,30,27,38,31,37,39,23,24,21,22,15,23,9,37,41,60,82,21,6,79,91,40,114,90,136,43,45,46,40,40,42,42,44,33,40,38,28,55,18,60,44,101,36,74,100,149,136,124,88,27,65,42,33,43,10,54,84,76,82,108,40,54,70,44,123,48,38,52,44,36,56,52,39,40,45,43,32,34,49,30,23,79,50,96,129,91,78,61,39,46,129,35,22,85,23,69,53,103,103,105,131,98,113,132,139,102,92,125,55,35,51,40,25,40,60,52,39,33,45,32,8,19,114,125,75,94,98,47,48,114,102,54,79,81,109,54,59,121,72,,83,42,21,24,54,17,21,14,16,14,34,23,20,25,46,22,57,54,42,33,,126,85,28,113,58,86,122,49,69,30,60,13,16,55,33,17,42,112,43,41,47,35,41,58,39,58,27,28,146,36,27,27,45,159,24,57,33,50,86,50,55,81,46,36,98,45,68,66,72,65,13,38,41,12,10,29,75,70,79,41,53,61,46,82,92,76,132,159,158,157,89,129,54,127,165,80,178,89,62,57,123,19,117,107,147,35,85,67,89,43,28,39,46,43,47,43,34,37,31,44,36,27,36,57,41,36,31,47,23,49,42,21,54,26,14,55,9,12,12,12,22,43,16,26,20,32,24,25,29,26,30,31,23,17,22,43,109,19,17,67,60,145,146,32,63,47,44,39,34,59,35,18,23,55,86,39,54,37,38,50,10,34,37,45,77,34,197,44,54,75,128,103,71,41,25,239,238,
20201209,10,PM2.5_24h,34,48,69,45,36,54,59,32,36,56,50,48,43,96,64,41,30,32,47,28,52,32,26,19,53,42,36,43,49,34,37,22,42,46,19,26,31,29,25,37,13,52,44,47,67,12,10,81,48,33,85,86,129,40,47,46,37,46,39,43,46,30,36,51,26,43,24,32,25,91,50,76,85,154,129,127,66,56,32,44,42,60,13,33,46,53,48,53,49,32,39,53,53,31,28,35,42,27,60,57,46,47,47,42,31,46,52,38,22,77,62,91,94,57,74,33,51,41,99,29,18,62,22,66,62,84,77,74,110,61,97,118,118,99,111,125,50,32,47,33,28,39,51,50,41,41,43,41,13,28,90,96,55,93,102,30,32,123,83,55,38,52,56,37,50,54,45,,40,25,16,22,32,34,30,32,31,26,60,39,34,52,56,26,67,72,66,45,,107,123,21,84,72,55,113,42,45,66,33,15,41,37,18,16,55,75,36,36,60,29,36,34,32,20,21,33,59,30,28,20,29,78,21,48,11,54,78,59,60,79,35,55,93,64,75,61,77,69,12,48,42,21,19,25,81,50,64,49,46,59,46,59,60,63,96,125,139,149,83,108,58,124,160,69,166,98,52,46,126,22,84,76,138,42,58,62,70,56,36,35,36,36,45,35,25,36,30,39,37,29,37,41,34,42,37,40,23,37,26,14,40,25,21,60,23,15,27,23,15,52,18,19,24,24,22,23,29,17,23,28,20,18,13,25,37,7,14,55,52,92,131,42,33,71,37,53,35,56,24,15,29,29,82,15,38,22,24,15,10,74,93,58,69,35,220,57,54,65,138,46,63,29,15,281,257,
20201209,10,PM10,68,99,155,125,116,171,122,84,95,123,123,139,99,185,128,82,93,54,89,38,62,36,44,35,85,55,44,42,52,44,76,89,59,80,43,41,39,51,31,43,19,95,69,110,102,31,14,114,146,91,149,112,100,65,72,79,66,57,63,56,66,51,67,48,44,78,28,78,78,118,60,100,145,163,148,139,126,48,89,66,48,86,19,76,148,132,143,149,84,107,140,80,138,99,64,100,55,64,79,88,52,50,58,67,43,53,80,49,78,138,95,143,205,143,117,115,78,75,173,53,76,143,54,76,69,128,138,149,181,152,170,154,157,162,127,102,85,41,74,59,43,60,76,92,39,45,71,44,12,27,128,174,99,106,148,86,69,129,138,88,154,138,187,147,93,194,134,,128,89,51,69,93,35,63,26,45,25,45,45,46,42,62,41,117,99,66,54,,163,81,44,165,98,167,162,150,146,45,83,23,49,85,55,28,66,161,62,69,103,52,58,98,114,95,40,64,224,82,52,41,57,479,48,82,83,82,128,95,101,89,64,63,136,70,113,99,92,65,24,47,48,24,15,56,110,124,73,74,87,75,89,128,160,122,149,224,222,207,89,189,78,184,158,105,159,143,91,75,158,36,163,110,166,35,118,93,116,90,52,59,67,75,72,75,74,47,46,78,50,36,48,77,67,52,58,53,26,61,55,69,75,36,16,73,12,14,17,8,56,83,24,41,45,53,53,48,60,41,70,61,40,29,55,78,63,29,37,88,62,130,176,66,98,80,57,65,52,89,58,39,44,102,88,71,88,56,92,110,24,41,50,47,168,51,280,65,105,94,194,180,95,,7,297,286,
20201209,10,PM10_24h,62,70,117,80,70,101,104,61,76,95,86,81,78,154,98,72,48,50,61,37,86,45,36,39,89,64,65,64,71,55,58,47,59,88,36,46,53,57,47,62,23,92,59,77,74,18,13,105,89,66,123,105,93,65,79,82,66,70,67,58,66,43,63,68,38,62,42,63,51,118,80,100,124,151,142,146,99,89,52,65,56,99,12,62,87,95,79,88,95,63,71,77,84,55,43,64,55,35,81,90,51,57,56,57,43,60,69,59,41,136,130,127,148,103,114,75,91,81,127,45,54,93,44,63,73,89,116,107,137,101,141,125,130,137,142,94,75,39,64,48,43,54,59,77,47,51,60,53,20,44,101,129,75,111,155,55,50,160,108,93,74,97,102,82,87,86,77,,60,50,35,46,57,63,50,48,48,39,75,58,74,77,75,42,120,115,105,74,,148,129,31,118,131,106,149,92,126,103,50,20,76,54,38,25,69,109,59,62,83,49,55,67,89,37,42,43,95,66,45,38,47,119,40,67,30,82,110,103,96,78,51,83,127,92,111,97,87,60,16,50,48,30,23,46,111,89,51,74,76,77,71,88,101,104,114,143,177,197,102,152,84,166,155,92,154,139,81,54,150,38,102,86,155,45,79,89,99,84,62,58,63,56,64,59,43,53,44,85,54,40,41,54,58,56,52,52,28,52,38,43,63,35,25,79,33,23,35,31,25,91,32,38,40,36,32,39,63,26,51,61,28,43,32,44,36,17,27,69,63,92,140,61,56,92,55,85,52,69,34,28,76,50,95,33,65,38,48,42,30,89,109,61,172,66,289,100,124,87,199,107,76,32,18,358,367,
20201209,10,SO2,6,28,20,24,38,19,21,25,15,22,42,27,15,46,21,37,15,23,33,7,8,9,4,13,14,6,10,11,9,8,8,7,8,9,14,8,10,18,8,6,5,10,5,7,12,4,3,9,22,15,19,9,11,10,7,11,12,12,13,15,12,9,16,10,8,9,12,14,7,17,13,25,13,9,9,9,33,12,16,42,21,23,3,36,22,16,41,28,22,18,30,37,21,21,7,26,22,14,34,48,6,9,15,11,9,10,19,22,14,11,27,21,66,133,35,18,27,31,38,18,21,22,12,14,12,11,8,28,9,14,16,12,10,10,15,11,3,10,13,25,8,7,8,20,15,4,4,3,15,7,13,36,8,8,13,20,12,35,6,5,35,16,40,22,17,30,28,,13,26,9,12,12,10,8,11,10,11,14,10,11,13,11,9,8,5,8,8,,7,10,6,25,19,84,21,25,40,8,28,4,8,24,10,9,9,112,18,27,35,23,17,69,27,23,13,44,27,18,19,28,11,30,18,16,27,15,10,9,9,11,7,11,9,5,8,9,7,7,4,16,17,9,3,23,80,54,21,13,19,38,6,11,16,15,9,12,8,7,8,7,13,7,9,12,15,6,17,12,6,8,18,16,5,6,14,14,10,6,19,13,17,12,16,30,10,11,12,17,4,7,4,5,8,7,9,8,5,5,17,7,15,8,28,4,10,7,53,10,9,16,8,4,15,14,11,8,10,6,14,15,11,9,7,7,11,12,8,37,20,15,15,33,13,7,16,8,6,10,12,15,13,11,22,29,22,21,32,102,16,10,4,8,18,2,7,16,6,11,6,42,18,3,2,10,8,
20201209,10,SO2_24h,6,14,18,12,21,18,20,27,25,16,29,20,16,47,23,38,15,18,19,7,9,8,5,15,18,8,9,11,8,8,10,8,9,7,9,6,10,8,8,6,6,7,4,6,10,4,3,6,23,14,13,8,8,10,8,9,10,10,11,12,12,6,11,11,7,7,14,13,6,16,17,30,17,9,7,7,28,23,14,28,29,49,3,28,17,26,36,25,25,15,20,28,26,18,7,29,9,9,22,34,6,10,12,10,9,10,16,22,9,16,69,19,78,52,39,18,28,31,41,18,31,14,11,12,9,7,9,14,14,11,17,13,8,13,12,10,3,11,11,19,7,6,7,27,12,5,2,4,12,9,15,28,10,9,20,15,12,53,6,4,21,18,20,19,22,17,20,,8,18,7,5,9,10,7,10,9,8,14,11,12,11,11,8,5,4,26,7,,7,12,5,16,41,57,19,23,29,17,18,5,15,23,9,13,9,62,22,22,32,17,19,28,22,13,10,12,13,13,13,11,8,9,15,13,31,14,10,11,9,10,6,13,8,7,8,9,8,7,4,11,6,7,3,19,24,36,13,12,18,28,5,16,14,14,14,16,9,8,10,9,13,9,11,10,9,3,12,10,7,7,13,19,3,5,11,12,6,6,17,11,15,10,10,14,9,9,9,12,12,7,5,6,7,7,10,7,5,5,13,7,11,8,20,3,14,6,33,7,7,29,8,4,10,14,8,6,10,6,13,12,8,9,7,7,7,11,8,14,20,20,18,32,13,7,20,7,6,8,6,11,10,12,33,15,20,17,24,30,16,19,9,9,17,14,7,27,11,10,7,19,16,2,3,10,7,
20201209,10,NO2,53,72,66,69,58,57,63,34,42,72,53,52,46,71,44,41,40,36,43,56,47,50,38,34,50,51,37,58,43,27,39,55,44,60,54,32,40,52,48,22,18,52,37,37,59,18,17,42,45,73,56,46,40,39,33,52,41,46,45,34,23,30,33,16,39,45,30,40,39,41,47,63,49,69,50,42,64,20,40,42,55,41,13,58,50,48,60,53,44,54,60,48,38,68,42,54,26,32,27,27,26,18,23,29,19,15,28,40,27,42,41,45,62,64,38,30,36,37,56,28,24,63,22,48,51,36,38,51,54,43,55,49,34,39,35,48,27,20,25,22,16,34,33,41,29,44,38,19,24,16,45,49,61,38,44,46,24,38,46,50,51,39,71,70,55,43,65,,51,50,44,39,62,33,54,38,33,39,45,53,28,55,47,19,65,57,38,33,,42,25,40,41,27,58,46,45,52,11,37,8,14,48,24,7,17,47,33,39,33,31,16,50,29,31,15,29,59,36,23,24,23,98,18,34,22,51,41,46,53,43,23,70,47,49,48,37,56,58,12,23,26,15,8,22,33,46,38,27,43,39,30,37,54,49,35,48,42,40,37,38,43,36,39,41,50,37,38,36,34,31,40,36,35,29,46,25,47,18,22,22,24,27,32,29,27,22,18,25,34,20,31,37,35,27,29,34,23,31,21,45,41,16,22,24,22,16,28,18,34,25,15,20,19,29,22,17,24,21,30,23,20,13,36,26,29,33,16,33,46,36,54,42,46,36,21,21,26,21,26,30,32,32,42,31,38,40,27,46,24,23,25,26,65,38,58,33,34,24,65,63,37,12,14,74,72,
20201209,10,NO2_24h,51,62,61,59,48,48,64,37,49,61,49,52,50,66,51,50,38,39,41,45,52,41,24,45,54,37,41,49,32,22,29,40,39,63,42,36,46,50,54,26,15,53,43,41,61,15,19,46,50,62,60,52,41,46,31,53,45,53,52,31,23,37,35,18,36,45,26,36,41,49,52,51,49,75,53,46,57,43,39,37,56,46,17,52,45,48,56,49,47,45,48,42,42,50,25,45,23,23,23,30,23,17,22,25,22,25,30,42,26,50,58,39,61,61,59,31,43,47,54,32,19,54,23,46,44,36,52,50,54,43,54,45,29,39,38,44,19,18,17,21,17,35,30,50,28,29,36,27,17,26,46,47,60,37,54,21,20,52,41,30,48,46,52,57,49,37,48,,37,39,23,28,39,44,38,37,31,30,37,39,40,49,55,20,50,56,52,52,,40,39,38,34,49,58,47,46,60,25,26,7,20,41,20,10,14,42,33,37,37,34,28,36,27,21,15,24,52,26,19,23,23,53,15,32,22,45,35,43,51,38,23,54,35,51,46,30,49,57,16,24,23,16,18,25,33,44,37,26,41,38,29,43,50,51,45,49,42,45,43,40,49,36,37,48,44,35,42,32,33,26,37,34,32,30,35,26,37,20,30,20,25,23,23,23,21,24,17,25,39,19,24,33,34,26,27,32,24,31,18,34,34,15,14,19,24,16,28,14,12,31,14,18,20,21,12,14,26,19,25,27,12,22,32,26,20,9,11,32,58,26,43,25,36,33,22,35,29,18,17,20,43,26,40,16,25,34,23,25,34,29,29,25,59,35,72,45,45,25,72,38,33,13,18,74,70,
20201209,10,O3,8,8,8,10,18,7,7,24,17,8,10,7,9,7,10,25,41,26,38,37,21,38,43,43,8,24,49,25,22,37,22,11,14,20,37,54,39,32,38,66,73,10,22,19,5,58,70,6,35,10,6,6,5,36,30,33,29,30,32,30,39,43,33,75,12,4,10,18,21,15,48,22,14,15,6,6,10,64,39,22,18,35,69,17,9,14,7,30,30,20,5,12,36,5,26,6,28,25,50,48,19,34,37,52,49,27,25,25,11,14,29,22,7,15,44,32,34,29,17,45,20,19,40,14,10,5,13,12,4,12,9,5,33,6,6,4,11,55,38,30,78,6,11,8,7,10,5,33,17,44,9,7,8,11,14,17,57,21,20,5,3,45,11,10,12,6,9,,8,25,25,26,13,54,30,51,48,48,23,30,47,23,22,63,21,14,25,28,,8,16,11,28,47,6,9,11,5,72,44,59,52,17,48,67,67,19,27,31,30,29,44,20,16,37,41,23,30,27,49,28,54,11,24,37,29,24,16,13,12,12,25,23,18,14,24,15,3,25,73,30,21,50,59,5,11,7,8,22,16,11,7,14,17,11,12,2,5,13,16,5,12,24,5,9,6,5,9,6,6,6,6,21,16,12,20,29,14,32,34,48,45,34,37,9,24,27,36,36,9,9,12,3,4,7,29,10,3,7,19,22,9,30,20,20,11,6,19,7,11,12,55,24,15,15,28,18,9,44,5,8,43,34,18,24,30,48,26,6,27,39,20,30,9,28,36,55,51,54,54,8,54,37,12,28,44,29,11,7,69,53,43,59,8,16,21,39,15,,6,10,34,45,4,4,13,
20201209,10,O3_24h,42,52,26,65,62,58,35,56,49,47,47,44,41,31,40,60,59,59,63,79,37,60,81,61,45,56,51,50,53,68,57,74,52,28,74,61,58,47,44,66,95,22,28,26,21,70,84,32,56,50,19,26,26,110,124,123,100,112,119,115,98,93,89,125,30,39,36,74,77,44,78,74,71,35,28,19,39,67,61,62,65,51,72,59,60,57,58,81,56,60,60,63,58,61,60,70,105,73,118,111,72,95,88,105,94,62,91,88,79,49,36,55,22,31,70,61,58,48,51,68,51,59,48,33,33,31,19,49,24,50,44,36,85,73,26,68,48,81,119,62,106,42,43,92,46,40,47,56,37,76,54,56,30,42,47,74,78,68,50,57,49,58,51,64,66,60,62,,63,61,56,59,70,57,67,69,64,83,54,73,57,44,31,82,46,20,106,28,,35,49,56,66,52,24,51,33,16,76,72,96,60,69,62,76,96,71,50,75,67,63,69,66,62,58,54,68,59,58,59,48,59,63,48,53,46,71,57,52,36,28,37,56,56,60,48,59,26,53,74,43,51,55,59,24,19,20,18,61,41,12,31,23,54,48,38,29,39,76,39,39,40,84,80,31,81,32,37,24,61,25,30,43,56,28,56,50,41,53,90,95,102,84,112,42,80,65,78,79,25,52,41,39,39,41,39,31,19,59,71,50,93,46,41,51,28,19,46,53,86,69,91,69,89,67,61,60,76,86,76,59,91,79,73,80,74,82,70,47,42,67,68,79,52,76,73,58,72,55,72,45,86,79,82,100,74,82,67,58,90,73,67,67,63,62,43,55,55,,40,73,57,70,46,36,29,
20201209,10,O3_8h,3,5,6,4,9,7,4,23,9,5,6,3,6,5,6,18,31,16,33,28,23,37,41,25,6,36,37,26,33,41,22,13,19,11,26,40,30,27,18,54,61,6,15,11,3,61,71,4,28,9,3,5,3,29,31,29,23,22,29,26,38,36,19,69,15,5,15,9,20,11,64,38,17,16,4,5,4,51,38,16,9,20,61,13,6,13,7,22,20,14,5,12,28,4,28,5,15,27,52,39,16,42,39,52,52,24,15,9,5,17,11,22,5,8,26,35,32,21,11,34,19,16,36,9,13,6,7,5,4,5,6,11,40,10,6,3,14,56,47,26,88,8,16,5,13,25,7,31,25,31,7,5,5,16,6,24,63,17,23,26,4,44,8,10,13,5,6,,8,25,39,18,13,35,30,38,39,41,28,35,45,15,24,49,14,14,15,16,,6,20,12,22,25,4,6,8,4,70,40,59,56,15,45,70,74,10,32,31,18,26,23,10,9,41,37,18,17,24,49,23,41,24,25,29,23,29,25,20,10,10,22,28,16,12,22,23,3,22,68,25,18,43,42,2,6,4,4,21,8,6,6,8,9,4,7,1,4,7,18,3,7,27,17,5,12,4,5,6,9,4,6,15,14,11,24,25,27,25,28,55,41,30,42,5,25,17,33,34,6,16,27,2,5,12,24,8,3,12,23,25,10,29,28,31,10,9,25,12,23,9,60,19,12,5,31,15,8,51,6,9,41,34,25,17,21,71,32,4,9,40,36,50,7,28,34,49,56,48,52,26,39,40,10,41,51,21,7,13,56,58,53,60,15,20,23,27,17,,9,24,42,34,7,4,7,
20201209,10,O3_8h_24h,4,6,6,4,9,9,4,30,9,5,10,3,6,5,6,20,41,18,37,45,30,48,60,25,9,46,44,33,44,51,27,21,23,15,45,51,54,30,19,57,87,9,15,11,3,64,74,4,28,10,3,5,5,33,40,37,33,25,30,48,45,37,21,105,26,6,31,9,21,13,72,60,18,18,4,7,5,54,40,25,10,20,61,13,9,13,7,22,23,17,13,21,28,4,42,9,38,55,59,39,18,48,49,66,60,34,26,9,10,17,11,46,6,8,26,45,32,22,12,44,30,19,40,10,21,14,7,7,4,7,6,20,53,30,6,3,19,59,62,30,91,10,42,7,18,35,12,35,30,38,11,6,5,23,6,37,75,17,28,36,5,44,8,11,15,6,7,,15,40,51,36,18,45,46,55,53,59,37,42,57,16,26,61,18,14,15,16,,8,27,27,43,25,4,7,8,4,74,53,60,58,34,62,73,78,11,48,31,18,26,23,10,10,54,48,25,24,31,55,30,56,29,27,33,29,39,36,32,12,15,24,37,30,26,23,32,3,22,68,27,18,43,43,3,6,5,5,25,8,7,12,12,9,4,7,1,4,9,18,13,7,47,30,5,21,4,5,8,12,4,14,17,26,20,32,28,36,32,38,62,47,43,61,6,28,17,34,35,6,20,35,5,7,17,25,9,3,13,28,26,19,29,36,35,11,9,29,13,44,35,71,19,22,5,44,29,10,65,25,11,44,35,33,23,24,77,43,4,9,59,68,76,11,31,53,49,58,49,52,36,39,73,60,70,65,56,16,24,56,64,57,63,16,20,23,27,25,,12,59,42,34,7,4,7,
20201209,10,CO,0.79,1.34,1.87,1.17,2.28,1.50,1.20,1.05,1.38,1.25,1.57,1.20,1.52,2.29,1.88,1.15,0.89,1.06,1.03,0.57,0.87,0.60,0.63,0.70,0.96,0.40,0.61,0.73,0.53,0.72,0.45,0.55,0.72,0.83,0.76,0.45,0.67,0.63,0.57,0.50,0.53,0.80,1.00,1.13,1.19,0.72,0.67,1.21,1.11,1.04,1.26,1.32,1.31,0.86,0.83,0.90,0.80,0.73,0.90,0.78,0.88,0.63,0.94,0.70,0.87,0.90,1.04,1.13,1.18,1.06,0.80,1.85,1.68,2.32,1.37,1.17,2.72,0.68,1.20,1.20,1.17,1.05,0.47,0.98,1.30,1.00,1.63,1.56,0.84,0.87,1.40,0.83,0.83,1.93,0.80,1.05,0.92,0.97,0.87,1.07,0.90,0.87,0.80,0.80,1.05,0.75,1.13,0.80,2.00,0.90,0.88,1.54,2.52,1.88,1.65,1.28,1.20,1.27,1.80,0.87,0.84,1.58,0.78,0.90,0.73,1.01,0.97,1.45,1.38,1.20,1.40,1.30,1.06,1.50,1.24,1.58,1.10,0.97,1.17,1.12,0.55,0.92,0.90,2.40,0.95,0.90,0.87,0.86,0.80,0.50,1.10,1.70,2.67,1.04,1.13,1.55,0.50,1.47,1.12,1.00,1.30,1.10,2.70,1.30,1.25,2.10,1.20,,1.45,1.15,0.85,0.85,1.80,0.55,0.90,0.70,0.70,0.60,1.15,0.77,0.70,0.85,0.75,0.60,1.20,0.80,0.60,0.80,,1.27,1.00,0.55,2.00,0.80,2.73,1.90,1.57,1.10,0.63,0.87,0.50,0.65,0.75,0.60,0.50,0.60,1.50,1.05,1.32,1.63,1.03,1.10,3.05,1.90,1.10,0.60,0.87,1.33,0.67,0.67,1.05,0.50,2.60,0.40,0.70,0.70,0.55,0.88,0.50,1.08,1.13,0.93,0.80,0.90,0.53,1.08,0.85,1.10,0.73,0.60,0.60,0.67,0.57,0.55,0.95,1.03,1.25,0.97,1.33,1.00,1.17,1.07,1.13,1.45,0.93,1.00,1.60,1.40,1.30,0.75,1.13,1.12,1.13,1.23,1.37,1.27,1.40,0.95,1.20,1.23,0.45,1.58,1.10,1.80,1.02,1.13,1.75,1.30,0.80,1.13,0.77,1.00,0.90,1.05,1.10,0.80,0.85,0.90,0.80,0.87,0.73,0.88,1.03,1.15,0.93,0.68,1.00,0.93,0.93,0.75,0.70,1.43,0.97,1.00,1.15,0.80,0.80,1.00,1.20,1.00,1.70,0.55,0.60,0.95,0.95,0.87,0.90,0.85,0.80,1.15,1.05,0.85,0.90,0.85,2.05,2.40,0.85,0.80,1.20,0.93,1.10,1.15,0.70,2.50,0.90,0.70,0.30,0.60,1.00,0.45,1.10,0.70,0.80,1.10,1.10,0.70,1.20,1.20,2.20,0.50,0.55,0.60,0.85,3.85,0.80,2.00,1.00,1.20,1.40,3.20,4.90,1.23,1.50,0.90,2.15,2.50,
20201209,10,CO_24h,0.65,0.89,1.20,0.83,1.20,0.93,0.95,0.85,1.68,0.82,1.07,0.83,0.95,1.94,1.49,1.21,0.75,0.71,0.67,0.57,0.88,0.61,0.63,0.75,1.01,0.50,0.76,0.75,0.50,0.80,0.45,0.45,0.80,0.96,0.76,0.50,0.83,0.73,0.77,0.63,0.63,0.90,1.07,1.07,1.02,0.80,0.67,1.17,0.98,0.74,1.06,1.08,1.20,0.91,0.77,0.90,0.80,0.77,0.97,0.78,0.86,0.60,0.91,0.80,0.79,0.73,0.86,0.82,1.08,1.28,1.17,1.75,1.58,2.27,1.22,1.03,1.87,1.04,0.85,1.27,1.13,1.40,0.50,0.88,0.90,0.83,0.97,1.02,0.72,0.73,0.84,0.83,0.93,0.80,0.77,0.65,0.86,0.68,0.82,0.97,0.80,0.83,0.80,0.80,1.15,0.75,0.97,0.90,1.17,0.83,1.34,1.32,1.62,1.28,2.07,1.13,1.15,1.62,1.80,0.82,0.58,1.02,0.70,0.83,0.70,0.96,0.80,1.00,1.20,0.80,1.18,1.13,1.04,1.20,1.16,1.40,0.93,0.90,1.00,1.03,0.55,0.77,0.90,1.78,0.87,0.83,0.73,0.78,0.74,0.75,1.07,1.43,1.70,0.84,1.73,0.95,0.55,1.93,0.90,0.73,0.70,1.20,1.30,0.80,1.00,1.05,1.00,,1.00,0.65,0.55,0.75,1.45,0.75,0.80,0.73,0.55,0.50,1.05,0.77,0.85,1.00,0.90,0.60,1.20,0.80,1.10,0.90,,1.07,1.18,0.40,1.00,1.10,1.72,1.73,1.00,1.10,1.13,0.53,0.40,0.75,0.65,0.53,0.60,0.55,1.18,1.13,1.20,1.70,0.77,1.10,1.15,1.80,0.65,0.50,0.67,1.03,0.70,0.50,0.55,0.40,1.30,0.30,0.45,0.60,0.50,0.72,0.67,1.10,1.18,0.90,0.70,0.77,0.63,1.08,0.75,1.10,0.83,0.65,0.57,0.53,0.60,0.60,0.80,1.23,0.88,0.78,1.37,0.80,1.30,1.00,1.10,0.90,0.82,0.88,1.30,1.13,1.28,0.85,1.03,0.92,1.17,1.13,1.00,1.10,1.00,0.80,1.20,1.10,0.45,1.32,0.95,1.60,0.82,0.88,1.52,1.08,0.85,1.13,0.70,1.07,0.83,0.85,1.00,0.75,0.95,0.75,0.70,1.00,0.63,0.85,0.90,1.00,0.88,0.57,0.93,0.77,0.88,0.65,0.45,0.97,1.07,0.97,1.05,0.80,0.90,0.90,1.00,0.55,1.95,0.55,0.50,0.70,0.85,0.73,0.70,0.70,0.75,0.80,0.90,0.55,1.10,0.70,1.20,1.50,0.50,0.65,1.00,1.07,0.90,1.10,0.65,1.00,0.95,0.60,0.70,0.70,0.95,0.45,0.60,1.50,0.70,1.40,0.50,0.50,0.70,0.70,1.20,0.70,0.67,0.85,1.10,2.70,0.90,2.70,0.90,1.00,1.20,3.07,1.55,1.20,1.70,0.90,2.40,2.60,
20201209,11,AQI,61,93,116,86,80,114,89,69,67,99,103,125,72,181,134,68,80,58,93,31,53,37,31,29,66,55,41,46,52,44,56,71,60,65,34,39,43,51,35,39,24,70,61,78,108,30,24,109,126,72,173,120,183,58,61,65,59,59,61,61,60,49,60,58,45,75,36,69,62,133,53,104,120,200,181,163,130,39,76,56,49,64,24,80,119,100,124,134,68,74,94,63,133,87,57,86,63,55,74,73,55,51,56,54,45,49,65,54,61,106,75,125,179,111,110,108,71,70,126,39,70,125,48,90,74,141,146,136,176,139,151,179,177,136,124,176,78,47,73,54,51,58,85,99,61,58,64,50,13,30,151,157,100,121,134,75,54,161,144,77,123,110,116,84,68,128,94,,110,67,57,57,67,50,39,30,40,27,51,51,38,45,56,27,89,81,61,55,,156,121,53,140,75,109,164,118,90,42,71,21,43,73,41,27,61,126,93,61,61,54,56,109,56,79,43,51,118,61,43,39,58,221,49,81,64,68,120,71,79,113,60,65,126,59,98,93,104,89,26,47,44,22,19,55,101,96,119,64,74,83,71,103,124,106,197,211,217,211,124,169,74,163,218,104,230,114,81,79,164,40,161,143,205,53,106,85,123,63,52,56,64,59,60,57,60,50,53,63,54,44,56,83,63,55,61,65,37,65,43,77,79,39,33,74,12,15,21,17,60,80,30,47,50,55,55,61,46,31,71,65,47,34,68,74,156,33,30,93,70,194,193,54,88,53,60,52,56,71,53,49,38,66,108,65,85,61,77,92,25,40,54,54,122,58,249,56,79,124,193,144,94,53,15,282,286,
20201209,11,PM2.5,36,69,88,61,59,86,66,47,37,74,77,95,46,137,102,46,59,41,69,20,31,18,15,20,40,22,15,27,32,30,35,30,43,40,19,22,23,22,17,21,8,38,40,57,81,18,7,82,96,42,131,91,138,41,44,47,38,42,44,44,43,34,42,41,28,55,22,50,40,101,37,78,91,150,137,124,99,24,56,36,27,41,9,59,90,75,94,102,42,50,70,44,101,54,35,64,45,29,54,53,39,36,40,38,29,32,43,33,21,80,49,95,135,84,83,81,41,51,96,23,27,95,16,67,54,108,112,104,133,106,116,135,134,104,94,133,57,33,53,38,23,41,63,74,44,41,46,35,9,21,116,120,75,92,102,49,35,123,110,48,93,83,88,54,48,97,70,,83,37,29,24,47,13,16,17,16,15,36,26,16,26,40,15,60,60,44,37,,119,92,29,107,55,82,125,89,67,26,52,15,16,53,25,16,44,96,69,39,33,38,40,82,39,58,26,25,89,26,24,27,41,171,21,60,28,49,91,47,58,85,43,43,96,40,73,69,78,66,14,33,31,10,13,32,76,72,90,43,54,61,50,77,94,80,148,161,167,161,94,128,54,124,168,78,180,86,60,58,125,20,123,109,155,37,80,63,93,45,29,40,46,42,43,34,31,35,34,44,35,31,40,61,43,39,33,47,26,47,29,26,58,27,23,54,8,10,15,12,23,59,15,21,27,39,26,31,13,22,38,39,28,18,32,54,119,22,16,69,51,146,145,30,65,34,43,32,36,48,32,30,25,45,81,40,63,44,47,67,13,28,38,38,73,37,199,40,55,94,145,110,70,37,9,232,236,
20201209,11,PM2.5_24h,35,51,70,46,38,56,61,33,37,58,51,51,43,101,66,41,32,33,48,27,52,31,26,19,53,41,34,43,49,34,37,22,42,45,19,26,30,28,24,36,13,52,45,48,67,13,10,81,51,34,88,86,129,40,48,46,37,46,39,44,45,30,36,50,25,43,24,33,26,92,49,77,85,155,130,128,68,55,32,45,42,58,14,35,48,55,50,56,48,33,41,54,57,32,29,37,42,27,60,57,46,47,47,42,32,46,52,37,22,79,61,91,98,59,75,35,50,40,100,29,18,64,22,66,62,84,78,77,113,63,100,119,121,99,110,126,50,32,47,33,28,39,51,51,40,41,43,41,13,27,93,100,57,93,104,30,31,126,85,55,41,56,59,39,50,57,46,,42,26,16,22,34,33,29,31,30,25,59,38,33,52,55,26,67,72,65,44,,109,123,21,83,70,57,114,45,47,64,35,16,40,38,19,17,55,75,38,37,59,29,36,35,32,22,21,33,62,30,28,20,30,83,21,48,12,53,79,59,60,79,35,55,92,64,73,61,77,68,12,47,41,20,19,25,82,51,65,49,47,60,46,59,63,64,100,130,144,151,84,111,58,125,158,70,165,97,53,46,126,22,87,79,139,42,59,62,73,56,35,36,37,36,44,35,24,37,30,39,37,29,37,42,35,41,37,40,23,38,26,14,41,25,22,60,23,15,26,23,15,54,18,18,24,25,23,24,29,17,23,28,19,18,14,26,39,8,14,56,52,96,134,40,34,69,37,52,36,55,24,14,28,30,81,16,39,22,25,16,11,72,88,58,69,36,220,58,54,66,137,48,64,29,15,282,258,
20201209,11,PM10,71,105,166,121,108,167,123,88,83,131,136,138,94,216,147,85,80,57,100,31,56,37,31,26,81,60,41,46,53,44,62,92,61,79,34,39,43,52,35,39,19,89,71,104,96,30,14,121,160,93,163,101,97,63,70,80,67,64,68,58,65,49,69,54,45,78,36,73,74,117,53,106,145,175,153,142,141,39,80,62,49,78,20,94,156,123,146,135,86,97,135,75,153,123,64,110,57,60,82,89,53,47,58,56,45,49,80,58,72,142,100,140,200,134,117,144,91,79,139,39,90,152,48,67,65,137,149,154,170,160,171,151,154,166,132,103,92,43,77,55,52,64,77,103,45,48,71,44,10,20,130,167,99,112,137,100,57,140,144,104,153,128,165,117,86,162,130,,132,84,64,63,84,50,39,30,40,27,47,52,38,45,56,27,127,106,67,59,,167,89,55,150,94,161,169,168,121,42,66,20,43,80,41,27,56,157,127,72,72,56,54,143,62,87,43,52,166,71,43,34,57,337,49,82,78,81,125,91,105,95,52,79,145,68,117,103,102,66,26,45,44,22,17,60,108,126,68,77,91,92,92,127,134,125,173,191,242,208,93,201,77,182,151,85,170,142,87,64,171,40,160,105,175,36,111,90,128,73,53,61,69,66,67,63,70,45,55,76,57,38,48,81,76,55,72,52,30,66,43,104,86,35,25,69,12,15,20,13,69,101,30,47,50,42,59,71,46,26,92,79,47,34,85,97,93,33,30,82,53,152,163,57,90,56,62,54,61,92,55,49,38,81,94,79,119,61,104,133,25,35,57,40,194,66,301,58,108,112,203,216,65,,15,301,299,
20201209,11,PM10_24h,63,73,119,83,73,105,107,64,76,99,89,83,77,161,100,72,50,51,62,37,85,44,36,39,89,64,63,64,71,54,58,49,59,87,35,46,52,56,47,60,23,94,60,80,75,18,13,106,93,68,125,105,93,65,78,82,66,70,67,58,65,43,63,68,37,62,42,64,52,119,77,99,124,154,143,148,102,86,53,66,55,93,12,64,89,98,83,91,94,64,74,78,87,59,44,66,55,34,81,90,51,57,56,57,43,60,69,59,41,138,128,127,152,105,115,78,89,79,128,45,54,97,44,64,74,91,117,110,141,104,143,126,133,137,142,95,76,39,64,49,42,54,60,78,46,51,60,53,19,42,103,135,77,111,157,57,49,164,110,93,77,101,107,85,87,91,79,,62,52,36,48,60,62,49,47,47,38,74,58,72,76,75,42,121,116,103,73,,150,128,31,120,123,109,150,95,127,101,51,20,73,54,39,26,69,109,62,62,83,49,55,70,86,39,42,44,100,67,44,37,47,129,38,67,32,81,110,103,97,80,51,83,126,91,110,97,89,61,16,50,48,29,23,47,112,92,52,74,77,79,72,88,104,105,118,148,183,199,102,157,84,168,152,93,153,139,82,53,150,38,106,88,156,45,80,90,101,84,60,58,63,56,64,59,43,54,44,85,53,40,41,56,58,55,53,52,28,53,38,44,64,36,25,78,32,22,34,30,26,93,32,37,40,37,33,41,63,25,52,61,28,43,33,46,36,17,27,70,63,96,143,58,56,91,54,84,52,69,35,27,73,50,94,36,68,37,50,43,30,87,103,61,173,67,291,101,123,89,197,111,77,33,18,359,365,
20201209,11,SO2,7,28,21,27,35,22,23,41,27,22,40,26,21,79,22,32,13,23,33,6,8,9,5,10,14,8,9,12,10,8,9,6,8,10,16,8,11,18,10,6,5,11,5,7,13,5,3,9,21,14,18,9,11,9,7,11,12,14,14,15,11,7,22,10,8,9,13,11,6,16,10,26,15,10,9,11,52,12,20,39,90,22,3,33,21,16,42,27,26,18,28,34,23,20,7,25,16,13,30,38,7,9,12,9,9,9,15,28,13,12,19,20,65,91,32,19,25,32,48,15,21,27,10,15,12,11,11,26,10,16,16,14,10,12,14,13,3,12,14,16,6,6,8,43,15,4,4,3,17,8,13,33,8,8,12,41,17,35,6,6,23,16,33,25,18,32,26,,15,26,9,6,14,10,7,12,13,13,15,13,11,12,11,7,6,5,73,8,,7,11,5,23,20,204,25,30,24,9,23,5,6,25,10,11,9,108,19,25,28,21,14,53,34,22,14,38,20,18,14,25,11,34,20,16,13,15,11,7,9,12,6,13,7,6,9,9,8,7,4,13,15,8,5,13,59,43,21,28,21,42,6,12,22,15,8,12,7,9,8,7,14,7,10,12,19,4,17,9,6,8,20,15,6,6,12,11,12,7,13,13,13,13,16,24,8,11,11,16,5,6,4,16,8,6,10,8,5,5,16,7,17,8,21,3,12,5,53,10,10,24,7,4,19,12,10,10,8,6,20,16,10,9,9,6,12,13,8,36,19,24,20,33,15,7,19,7,7,10,12,28,11,10,28,33,18,24,77,115,18,6,7,9,19,2,6,14,7,11,6,52,18,1,3,12,8,
20201209,11,SO2_24h,6,15,18,13,22,18,19,29,25,17,30,21,15,49,23,37,15,19,19,7,9,8,5,15,18,8,9,11,8,8,10,8,9,7,9,7,10,8,8,6,6,7,4,6,10,4,3,7,23,14,13,8,8,10,8,9,10,10,11,12,11,6,12,11,7,7,14,13,6,16,16,26,17,9,7,7,28,22,13,29,32,42,3,29,17,25,37,25,24,15,19,29,26,18,7,29,10,9,23,34,6,10,12,10,9,10,16,21,9,16,65,19,80,53,39,18,27,31,41,18,31,14,11,13,9,7,9,14,14,12,17,13,8,13,13,10,3,11,11,19,6,6,7,27,12,4,2,4,12,8,14,29,10,8,19,16,12,53,6,5,21,18,20,20,22,18,20,,8,18,7,5,10,10,7,10,9,8,14,11,12,11,11,8,5,4,27,7,,7,12,5,16,39,64,19,22,29,16,18,5,13,23,9,12,9,60,22,22,31,17,18,29,21,13,10,13,14,13,14,12,8,10,14,13,30,14,10,10,9,10,6,13,8,7,8,9,8,7,4,12,6,7,3,19,26,37,14,13,18,28,5,15,14,14,14,16,9,8,9,9,13,9,11,10,10,3,12,9,7,7,13,20,3,5,11,12,6,6,17,11,15,10,11,14,9,9,9,12,12,7,5,6,7,7,10,7,5,5,13,7,11,8,19,3,14,6,34,7,7,30,8,4,10,14,9,6,10,6,12,12,8,9,7,7,7,11,8,14,20,21,18,30,13,6,18,7,6,8,7,10,10,10,32,16,19,17,22,31,16,19,8,9,17,11,7,28,10,10,7,20,16,2,3,10,6,
20201209,11,NO2,52,68,68,65,51,58,66,35,38,72,52,49,50,80,46,39,32,30,43,46,47,46,23,27,51,52,36,56,42,27,36,59,35,58,46,25,33,51,49,20,15,50,37,37,59,17,13,41,42,72,52,49,39,35,32,49,35,44,48,33,19,26,32,16,37,46,28,33,30,40,37,40,44,63,50,42,64,17,37,33,43,42,13,61,47,44,69,44,44,52,62,47,39,65,39,56,25,29,25,27,27,15,21,20,23,16,26,42,30,41,31,34,65,53,30,29,33,32,49,16,21,65,17,43,49,36,36,49,57,39,56,43,34,42,36,45,26,19,26,18,20,33,31,52,29,40,37,19,23,13,42,47,55,36,34,25,18,37,45,52,50,40,73,72,50,62,67,,58,50,41,38,66,28,47,31,32,36,45,50,29,51,40,10,68,57,40,37,,42,26,44,36,25,75,44,48,40,9,31,8,10,35,12,7,13,44,35,38,27,28,11,35,31,32,12,28,47,27,17,22,19,74,15,33,19,52,48,45,52,42,25,70,53,48,46,36,54,54,13,25,21,13,13,25,35,44,45,26,42,43,29,34,50,45,35,50,39,41,38,38,44,40,41,41,50,35,40,37,34,31,39,39,39,30,46,23,43,22,20,20,20,21,26,21,19,19,15,22,33,21,28,39,37,24,30,35,23,31,15,52,41,16,17,22,20,15,30,20,35,31,11,15,22,28,20,21,30,15,34,28,16,13,47,26,32,35,10,33,38,35,52,23,44,19,22,19,28,16,21,35,28,20,36,26,28,39,33,48,25,16,27,25,62,28,60,48,33,26,63,63,30,26,20,71,64,
20201209,11,NO2_24h,52,63,61,60,50,48,64,37,49,63,49,53,50,68,52,49,38,39,41,45,52,41,25,45,54,38,41,49,32,23,30,41,40,63,42,35,45,51,54,26,15,53,43,41,61,15,19,46,50,64,60,52,42,47,31,53,46,53,52,32,22,37,35,17,36,45,26,37,41,49,50,43,49,74,54,46,57,41,39,37,55,46,17,54,46,48,58,50,48,46,49,42,43,52,26,47,23,23,23,31,23,17,22,25,22,25,30,43,26,50,58,38,62,61,59,31,43,46,53,32,19,56,23,46,44,36,52,51,55,44,54,45,29,39,38,44,19,18,18,21,17,35,30,51,28,30,36,26,17,26,46,47,61,37,54,22,20,53,41,30,48,47,55,59,50,39,49,,39,40,23,29,41,44,39,37,31,30,37,40,40,50,54,20,51,56,53,52,,41,38,39,34,48,60,47,47,60,24,27,7,19,41,20,10,14,42,33,38,37,35,28,35,27,22,15,25,53,26,19,23,23,55,15,32,22,45,36,43,52,38,23,55,36,52,47,30,50,58,16,24,23,16,18,26,34,44,37,26,42,38,29,43,51,51,44,50,43,45,42,40,49,36,37,48,45,35,43,32,33,26,37,35,32,30,35,26,38,20,30,20,25,23,24,23,21,24,17,25,39,19,24,34,35,26,27,33,23,31,18,34,35,15,14,19,25,15,28,15,13,32,14,18,20,21,13,14,26,19,25,27,12,22,33,26,20,10,11,32,58,26,44,24,36,32,21,35,28,17,18,20,42,25,40,16,24,35,23,25,35,28,29,25,58,35,71,47,44,25,73,39,32,14,18,74,71,
20201209,11,O3,10,11,11,16,31,9,9,27,24,9,13,14,15,11,13,29,49,35,43,51,25,44,62,52,7,25,53,32,26,40,27,18,33,25,55,66,50,38,45,77,78,18,25,23,6,66,78,7,42,13,10,7,6,44,37,43,40,37,39,39,49,50,45,86,16,5,11,32,31,17,55,38,24,20,7,7,12,69,46,40,34,37,76,17,11,18,8,39,31,18,6,14,39,6,36,6,40,36,61,59,26,45,43,65,40,38,37,25,29,16,46,36,10,29,56,35,37,34,27,57,33,22,50,23,16,7,17,19,5,19,11,12,37,8,7,12,23,57,46,45,95,8,11,12,7,14,5,35,18,55,11,13,21,14,25,37,66,28,18,9,12,49,11,10,18,8,9,,9,26,31,29,16,62,48,61,51,57,27,37,51,29,32,75,20,22,35,32,,9,16,14,35,52,13,15,14,14,75,54,64,54,30,64,67,76,29,28,38,42,36,58,28,22,45,50,30,28,38,58,33,61,34,26,42,42,25,18,17,12,14,29,23,11,20,26,16,6,28,75,32,38,56,60,6,14,9,12,33,18,11,10,18,21,15,14,4,8,15,16,9,15,32,6,12,7,11,11,8,6,8,8,22,22,15,23,29,19,37,45,56,60,50,53,25,37,32,51,48,13,11,11,6,5,10,27,9,4,7,29,20,21,31,19,25,12,3,18,8,21,19,62,49,29,23,40,31,13,56,18,10,60,43,28,31,39,50,40,9,39,43,27,58,15,50,46,42,51,61,57,8,60,59,42,43,59,46,19,15,68,64,48,63,12,27,21,24,20,,7,11,38,42,5,7,20,
20201209,11,O3_24h,41,48,26,65,62,58,35,56,49,47,47,44,41,30,40,60,59,59,63,79,36,60,81,63,45,56,53,50,53,68,57,74,52,31,74,67,58,46,46,77,95,22,28,26,21,70,85,32,57,50,19,25,26,110,124,123,100,112,119,115,99,93,89,125,30,39,36,74,77,45,78,65,71,35,28,18,39,70,61,62,65,51,76,59,60,57,58,81,56,60,60,63,58,61,60,70,105,73,118,111,72,95,88,105,94,62,91,88,79,49,46,55,22,33,70,61,58,48,51,68,51,59,51,33,33,30,19,49,24,50,44,36,85,73,26,68,48,81,119,62,106,42,43,92,46,40,47,56,37,76,54,56,30,42,47,74,78,68,50,57,49,56,51,64,66,60,62,,63,61,56,59,70,62,67,69,64,83,54,73,57,44,32,82,46,22,106,32,,35,49,56,66,55,24,51,33,18,77,72,63,60,69,65,76,96,71,50,75,67,63,69,66,62,58,54,68,59,58,62,48,62,63,48,53,46,71,57,52,36,28,37,56,56,60,48,59,26,53,75,43,51,56,60,24,19,20,18,58,41,12,31,23,54,48,38,29,39,76,39,39,40,84,80,30,81,32,33,24,61,25,30,42,56,28,56,50,40,53,90,95,102,84,112,42,80,65,78,79,22,52,41,39,39,41,39,31,19,59,71,50,93,46,41,51,28,19,45,53,86,69,91,69,89,67,61,60,76,86,76,59,91,79,73,80,74,82,70,47,45,67,68,79,52,76,73,59,72,61,72,45,86,79,82,100,74,82,67,58,90,73,67,67,63,62,43,55,55,,40,73,57,70,46,36,29,
20201209,11,O3_8h,4,6,6,5,12,8,5,23,11,6,7,5,7,5,7,19,33,18,34,28,23,36,41,30,6,34,38,26,31,40,23,12,19,13,29,43,32,28,22,56,61,8,16,13,3,61,71,4,30,9,4,5,4,31,31,31,25,22,31,27,39,38,23,68,15,5,13,12,22,12,62,32,17,17,4,5,5,54,39,18,12,23,63,14,7,13,7,24,22,15,5,12,30,4,28,5,17,26,52,43,17,41,38,52,51,24,17,11,8,17,16,23,6,11,31,33,32,24,13,37,20,16,38,11,13,6,9,7,4,6,7,10,39,9,6,3,15,56,46,28,87,8,13,6,12,23,7,32,23,34,8,7,7,15,9,25,62,19,23,22,4,46,9,10,13,5,7,,8,22,37,19,13,38,29,39,39,41,27,34,45,17,24,53,15,15,16,20,,6,19,11,24,29,5,7,9,5,70,41,59,56,16,45,70,74,13,30,31,21,27,29,13,11,40,37,19,18,24,50,24,43,27,24,32,23,27,22,18,10,10,23,27,15,12,22,21,3,23,69,25,21,46,44,3,7,4,4,21,9,6,6,9,11,6,8,1,4,9,18,4,9,26,14,6,10,5,6,8,8,5,6,16,16,11,23,25,25,25,29,54,42,32,42,8,26,19,36,37,7,15,23,2,5,12,24,8,3,12,24,25,10,29,26,29,10,9,24,11,21,10,59,24,14,8,31,16,9,49,7,8,44,35,25,19,24,68,32,5,13,38,32,48,8,30,35,54,54,51,56,23,43,40,13,39,50,24,9,12,57,58,52,60,14,21,24,28,18,,8,20,44,38,8,4,9,
20201209,11,O3_8h_24h,5,7,7,5,12,9,5,30,11,6,10,5,7,6,7,21,41,19,38,45,30,48,60,30,9,46,45,33,44,51,28,21,23,17,46,52,54,31,22,58,87,9,16,13,3,64,74,4,30,10,4,5,5,35,40,38,33,25,31,48,46,38,24,105,26,6,31,12,23,14,72,62,20,18,4,7,5,57,40,25,12,23,63,14,9,13,7,24,24,18,13,21,30,4,42,9,38,55,59,43,19,48,49,66,60,34,26,11,11,17,16,46,7,11,31,45,33,25,14,44,30,19,40,11,21,14,9,7,4,8,7,20,53,30,6,3,19,59,62,31,91,10,42,7,18,35,12,35,30,39,11,7,7,23,9,37,75,19,28,36,5,46,9,11,15,6,8,,15,40,51,36,18,45,46,55,53,59,37,42,57,17,26,61,18,15,17,20,,8,27,27,43,29,5,7,9,5,74,53,60,58,34,62,73,78,13,48,32,21,27,29,13,11,54,48,25,25,31,55,30,56,32,27,34,29,39,36,32,12,15,24,37,30,26,23,32,3,23,69,27,21,46,44,3,7,5,5,25,9,7,12,12,11,6,8,1,4,10,18,14,9,47,30,6,21,5,6,9,12,5,14,17,26,20,32,28,36,32,39,62,47,43,61,8,28,19,36,37,7,20,35,5,7,17,25,9,3,13,28,26,19,30,36,35,11,9,29,13,44,35,71,24,22,8,44,29,10,65,25,11,44,37,33,24,24,77,43,5,13,59,68,76,12,31,53,54,58,51,56,36,43,73,60,70,65,56,16,24,57,64,57,63,16,21,24,28,26,,12,59,44,38,8,4,9,
20201209,11,CO,0.80,1.48,1.84,1.02,2.00,1.52,1.20,1.13,1.63,1.20,1.63,1.17,1.65,2.51,1.91,1.21,0.81,0.98,1.13,0.50,0.88,0.57,0.53,0.68,0.89,0.63,0.56,0.72,0.60,0.75,0.45,0.50,0.70,0.82,0.81,0.40,0.67,0.67,0.57,0.47,0.50,0.77,0.93,1.13,1.11,0.70,0.67,1.20,1.06,0.82,1.26,1.39,1.28,0.87,0.75,0.95,0.79,0.65,0.90,0.80,0.82,0.63,0.90,0.75,0.83,0.90,1.02,0.88,0.97,1.04,0.82,1.10,1.54,2.37,1.38,1.10,3.32,0.64,1.13,1.18,0.97,1.10,0.47,0.90,1.30,1.07,1.77,1.50,0.74,0.82,1.46,0.87,0.87,1.40,0.73,1.05,0.90,0.85,0.85,1.00,0.90,0.83,0.85,0.70,1.00,0.75,1.00,0.85,1.87,0.90,0.74,1.54,3.23,1.42,1.40,1.42,1.12,1.03,1.46,0.75,0.80,1.44,0.63,0.83,0.80,1.02,1.03,1.30,1.35,1.37,1.40,1.23,1.06,1.47,1.22,1.40,1.00,0.97,1.20,0.98,0.55,0.85,0.88,3.82,0.95,0.80,0.83,0.85,0.78,0.45,1.10,1.53,1.73,1.00,1.07,0.80,0.45,1.73,1.05,1.23,1.20,1.10,1.90,1.30,1.15,1.30,1.30,,1.40,1.35,0.70,0.75,1.55,0.55,0.80,0.70,0.75,0.60,1.15,0.80,0.60,0.80,0.70,0.50,1.20,0.70,0.95,0.70,,1.25,1.00,0.60,1.74,0.78,3.05,1.77,1.37,0.93,0.53,0.77,0.40,0.65,0.80,0.47,0.50,0.40,1.27,1.25,1.27,1.33,0.90,0.90,2.20,1.90,1.05,0.60,0.73,0.83,0.67,0.47,1.00,0.48,2.05,0.45,0.70,0.55,0.56,0.86,0.53,1.07,1.15,0.93,0.88,0.93,0.53,1.10,0.85,1.00,0.70,0.57,0.60,0.63,0.53,0.65,0.88,1.07,1.25,1.00,1.37,0.93,1.30,1.03,1.25,1.30,0.93,1.02,1.60,1.27,1.23,0.77,1.13,1.14,1.03,1.23,1.30,1.30,0.95,1.00,1.20,1.30,0.65,1.68,1.15,1.80,1.03,1.07,1.68,1.48,0.85,1.07,0.77,0.80,0.80,0.95,1.00,0.75,0.85,0.80,0.80,0.83,0.73,0.88,1.03,1.03,1.88,0.87,0.97,0.97,1.03,0.50,0.65,1.23,1.00,0.93,1.15,0.75,0.90,1.05,1.20,0.95,1.85,0.45,0.55,0.90,0.90,0.80,0.90,0.85,0.70,1.05,0.95,0.65,0.95,1.00,1.25,2.50,1.00,0.65,1.10,0.70,1.20,1.15,0.55,1.55,0.55,0.55,0.25,0.70,0.85,0.45,1.20,0.65,0.70,0.90,1.20,0.70,1.10,1.30,2.20,0.60,0.45,0.50,1.10,2.85,0.80,2.15,1.20,1.10,1.40,2.77,3.90,1.30,1.80,0.90,2.30,2.50,
20201209,11,CO_24h,0.66,0.92,1.23,0.83,1.22,0.93,0.97,0.85,1.68,0.92,1.10,0.87,0.95,1.99,1.53,1.21,0.77,0.73,0.69,0.57,0.88,0.60,0.63,0.72,1.01,0.50,0.73,0.75,0.50,0.80,0.43,0.45,0.78,0.95,0.75,0.50,0.77,0.73,0.77,0.63,0.60,0.90,1.07,1.07,1.02,0.80,0.67,1.19,1.00,0.74,1.09,1.10,1.21,0.89,0.77,0.90,0.80,0.77,0.93,0.78,0.86,0.60,0.93,0.80,0.79,0.73,0.87,0.82,1.08,1.27,1.13,1.70,1.56,2.27,1.22,1.03,1.93,1.02,0.87,1.30,1.13,1.38,0.50,0.88,0.93,0.83,1.00,1.03,0.72,0.75,0.84,0.83,0.90,0.83,0.77,0.65,0.86,0.70,0.82,0.97,0.80,0.83,0.80,0.80,1.15,0.75,0.97,0.90,1.23,0.87,1.28,1.32,1.72,1.30,2.08,1.13,1.15,1.53,1.78,0.80,0.58,1.06,0.70,0.83,0.70,0.96,0.81,1.05,1.20,0.87,1.18,1.13,1.06,1.20,1.16,1.40,0.93,0.90,1.00,1.03,0.55,0.77,0.90,1.84,0.87,0.80,0.73,0.78,0.74,0.75,1.10,1.43,1.70,0.86,1.73,0.95,0.50,1.97,0.90,0.77,0.75,1.20,1.30,0.80,1.05,1.05,1.00,,1.00,0.65,0.55,0.75,1.50,0.70,0.80,0.73,0.55,0.50,1.05,0.77,0.85,1.00,0.90,0.60,1.20,0.80,1.05,0.90,,1.10,1.18,0.40,1.06,1.06,1.80,1.70,1.00,1.10,1.07,0.53,0.40,0.75,0.65,0.53,0.60,0.55,1.16,1.10,1.20,1.67,0.77,1.10,1.15,1.80,0.70,0.50,0.67,1.10,0.70,0.50,0.55,0.40,1.30,0.30,0.45,0.60,0.50,0.70,0.67,1.10,1.18,0.90,0.75,0.77,0.63,1.08,0.80,1.10,0.80,0.68,0.57,0.53,0.60,0.60,0.80,1.23,0.90,0.82,1.38,0.80,1.27,1.00,1.10,0.95,0.82,0.88,1.37,1.13,1.28,0.85,1.03,0.94,1.17,1.10,1.00,1.10,1.00,0.80,1.13,1.10,0.45,1.34,0.97,1.63,0.82,0.88,1.55,1.10,0.85,1.13,0.70,1.07,0.87,0.95,1.00,0.75,0.95,0.75,0.70,1.00,0.63,0.82,0.87,1.00,0.92,0.60,0.93,0.80,0.88,0.60,0.45,1.00,1.07,0.97,1.05,0.80,0.90,0.90,1.00,0.55,1.95,0.55,0.50,0.70,0.85,0.73,0.70,0.70,0.75,0.80,0.90,0.55,1.10,0.75,1.20,1.40,0.50,0.65,1.00,1.07,0.90,1.10,0.60,1.05,0.95,0.60,0.65,0.70,0.95,0.45,0.60,1.40,0.70,1.30,0.50,0.50,0.70,0.70,1.20,0.70,0.67,0.80,1.10,2.75,0.90,2.65,1.00,1.00,1.30,2.97,1.65,1.20,1.70,0.90,2.40,2.60,
20201209,12,AQI,59,98,123,84,79,131,93,75,75,94,99,139,78,186,156,81,78,60,101,26,52,31,31,31,67,53,43,48,54,42,54,58,55,66,32,38,46,54,32,35,26,66,59,75,109,27,24,118,124,61,181,119,179,57,60,68,58,65,68,64,61,49,60,58,44,73,34,55,58,133,52,66,115,206,184,161,128,44,89,56,64,69,25,84,124,98,135,130,70,71,100,65,130,72,48,93,58,35,76,71,55,55,54,56,39,49,56,47,51,114,74,128,191,86,90,109,81,70,115,40,63,95,42,90,74,145,154,139,174,146,161,180,181,136,121,169,83,46,76,53,50,55,85,101,56,55,70,53,11,21,151,139,86,116,131,65,55,169,140,84,120,124,104,90,62,99,91,,103,66,57,58,70,40,33,35,36,31,55,51,34,48,53,26,95,83,61,59,,153,135,53,138,70,159,167,113,84,34,60,22,47,80,31,25,50,87,143,70,60,57,53,108,85,74,45,45,86,53,35,35,53,68,47,78,35,66,116,67,80,120,64,69,129,63,99,94,111,89,29,46,34,24,37,55,109,95,109,64,79,90,73,95,124,121,211,214,221,210,130,179,71,156,221,103,236,113,79,80,176,43,166,138,201,49,93,67,129,68,54,58,61,57,60,52,48,49,57,59,53,46,55,81,68,54,60,64,36,68,40,72,79,46,33,65,13,20,24,24,53,90,31,37,52,41,42,54,54,28,65,59,50,39,60,58,113,33,28,91,49,201,123,38,76,43,52,53,61,63,51,59,34,58,79,76,89,56,68,73,28,36,41,44,119,60,255,56,78,133,179,163,78,60,24,309,282,
20201209,12,PM2.5,40,73,93,62,58,100,69,49,33,70,74,106,50,140,119,60,57,43,76,18,29,20,22,17,44,24,18,28,33,28,31,25,39,40,19,21,25,29,15,18,9,36,39,53,82,16,9,89,94,44,137,90,135,40,43,49,39,45,49,46,44,34,42,41,27,53,23,24,27,101,34,48,87,156,139,123,97,17,66,34,38,42,11,62,94,73,103,99,49,50,75,47,99,45,31,69,40,15,56,52,39,39,38,40,27,29,28,29,22,86,43,97,144,64,67,82,60,51,87,23,28,71,17,67,54,111,118,106,132,112,123,136,137,104,92,128,61,32,56,37,25,39,63,76,40,39,48,37,8,14,116,106,64,88,100,36,34,128,107,59,91,94,67,49,42,74,68,,77,38,30,26,46,19,19,22,23,17,39,29,14,29,37,14,65,35,44,38,,117,103,22,105,50,121,127,85,62,24,42,14,18,59,18,7,35,63,78,49,29,38,31,81,36,54,25,23,52,22,20,22,37,42,23,57,14,46,88,46,59,91,46,40,98,40,74,70,84,66,14,32,24,9,17,29,82,71,82,46,52,67,53,71,94,92,161,164,171,160,99,135,52,119,171,77,186,85,58,59,133,20,126,105,151,34,69,47,98,49,30,41,44,40,42,31,26,34,38,40,37,32,39,60,43,38,42,46,25,49,27,28,58,32,23,47,8,14,17,17,28,67,15,18,32,25,25,26,21,17,31,29,28,27,22,38,85,19,11,68,34,151,93,24,56,29,36,26,38,40,33,34,22,41,58,56,66,40,32,44,10,25,27,31,78,42,205,40,53,101,135,124,57,43,12,259,232,
20201209,12,PM2.5_24h,36,53,71,48,40,58,62,35,37,60,52,53,43,106,69,42,33,34,49,26,52,31,26,20,53,41,34,43,49,33,37,22,42,44,19,25,29,28,24,35,13,52,45,49,67,13,10,82,54,35,92,87,129,40,47,46,37,46,40,44,45,30,36,49,24,44,24,32,26,94,47,69,85,156,130,129,70,53,35,45,43,58,14,37,51,57,54,59,49,34,43,55,60,34,29,39,43,26,60,57,46,46,46,42,32,46,51,37,21,80,60,91,101,60,75,38,50,40,101,30,17,66,22,65,62,85,80,80,116,65,102,120,124,96,109,125,50,32,47,34,27,39,52,52,40,41,43,41,13,25,97,103,57,93,106,30,30,130,87,55,43,59,61,39,50,60,46,,45,27,17,23,35,32,29,31,30,24,59,38,32,51,54,25,68,71,64,43,,111,124,21,84,69,61,115,47,48,62,36,16,38,39,19,17,55,74,40,38,59,29,36,36,32,24,21,33,64,30,28,20,30,84,21,48,13,53,79,59,60,80,36,55,91,65,72,61,78,67,12,47,41,19,20,26,83,53,66,47,46,61,47,59,65,66,105,134,148,152,85,115,58,125,157,71,164,95,54,46,125,22,90,81,139,42,59,62,75,55,34,37,37,36,44,35,24,37,31,39,37,29,38,43,36,40,37,41,23,39,26,15,42,26,21,59,22,15,26,23,16,56,17,19,24,25,23,25,28,17,23,28,19,18,14,27,39,8,14,57,53,99,134,39,35,68,36,52,35,53,25,14,28,30,78,18,40,22,26,16,11,70,81,57,69,37,221,59,51,69,136,50,65,30,15,283,259,
20201209,12,PM10,67,97,164,114,105,194,130,99,100,117,145,146,106,210,162,107,83,62,102,24,54,31,29,31,84,56,43,48,58,42,58,65,48,81,32,38,46,58,32,35,18,81,68,99,96,27,15,128,148,72,163,117,100,63,70,80,66,79,80,59,72,49,70,65,44,78,34,59,66,120,54,47,137,189,145,141,147,44,95,61,77,88,20,103,161,120,162,131,89,92,137,74,132,93,48,113,66,35,85,88,50,53,58,51,39,49,61,47,52,144,97,145,207,98,97,149,111,77,136,40,75,121,42,64,71,140,153,140,177,160,184,137,154,167,132,89,88,42,87,50,50,58,75,125,44,54,89,47,9,19,123,153,74,106,131,79,59,152,142,118,142,122,157,130,74,137,127,,124,82,64,65,89,40,33,35,36,31,50,52,34,48,52,21,140,116,68,68,,164,110,56,137,90,185,169,161,81,33,69,22,47,83,31,25,38,123,236,89,70,63,56,147,119,83,45,45,121,55,35,35,52,86,47,80,35,82,134,84,107,100,52,87,138,75,120,107,110,59,29,45,33,24,37,59,117,119,58,76,108,99,93,119,131,137,186,177,260,209,94,184,77,174,156,92,174,130,83,71,165,43,175,103,175,37,104,84,134,80,57,64,62,64,70,54,48,46,63,67,56,38,49,80,85,52,70,51,29,69,40,93,85,46,24,62,13,20,21,16,55,101,31,37,54,41,42,58,58,22,79,67,50,36,69,65,108,33,28,82,37,155,131,38,76,43,54,55,72,75,52,67,34,61,62,85,107,59,86,95,28,34,41,39,187,69,314,58,106,116,186,205,83,,24,333,316,
20201209,12,PM10_24h,65,75,121,85,76,109,108,66,76,102,91,87,77,168,104,74,52,51,64,36,84,42,35,40,88,64,61,64,71,53,59,50,59,86,35,46,50,56,46,59,22,96,61,83,76,19,13,107,98,68,128,106,92,65,78,82,66,70,68,59,65,44,64,67,36,63,41,64,53,119,74,92,124,157,144,148,104,84,55,66,56,91,13,66,93,99,89,95,94,66,78,79,91,61,44,69,56,33,82,90,50,57,56,56,43,60,68,59,41,140,127,126,157,106,115,82,88,77,129,46,54,100,43,65,74,93,119,113,144,107,147,126,136,135,142,95,76,39,65,49,42,54,61,79,45,51,59,52,19,40,105,138,76,111,158,58,49,168,113,93,81,105,111,88,88,95,81,,66,54,38,49,62,60,48,46,47,38,73,58,70,76,74,41,123,117,101,72,,152,128,31,121,120,114,151,96,128,97,53,20,71,56,40,26,69,110,69,64,83,50,55,72,87,41,42,44,104,67,44,37,47,130,38,68,32,81,111,103,98,82,52,83,125,91,109,97,90,61,17,50,47,28,24,48,113,94,53,76,78,80,73,89,106,108,123,152,190,200,101,161,84,168,151,93,153,138,83,54,149,38,111,91,157,45,82,90,104,84,59,58,63,56,65,59,43,54,45,86,53,39,41,57,59,55,54,52,27,54,39,46,65,37,24,77,32,22,34,30,26,96,33,37,39,37,34,42,63,26,52,62,28,43,34,47,37,17,26,71,62,98,144,55,58,90,54,84,53,69,36,28,71,50,90,38,70,37,52,44,31,85,96,61,173,68,291,102,116,90,194,115,78,32,18,361,365,
20201209,12,SO2,7,25,21,32,25,28,25,94,45,20,32,23,23,78,28,31,14,22,31,6,8,9,6,10,14,10,9,10,11,8,8,5,7,9,11,8,11,17,10,5,5,10,5,6,13,5,3,47,19,14,16,11,11,10,7,10,11,13,13,15,11,7,18,8,9,8,14,8,6,15,10,19,16,11,8,10,78,12,21,26,20,19,3,26,20,16,43,23,27,18,27,32,23,24,7,26,12,11,28,23,7,9,11,8,8,9,13,21,12,13,18,21,72,54,28,21,24,35,73,15,24,26,9,14,12,10,12,19,12,13,16,14,10,21,13,9,3,10,13,12,5,6,8,70,16,4,4,2,16,10,12,28,8,7,16,128,26,44,7,5,18,9,31,23,18,25,28,,15,25,9,7,13,11,7,12,12,9,14,15,11,11,11,8,6,5,9,8,,7,10,6,18,12,229,26,32,21,8,20,5,5,24,7,8,7,96,21,26,28,22,15,16,36,22,13,34,15,19,12,28,10,40,17,14,12,15,10,7,9,11,5,16,6,6,9,9,6,7,4,11,6,7,8,11,57,36,23,29,17,42,6,10,21,17,7,16,7,9,8,7,15,7,9,14,16,4,15,9,7,6,20,14,4,7,10,8,15,6,10,13,13,13,12,21,7,11,11,14,5,7,5,5,8,6,10,7,5,5,15,7,21,13,22,4,12,6,45,12,10,25,7,4,16,7,12,6,10,6,24,14,8,9,10,4,10,15,9,28,17,20,11,25,16,7,18,8,13,9,25,32,10,10,18,38,18,24,23,41,19,6,3,9,18,3,6,13,5,11,6,53,18,3,4,11,8,
20201209,12,SO2_24h,6,16,18,14,23,19,19,31,25,17,31,21,15,51,24,37,15,19,20,7,9,8,5,15,18,8,9,11,8,8,9,8,8,7,9,7,10,9,8,6,6,7,4,6,10,4,3,8,23,14,13,8,8,10,8,9,10,10,11,13,11,6,12,11,7,7,14,12,6,16,15,28,17,9,7,7,30,21,14,30,31,36,3,30,17,25,38,25,24,15,20,30,26,19,7,30,10,9,23,34,6,10,12,10,10,10,16,21,9,16,61,19,80,54,39,18,27,30,43,18,31,15,11,13,9,7,9,15,14,12,16,13,8,14,13,10,3,11,11,19,6,6,7,28,12,4,2,3,12,8,14,29,10,8,19,19,12,54,6,5,21,18,21,20,22,19,20,,9,19,7,5,10,10,7,10,9,8,14,11,12,11,11,8,5,4,27,7,,6,12,5,17,37,72,19,22,29,15,18,5,13,23,9,12,9,61,22,23,30,17,18,28,20,14,10,14,14,14,14,13,8,11,14,13,28,15,10,10,9,11,6,13,8,6,8,9,8,7,4,12,6,7,3,19,28,37,14,17,16,29,5,15,15,13,13,16,9,8,9,9,13,9,11,11,10,3,13,9,6,7,14,20,3,5,11,13,7,6,17,11,15,11,11,15,9,9,9,12,11,7,5,6,7,7,10,7,5,5,14,7,11,9,19,3,14,6,35,7,6,31,8,4,10,14,9,6,10,6,12,13,8,9,7,7,7,11,8,15,20,20,18,29,13,6,17,7,6,8,7,11,10,9,30,17,19,17,21,31,17,18,7,9,17,10,7,27,11,10,7,21,16,2,3,10,6,
20201209,12,NO2,51,65,72,61,39,63,66,41,45,67,50,47,53,81,40,39,31,27,44,33,47,35,18,27,53,54,39,39,43,26,30,58,32,58,46,24,30,54,39,18,13,48,33,36,59,13,13,39,36,61,48,53,38,34,34,49,36,54,53,33,20,27,31,13,39,46,25,21,28,39,33,43,42,64,50,42,60,16,37,27,38,34,13,60,42,39,72,41,44,52,62,44,44,69,30,58,19,20,25,24,29,17,17,19,23,17,17,23,26,41,27,31,66,35,29,30,34,31,50,17,17,60,16,41,48,35,38,43,58,37,52,46,34,45,38,30,28,18,25,12,20,29,31,65,31,36,36,19,22,11,39,37,31,38,38,20,16,33,45,54,46,34,76,73,48,57,68,,61,49,35,41,68,32,45,27,22,35,45,33,29,45,40,8,67,60,42,34,,43,27,40,30,16,83,42,50,27,6,27,6,8,33,8,8,11,34,32,43,26,26,11,14,21,31,8,30,38,26,15,22,18,40,21,33,14,53,49,43,52,49,24,74,54,47,49,40,54,50,14,27,16,11,20,26,35,43,47,24,44,42,30,33,44,44,31,49,34,44,33,37,47,41,46,43,54,37,41,36,37,29,39,39,29,27,48,25,43,20,17,20,19,19,25,13,18,16,15,18,28,20,28,39,38,21,34,33,25,32,13,38,42,18,16,29,19,13,28,23,26,37,9,14,17,18,12,12,28,14,26,22,18,12,40,19,31,33,8,28,21,38,37,16,40,13,21,20,26,15,23,38,27,21,20,23,22,17,14,16,22,15,15,19,62,29,54,55,28,35,60,64,31,20,17,67,57,
20201209,12,NO2_24h,53,65,62,61,51,50,65,38,49,64,50,53,50,70,52,49,38,39,42,45,52,41,25,45,55,39,41,49,33,22,30,43,39,63,43,35,44,51,54,25,15,54,43,41,62,15,19,46,50,65,60,53,42,47,31,54,46,54,53,32,22,37,35,17,37,45,26,37,40,49,48,48,50,75,55,46,58,40,39,37,55,45,17,55,47,48,60,50,48,47,51,43,44,54,27,48,24,23,24,31,24,17,22,25,23,25,30,44,26,50,57,38,63,61,58,31,42,45,54,32,19,57,23,46,45,36,52,51,55,44,54,45,29,42,39,44,19,18,18,22,16,35,30,52,28,30,33,26,17,25,46,46,60,37,55,22,19,53,41,31,49,47,57,61,51,41,51,,41,42,24,29,43,44,39,37,30,31,37,40,39,51,54,20,52,56,53,52,,41,38,39,35,47,61,47,47,60,23,27,7,18,41,20,10,14,42,33,39,37,36,28,35,27,23,15,26,54,26,19,23,23,55,15,33,21,46,37,44,53,39,23,56,36,53,47,31,51,58,16,25,23,15,18,26,34,44,37,26,41,39,29,43,51,51,44,50,43,45,42,40,49,35,37,49,45,35,43,33,33,27,38,35,33,30,36,26,38,20,30,21,26,23,24,23,21,24,18,25,38,19,24,35,35,25,27,33,24,31,18,34,36,15,14,20,25,15,28,16,13,32,14,18,20,22,13,14,26,19,25,28,12,22,33,26,19,10,10,32,58,26,44,23,37,32,21,35,28,17,18,20,42,25,39,17,24,35,22,25,36,27,28,26,59,35,70,48,42,26,72,39,32,14,18,74,71,
20201209,12,O3,13,23,13,23,42,16,13,29,25,13,16,22,23,21,22,27,53,41,47,68,29,60,78,52,7,25,55,61,26,42,37,22,38,31,63,70,61,38,68,84,83,24,30,28,8,73,78,9,50,24,16,8,8,57,48,54,48,33,47,48,60,53,57,101,16,7,13,54,42,17,62,58,34,22,9,8,22,73,49,49,41,41,80,14,18,27,9,40,32,23,9,18,37,5,48,6,63,61,75,75,31,54,51,73,54,48,59,42,46,16,52,43,18,52,61,40,36,36,34,59,42,28,55,27,21,8,22,34,7,23,16,17,40,14,8,33,26,60,62,61,97,16,14,18,5,15,8,32,18,66,16,24,56,21,24,37,74,43,23,14,16,60,8,11,23,12,8,,11,31,37,31,16,64,46,77,72,65,30,64,57,39,36,84,27,22,38,42,,12,17,35,45,67,18,20,18,33,81,60,64,58,36,70,68,80,45,37,37,48,51,65,57,42,51,62,36,44,39,62,35,65,51,29,48,46,24,19,20,13,16,32,25,8,27,26,15,7,34,76,33,47,62,57,12,17,11,21,44,23,14,12,25,30,20,20,9,16,17,19,15,17,34,4,14,6,10,13,12,10,13,10,29,39,16,28,34,21,41,54,66,77,65,74,46,41,39,60,67,16,13,11,9,6,14,28,13,5,12,36,23,32,33,18,20,14,14,18,7,45,30,70,59,49,45,65,51,21,89,37,23,81,57,36,47,54,52,48,16,63,43,38,68,20,63,59,43,63,63,56,8,62,68,76,58,70,75,52,36,75,68,69,70,21,43,30,26,27,,11,16,41,44,19,12,27,
20201209,12,O3_24h,39,50,26,65,62,58,35,55,49,47,47,44,41,31,40,60,59,59,63,79,38,62,82,63,45,56,54,62,53,68,57,74,52,34,74,70,65,45,68,84,95,23,31,29,21,73,85,30,59,50,20,23,26,110,124,123,100,112,119,115,99,93,89,125,30,39,36,74,77,45,78,74,71,35,28,18,39,74,61,62,65,51,80,59,60,57,57,81,56,60,60,63,58,61,60,70,105,73,118,111,72,95,88,105,94,62,91,88,79,49,52,55,22,52,70,61,58,49,51,68,51,59,55,33,33,29,22,49,24,50,44,36,85,71,26,68,48,81,119,63,106,42,43,92,46,40,48,56,37,76,54,56,46,45,47,74,78,68,50,57,47,60,51,64,66,60,62,,63,61,56,59,70,64,67,77,72,83,54,73,57,44,36,84,46,22,106,42,,35,29,56,66,67,24,51,33,34,81,72,64,60,69,70,76,96,71,49,75,67,63,69,66,62,58,58,68,57,58,65,48,65,63,48,53,46,71,57,52,36,28,37,56,56,60,48,59,26,53,76,43,51,62,60,24,20,20,21,58,41,14,31,25,54,48,40,29,39,76,39,39,40,84,80,25,81,32,30,21,61,21,27,40,56,28,56,50,40,53,90,95,102,84,112,46,80,65,78,79,24,52,41,39,39,41,39,31,19,59,71,50,93,46,41,51,28,19,42,53,86,69,91,69,89,67,66,60,76,97,76,59,91,79,73,80,74,82,70,47,63,67,68,79,52,76,73,59,72,63,72,45,86,79,82,100,74,82,67,58,90,73,70,70,63,62,43,55,52,,40,73,57,70,46,36,29,
20201209,12,O3_8h,6,8,7,8,17,9,6,22,14,7,9,7,9,7,9,20,36,21,35,31,24,38,45,34,6,31,39,30,30,39,26,13,22,16,32,45,35,29,28,59,61,10,18,15,4,63,72,5,33,10,6,6,4,34,32,34,27,23,30,29,41,41,28,69,14,5,13,18,25,13,61,35,19,18,5,6,8,58,39,22,16,26,65,14,8,15,7,27,24,16,6,12,32,4,30,6,24,36,55,48,19,41,39,54,50,27,22,16,13,16,23,24,8,17,35,33,33,26,16,39,22,18,40,14,13,6,11,11,5,9,8,9,38,9,6,7,16,55,46,32,89,9,11,7,11,20,7,32,22,37,9,10,12,15,10,24,63,23,22,19,6,48,10,11,15,6,7,,8,18,35,21,13,41,29,42,41,42,27,37,46,20,26,57,17,16,17,23,,7,17,12,27,36,7,9,11,9,72,43,59,56,17,47,69,73,16,29,32,25,31,35,19,15,40,39,21,23,26,51,25,44,32,25,34,23,26,21,17,11,11,24,26,13,14,23,20,4,24,70,25,24,49,46,4,9,5,7,31,11,8,7,11,14,8,10,2,5,10,18,5,10,25,11,7,8,5,7,7,7,6,5,17,19,11,23,27,23,26,32,54,46,36,46,13,27,23,39,40,9,14,20,3,5,12,25,8,4,11,25,25,12,30,24,28,11,8,23,10,23,13,58,29,18,13,34,20,9,53,10,10,48,39,25,24,28,66,33,7,20,35,30,47,10,33,37,56,53,53,61,20,48,42,22,39,51,32,14,14,60,59,54,60,15,23,27,28,17,,8,18,45,41,9,5,12,
20201209,12,O3_8h_24h,6,9,7,8,17,10,6,30,14,7,11,7,9,7,9,22,41,22,38,45,33,48,60,34,9,46,45,34,44,51,30,21,23,20,47,53,54,31,28,60,87,10,18,15,4,65,74,5,33,11,6,6,6,37,40,40,34,25,32,48,46,41,28,105,26,6,31,18,25,15,72,60,22,18,5,7,8,60,40,25,16,26,65,15,9,15,7,27,25,19,13,21,32,4,42,9,39,57,60,48,20,48,49,66,60,34,28,16,14,17,23,46,8,17,35,45,34,27,16,45,31,19,42,14,21,14,11,11,5,10,8,20,53,30,6,7,19,59,62,34,91,10,42,8,18,35,11,36,30,41,11,10,12,24,10,37,75,23,28,36,6,48,10,11,16,7,8,,15,40,51,36,18,45,46,55,53,59,37,42,57,20,27,62,18,16,18,23,,8,27,27,43,36,7,9,11,9,74,53,60,58,34,62,73,78,16,48,32,25,31,35,19,15,54,48,26,27,32,55,30,56,34,27,35,29,39,36,32,13,15,24,37,30,26,24,32,4,24,70,27,24,49,46,4,9,6,7,32,11,8,12,12,14,8,10,2,5,10,18,14,10,47,30,7,21,5,7,9,12,6,14,18,26,20,32,29,36,32,39,62,48,43,61,13,28,23,39,40,9,20,35,6,7,17,26,9,4,13,28,27,21,30,36,35,11,9,29,13,44,37,71,29,22,13,44,29,10,65,25,12,48,39,33,27,28,77,43,7,20,59,68,76,13,33,53,56,58,53,61,36,48,73,60,70,65,56,16,24,60,64,57,63,16,23,27,28,34,,12,59,45,41,9,5,12,
20201209,12,CO,0.80,1.37,1.81,1.03,1.58,1.53,1.13,1.13,1.88,1.13,1.60,1.13,1.92,2.33,1.77,1.20,0.79,0.91,1.18,0.49,0.81,0.56,0.60,0.65,0.89,0.75,0.55,0.68,0.63,0.80,0.40,0.45,0.60,0.80,0.99,0.33,0.67,0.63,0.57,0.47,0.50,0.77,0.93,1.07,1.12,0.66,0.67,1.03,0.97,0.73,1.22,1.44,1.28,0.85,0.75,0.87,0.75,0.70,0.93,0.78,0.80,0.57,0.87,0.73,0.85,0.85,1.04,0.60,0.83,1.03,0.85,1.00,1.36,2.52,1.38,1.02,3.78,0.66,2.20,1.10,1.03,0.90,0.47,0.93,1.27,0.95,1.87,1.50,0.78,0.78,1.46,0.87,0.87,1.90,0.67,1.23,0.80,0.70,0.85,0.87,0.85,0.90,0.80,0.75,0.95,0.75,0.85,0.70,1.40,0.93,0.68,1.48,3.80,1.12,1.07,1.25,1.20,1.18,1.33,0.73,0.76,1.22,0.62,0.80,0.77,0.94,1.20,1.20,1.35,1.17,1.27,1.33,1.06,1.40,1.18,1.23,1.03,0.97,1.20,0.88,0.55,0.75,0.88,4.60,0.83,0.80,0.82,0.88,0.84,0.40,1.13,1.30,0.77,0.94,1.07,0.70,0.70,1.80,0.92,1.30,1.05,1.00,1.70,1.30,1.40,1.15,1.55,,1.40,1.30,0.65,0.80,1.60,0.60,0.90,0.67,0.45,0.50,1.15,0.70,0.60,0.75,0.65,0.55,1.20,0.70,0.65,0.70,,1.30,1.07,0.55,1.30,0.58,3.38,1.67,1.40,0.77,0.50,0.67,0.40,0.70,0.80,0.37,0.45,0.40,0.98,1.28,1.42,1.23,0.77,0.95,0.60,1.55,1.10,0.50,0.73,0.75,0.73,0.50,1.15,0.45,1.00,0.40,0.70,0.50,0.62,0.80,0.50,1.08,1.13,0.90,0.95,0.97,0.73,1.13,0.85,1.00,0.70,0.63,0.63,0.53,0.53,0.80,0.80,1.10,1.25,0.95,1.40,1.00,1.30,1.05,1.07,1.20,1.02,1.02,1.63,1.23,1.34,0.80,1.13,1.26,0.97,1.27,1.33,1.35,0.95,0.90,1.20,1.30,0.45,1.57,1.15,1.63,0.93,1.02,1.75,1.40,0.80,1.02,0.77,0.80,0.83,0.90,0.90,0.75,0.90,0.80,0.75,0.75,0.73,0.88,0.95,1.03,0.88,0.68,0.93,0.97,0.92,0.55,0.45,1.32,1.10,0.90,1.20,0.70,0.80,1.10,1.20,0.70,1.50,0.45,0.50,0.80,0.85,0.60,0.60,0.70,0.70,0.85,0.85,0.65,0.95,0.75,0.95,2.30,1.00,0.55,1.07,0.50,1.15,0.80,0.40,2.05,0.45,0.50,0.20,0.85,0.85,0.55,1.30,0.65,0.70,0.60,1.20,0.60,0.70,0.70,1.10,0.60,0.40,0.40,0.70,2.80,0.85,2.25,1.80,0.90,1.50,2.37,3.45,1.40,1.90,0.80,2.35,2.40,
20201209,12,CO_24h,0.66,0.95,1.26,0.88,1.28,0.97,0.98,0.88,1.65,0.92,1.13,0.90,0.98,2.05,1.55,1.22,0.76,0.76,0.71,0.57,0.88,0.60,0.63,0.72,1.01,0.50,0.71,0.75,0.50,0.80,0.43,0.45,0.78,0.94,0.76,0.50,0.77,0.73,0.70,0.63,0.60,0.90,1.07,1.07,1.01,0.80,0.67,1.21,0.98,0.75,1.09,1.16,1.21,0.88,0.77,0.88,0.80,0.77,0.93,0.78,0.82,0.60,0.93,0.80,0.78,0.73,0.88,0.82,1.08,1.27,1.07,1.35,1.56,2.28,1.23,1.03,2.03,1.02,0.92,1.33,1.13,1.33,0.50,0.90,1.00,0.83,1.03,1.10,0.74,0.77,0.90,0.83,0.90,0.90,0.77,0.72,0.86,0.70,0.83,0.97,0.80,0.83,0.80,0.80,1.10,0.75,0.97,0.90,1.23,0.87,1.22,1.32,1.83,1.30,2.10,1.13,1.12,1.50,1.78,0.83,0.58,1.10,0.70,0.83,0.70,0.97,0.83,1.05,1.23,0.87,1.18,1.13,1.06,1.20,1.16,1.40,0.93,0.90,1.03,1.03,0.55,0.77,0.90,1.84,0.87,0.80,0.70,0.82,0.72,0.65,1.10,1.43,1.67,0.87,1.70,0.95,0.50,2.03,0.90,0.80,0.75,1.20,1.40,0.85,1.05,1.10,1.05,,1.05,0.75,0.55,0.75,1.50,0.70,0.80,0.73,0.55,0.50,1.05,0.77,0.80,1.00,0.90,0.60,1.20,0.80,1.05,0.90,,1.10,1.15,0.40,1.08,1.06,1.92,1.70,1.03,1.07,1.03,0.53,0.35,0.75,0.60,0.53,0.60,0.50,1.18,1.13,1.23,1.63,0.77,1.10,1.15,1.80,0.70,0.50,0.70,1.10,0.70,0.50,0.60,0.40,1.30,0.30,0.45,0.55,0.53,0.70,0.67,1.10,1.18,0.90,0.75,0.77,0.63,1.08,0.80,1.10,0.80,0.68,0.57,0.53,0.60,0.60,0.80,1.23,0.93,0.82,1.40,0.77,1.27,1.03,1.10,0.95,0.82,0.90,1.40,1.18,1.28,0.85,1.03,0.94,1.13,1.13,1.07,1.10,1.00,0.85,1.13,1.10,0.45,1.38,1.00,1.63,0.82,0.88,1.58,1.10,0.85,1.13,0.70,1.07,0.87,0.95,1.00,0.75,0.95,0.75,0.70,0.93,0.63,0.82,0.90,1.00,0.92,0.60,0.93,0.80,0.88,0.60,0.45,1.02,1.07,0.97,1.05,0.80,0.85,0.95,1.00,0.55,1.95,0.55,0.55,0.70,0.85,0.73,0.70,0.65,0.75,0.80,0.90,0.55,1.10,0.75,1.25,1.40,0.50,0.65,1.00,1.03,0.90,1.10,0.60,1.10,0.90,0.60,0.65,0.70,0.95,0.45,0.60,1.40,0.70,1.20,0.60,0.50,0.70,0.70,1.20,0.70,0.63,0.80,1.10,2.75,0.90,2.65,1.00,1.00,1.30,2.77,1.70,1.20,1.70,0.90,2.40,2.60,
20201209,13,AQI,60,105,123,85,82,139,95,79,78,89,104,140,86,170,157,109,80,57,94,27,54,30,40,34,72,56,44,47,58,44,50,52,53,67,32,33,50,54,27,31,27,66,59,71,111,24,27,115,119,59,181,120,179,56,59,71,60,66,69,70,58,49,61,61,46,69,35,33,45,129,47,51,124,217,187,166,141,43,123,56,68,70,27,83,156,116,151,134,73,69,116,74,119,77,48,103,54,28,76,69,55,54,51,53,34,50,52,48,44,124,71,119,191,70,79,110,99,79,84,41,54,85,38,91,79,151,161,145,184,130,156,176,177,135,120,161,81,43,88,51,41,51,88,78,56,64,58,56,13,22,156,110,81,93,121,58,57,148,138,90,111,140,72,72,62,100,89,,99,65,56,54,65,40,41,40,37,38,60,52,44,54,58,30,99,84,61,55,,151,164,54,118,65,184,167,110,65,35,58,20,48,69,25,24,31,83,148,91,63,52,47,64,75,71,63,54,72,55,35,30,53,72,47,83,20,66,120,62,84,129,60,69,123,88,101,93,118,90,32,50,29,25,39,54,106,84,105,65,79,90,79,89,130,133,219,227,227,223,131,171,75,160,225,99,231,114,76,80,184,41,160,130,186,50,89,76,124,69,53,63,60,56,61,45,44,54,58,60,46,43,60,83,59,48,58,69,40,71,24,54,64,58,31,58,14,18,27,23,37,88,30,37,54,26,30,32,48,24,54,50,41,24,67,37,79,22,21,86,55,203,74,35,75,39,52,36,59,54,51,68,35,61,43,61,70,37,37,36,28,33,30,30,134,60,246,75,79,104,173,166,95,47,27,334,290,
20201209,13,PM2.5,43,79,93,63,59,106,71,51,40,66,78,107,64,129,120,82,59,38,70,19,26,21,28,19,46,27,24,28,34,22,30,22,37,41,18,19,28,32,13,16,8,37,41,51,84,15,9,87,90,32,137,91,135,39,42,52,40,48,50,51,41,32,41,44,24,50,21,15,21,98,27,31,94,167,141,126,108,16,93,32,47,46,11,61,119,88,116,102,51,45,88,54,90,50,29,77,38,16,56,50,39,37,36,37,24,26,32,29,15,94,38,90,144,51,58,83,74,58,61,23,28,63,17,68,58,116,123,111,139,99,119,133,134,103,91,123,60,30,65,36,25,36,65,57,40,46,41,40,9,12,119,83,60,69,92,32,33,113,105,67,84,107,8,43,43,75,66,,74,36,26,29,41,25,19,24,25,20,43,30,19,36,41,14,68,9,44,38,,116,125,16,89,34,139,127,83,47,19,41,11,16,50,12,5,22,61,80,68,27,26,26,38,36,52,21,26,37,23,19,20,37,50,22,61,6,48,91,42,62,98,43,45,93,65,76,69,89,67,15,30,20,9,19,22,80,62,79,39,52,67,58,66,99,101,169,177,177,173,100,130,55,122,175,74,181,86,56,59,139,19,122,99,140,35,66,56,94,50,26,45,43,37,44,30,25,38,40,38,31,30,43,61,42,30,37,50,28,52,17,11,46,41,22,41,10,7,19,16,19,65,9,20,28,17,20,19,18,14,22,19,22,16,14,22,1,10,15,64,39,153,54,23,55,27,35,23,38,29,29,39,21,33,30,38,51,26,18,11,7,20,20,21,91,43,196,55,58,78,131,126,71,33,19,284,240,
20201209,13,PM2.5_24h,36,56,72,50,41,61,63,36,37,61,54,57,44,110,72,44,35,35,51,25,51,30,26,20,53,40,33,42,48,32,34,22,42,44,19,25,27,28,23,34,12,51,45,50,67,13,10,82,57,35,94,88,129,40,47,46,37,46,40,45,45,31,37,49,23,45,24,31,27,95,45,66,86,158,131,129,72,51,37,46,44,58,14,39,56,60,59,62,49,35,46,56,63,34,29,41,43,25,60,56,45,46,46,42,32,45,51,37,21,82,60,90,105,60,76,41,51,41,102,30,17,67,22,66,63,86,83,83,119,67,105,121,127,95,108,125,51,32,48,34,27,39,53,53,40,41,41,41,13,24,99,104,58,92,107,30,30,132,89,55,46,63,61,40,51,62,47,,47,28,18,23,37,31,28,30,30,24,58,38,31,51,54,25,68,68,62,42,,112,125,21,84,67,65,116,48,49,60,37,16,37,40,19,16,55,76,42,41,59,29,37,37,32,25,21,34,65,30,27,21,30,85,21,50,13,53,79,58,60,81,37,56,89,66,71,62,78,66,13,46,40,19,20,26,83,53,66,46,47,62,47,60,68,69,110,138,152,153,86,117,58,124,156,72,164,94,54,46,125,21,92,83,139,42,60,62,76,55,33,38,38,37,45,35,24,38,31,40,37,29,38,45,36,39,37,41,23,40,26,14,43,27,21,58,21,14,26,23,16,57,17,19,24,25,24,25,28,17,23,28,19,18,14,28,37,8,14,58,53,104,133,38,37,66,36,50,36,51,25,15,28,31,75,19,41,22,25,16,11,68,74,57,70,38,219,60,50,69,133,53,65,30,15,283,260,
20201209,13,PM10,58,102,166,109,113,182,127,108,105,121,147,154,117,187,174,142,91,64,101,26,58,29,38,34,94,62,44,47,66,44,50,53,46,84,32,33,50,57,27,31,16,82,68,92,96,24,16,130,129,67,159,112,95,62,68,84,70,76,84,63,62,49,71,70,46,73,35,33,45,117,47,51,134,183,155,133,171,43,126,62,86,89,20,108,190,143,165,118,95,88,138,72,136,103,48,126,56,28,87,84,47,57,51,50,34,50,54,48,44,157,92,136,204,79,90,166,126,81,117,41,58,94,38,69,75,143,165,149,176,161,167,132,155,164,127,83,87,35,96,49,41,52,76,89,38,60,64,53,10,22,127,106,65,97,123,65,63,164,154,116,131,143,94,93,73,128,124,,121,79,61,57,79,40,41,40,37,38,56,53,44,57,56,20,148,118,69,60,,166,132,57,111,79,213,168,161,69,35,57,16,48,81,25,24,24,111,246,107,75,53,47,77,99,85,76,57,93,59,35,30,48,93,47,81,20,77,130,74,112,110,53,88,135,88,122,110,116,68,32,50,26,25,39,58,111,113,60,80,108,102,95,109,133,151,190,169,266,219,95,174,79,174,173,93,177,123,80,79,173,41,166,111,164,40,81,78,134,83,56,69,65,61,60,45,44,52,65,69,46,40,52,79,63,48,65,56,35,66,18,58,73,55,21,57,14,18,25,19,37,117,30,37,57,26,30,32,48,16,57,50,41,24,83,37,107,19,21,82,43,159,75,35,81,39,53,36,68,58,51,85,35,71,41,71,78,27,37,36,27,33,30,27,217,64,315,88,108,113,181,246,79,,22,357,193,
20201209,13,PM10_24h,66,78,123,89,79,114,111,69,77,105,94,92,79,173,107,78,54,53,65,35,83,41,36,40,88,65,60,64,71,52,57,50,58,86,35,46,48,56,45,57,22,97,62,85,78,19,13,108,101,68,130,107,92,65,78,82,66,70,68,59,65,44,64,67,36,65,41,64,53,120,71,89,126,160,145,149,108,82,59,68,57,91,13,69,98,104,94,98,94,68,82,79,95,63,44,72,56,32,82,90,50,57,56,55,44,59,68,59,42,143,126,125,161,106,116,88,88,77,132,46,54,102,43,66,75,95,121,116,148,111,150,127,139,135,141,95,76,39,65,50,41,54,62,80,44,51,61,52,19,38,107,138,76,110,159,58,49,173,116,92,84,110,113,90,89,99,83,,71,57,39,49,64,58,47,46,46,37,73,58,68,76,73,40,125,118,99,70,,153,128,31,122,117,120,153,98,128,94,53,20,71,58,40,27,68,112,78,68,84,50,56,73,87,43,43,46,106,69,44,37,47,131,39,69,31,81,112,102,99,84,53,85,123,92,109,97,92,61,18,50,47,28,25,49,114,95,54,75,79,82,75,89,110,111,128,156,196,201,101,164,84,167,149,95,153,137,84,55,149,38,115,92,157,45,83,90,107,84,58,59,63,57,65,59,44,55,46,87,52,38,42,59,60,54,55,53,28,54,38,45,66,38,23,76,31,21,34,30,26,99,33,36,40,37,35,43,62,26,52,61,28,42,34,47,40,17,26,72,63,101,144,54,60,87,54,82,53,68,38,30,69,52,86,41,70,36,51,43,31,83,86,61,174,69,293,104,114,92,188,120,79,33,18,362,360,
20201209,13,SO2,8,22,22,25,27,41,24,37,74,16,26,22,27,62,29,28,13,19,27,6,8,9,7,11,14,11,9,8,11,9,8,5,7,9,9,8,10,14,7,5,5,9,5,6,12,4,4,9,19,14,15,10,12,9,7,11,11,15,12,14,10,6,13,9,9,8,13,8,5,14,9,12,26,11,9,8,75,13,17,20,18,17,3,26,18,16,42,19,21,17,25,29,25,29,7,27,9,9,22,21,7,9,10,8,8,8,13,24,9,13,16,22,65,40,21,22,25,28,46,14,33,24,11,14,12,9,15,15,15,13,15,15,9,43,10,8,3,8,12,10,5,5,9,51,9,4,4,3,13,16,13,17,8,7,13,49,50,39,6,5,19,8,18,23,18,23,27,,14,22,10,,13,11,6,11,10,9,13,13,13,10,12,7,6,4,9,9,,6,9,5,15,12,199,22,34,10,8,18,6,5,25,6,8,6,70,21,24,26,19,14,12,17,23,12,20,13,18,12,30,9,13,21,16,6,14,10,8,12,8,4,16,6,6,8,10,7,8,4,9,4,6,10,10,56,34,22,22,17,43,6,15,18,16,7,19,6,9,8,7,22,7,9,14,13,4,15,10,7,6,20,13,3,7,8,7,15,6,10,14,11,13,9,22,6,10,13,12,3,8,5,4,8,6,12,7,5,5,16,8,22,12,28,4,11,6,38,11,7,24,7,4,10,6,11,5,9,6,24,13,8,9,8,3,6,14,8,26,16,22,5,23,15,6,18,8,16,7,18,24,11,10,16,38,17,18,22,17,18,5,4,8,15,6,6,11,6,11,7,44,18,3,4,11,7,
20201209,13,SO2_24h,6,17,18,15,24,19,20,30,27,17,31,22,14,52,24,37,15,20,20,7,9,8,5,15,17,8,9,11,8,8,8,7,8,7,9,7,10,9,8,6,6,8,4,6,10,4,3,8,23,14,13,8,8,10,8,9,10,10,11,13,11,6,12,11,7,7,14,13,6,16,14,26,17,9,7,8,33,21,14,30,31,31,3,30,17,26,38,25,23,15,20,30,26,20,7,30,10,9,24,34,6,10,12,10,10,10,16,21,9,16,58,19,79,54,39,18,28,28,43,18,32,15,11,13,10,7,9,15,14,12,16,13,8,15,13,10,3,11,11,19,6,6,7,27,13,4,3,3,12,8,14,28,10,8,18,21,13,55,6,5,21,18,22,20,22,19,21,,9,20,7,5,10,10,7,10,9,8,14,11,12,11,11,8,5,4,27,7,,6,11,5,17,36,78,19,22,29,15,19,5,12,23,9,12,9,62,20,23,30,18,18,28,20,15,10,14,14,14,14,14,8,11,15,14,26,15,10,9,9,10,6,13,8,6,8,9,8,7,4,12,6,7,4,19,30,38,15,18,16,30,5,14,15,13,13,15,9,8,9,9,12,9,10,11,10,3,13,9,6,7,14,20,3,5,11,13,7,6,17,11,15,11,11,15,8,9,9,12,9,7,5,6,7,7,10,7,5,5,14,7,12,9,20,3,14,6,35,8,6,31,8,4,10,14,9,6,10,6,12,13,8,9,7,7,7,10,8,15,20,18,18,29,13,6,17,7,6,8,8,11,10,9,28,19,19,17,22,31,16,18,7,9,17,9,7,26,10,10,7,22,16,2,3,10,6,
20201209,13,NO2,51,61,75,55,42,62,66,45,47,66,48,49,55,68,37,44,32,27,43,32,48,38,25,30,54,57,40,35,47,24,25,37,38,56,45,20,26,55,26,17,12,47,36,37,61,12,11,41,36,54,47,55,38,32,30,45,36,55,53,33,19,29,27,11,38,46,22,14,22,36,28,38,39,62,49,43,45,14,34,20,37,32,11,62,34,36,74,36,44,54,53,45,51,72,29,61,15,19,21,19,28,15,17,18,15,18,18,33,14,40,21,33,63,33,26,31,33,33,36,16,16,52,17,45,50,38,36,47,53,40,49,45,30,47,39,24,21,14,23,11,13,21,32,53,30,34,32,22,20,13,36,28,27,25,33,17,30,30,40,47,43,29,66,69,54,54,66,,62,52,35,43,66,36,47,33,17,43,47,31,35,29,41,8,71,59,45,29,,37,27,33,23,15,75,39,54,18,6,25,6,7,35,7,5,9,32,34,43,25,24,13,14,9,33,6,30,41,22,14,21,18,26,15,35,7,51,52,45,56,49,22,79,52,36,50,39,58,49,13,29,16,11,23,25,36,42,44,21,44,39,31,30,45,48,31,46,33,50,31,37,53,35,44,47,52,41,41,41,40,20,37,32,25,27,41,26,45,15,17,19,19,17,17,14,14,16,14,16,27,19,25,37,41,22,33,31,30,29,13,23,35,17,17,30,18,11,23,,11,36,9,12,14,11,7,8,20,10,20,16,17,11,30,9,9,17,6,34,21,37,24,18,38,12,19,18,26,11,21,36,27,21,18,20,19,12,14,12,24,14,13,16,59,21,55,47,24,31,53,67,26,11,11,65,52,
20201209,13,NO2_24h,54,65,63,63,52,51,65,39,50,65,51,54,51,71,52,50,39,40,43,45,52,41,25,45,55,40,41,49,34,22,31,44,40,63,43,34,42,52,54,25,15,54,43,41,62,15,19,47,50,66,60,53,42,47,31,54,46,54,54,33,22,38,36,17,37,46,26,36,40,49,46,47,50,75,55,46,58,39,39,38,56,45,17,56,47,48,61,50,48,48,52,44,45,56,27,50,24,22,24,31,24,17,22,25,23,24,30,44,26,51,56,38,64,60,58,31,41,45,54,32,19,58,22,47,45,37,51,52,55,45,54,46,29,42,39,44,19,18,18,22,17,35,30,52,28,30,34,25,18,25,47,45,59,37,55,22,19,53,42,32,50,47,59,62,53,43,53,,43,43,25,30,46,43,40,37,30,32,38,40,38,51,54,19,53,57,53,51,,41,37,39,34,47,62,47,48,58,22,28,7,17,41,20,10,13,43,33,40,38,36,28,35,27,24,15,27,55,27,19,23,23,55,15,33,21,47,38,44,54,39,23,58,37,53,49,31,53,59,16,25,23,15,19,26,35,45,38,26,42,39,30,43,52,52,44,50,43,46,42,40,50,36,37,49,45,35,44,34,33,26,38,35,33,30,37,27,39,20,30,21,26,23,25,23,21,24,18,26,37,19,24,36,36,25,27,33,24,32,18,34,37,15,14,20,25,15,29,16,13,33,14,18,20,22,12,15,26,19,25,28,12,22,33,26,19,10,10,33,57,27,44,22,38,32,21,34,28,17,19,20,42,25,38,17,24,35,21,25,35,27,27,26,60,35,70,48,41,26,71,40,32,15,17,73,72,
20201209,13,O3,16,21,15,29,43,19,17,36,27,15,22,26,30,38,28,28,52,49,53,71,31,64,79,59,7,24,56,68,25,46,42,47,31,35,63,80,67,40,81,85,85,28,29,33,9,77,86,9,51,30,25,10,11,70,65,72,58,38,65,64,71,58,74,109,17,10,14,68,53,20,69,74,48,27,10,8,33,77,59,55,47,47,86,14,31,34,9,45,35,29,27,17,27,6,50,6,80,69,95,92,39,70,63,82,69,61,75,48,63,17,62,52,27,64,68,48,40,39,47,66,47,35,59,24,22,8,31,34,16,22,23,22,47,20,12,50,34,62,81,71,108,27,18,42,7,17,17,35,20,68,22,42,64,51,33,50,67,56,29,31,23,76,11,15,18,10,10,,12,25,40,,19,67,51,74,80,60,33,75,55,59,38,96,26,23,40,54,,19,19,55,64,69,25,31,19,63,83,65,64,70,46,71,70,84,52,40,40,55,57,65,62,64,55,69,42,45,47,66,42,68,68,34,50,56,28,20,18,16,15,44,24,10,33,25,16,7,37,78,36,50,67,58,16,21,14,29,61,29,19,14,33,34,21,21,19,22,19,23,22,17,39,6,14,9,8,17,15,18,22,13,36,47,17,35,38,23,48,69,82,95,84,97,53,51,39,74,82,24,16,12,15,8,17,34,18,7,13,46,31,55,38,15,23,16,15,18,8,66,55,77,67,72,63,84,59,42,78,55,38,94,59,46,61,61,69,57,19,67,49,53,71,24,70,68,62,71,68,61,12,62,73,83,66,80,81,60,49,89,76,77,76,28,50,34,32,35,,21,23,48,52,27,15,31,
20201209,13,O3_24h,37,48,25,65,61,58,35,53,49,47,47,44,41,42,40,58,59,57,62,80,38,65,87,62,45,56,58,69,53,68,56,74,52,37,75,80,68,45,81,87,95,28,31,33,20,77,88,28,60,49,25,19,26,110,124,123,100,112,119,115,99,93,89,125,30,39,36,74,77,45,78,77,71,35,28,18,41,77,63,61,65,52,86,52,60,57,57,78,57,59,60,63,54,61,60,69,105,73,118,111,72,95,88,105,94,63,91,88,79,45,62,55,27,63,71,60,57,50,53,68,52,57,59,32,33,27,29,49,23,48,44,36,83,71,24,68,48,80,119,71,108,42,43,92,46,40,48,55,37,76,54,56,64,52,47,74,78,68,50,57,47,76,50,64,66,60,62,,63,60,56,59,70,67,67,77,80,83,54,76,57,59,38,88,46,23,106,54,,34,29,56,67,70,25,51,33,63,83,72,64,70,69,71,76,96,70,49,74,67,63,68,65,64,58,69,68,57,57,66,48,68,68,47,53,49,71,57,52,34,28,46,56,56,60,48,59,25,53,79,42,51,67,61,23,22,20,29,62,41,19,30,33,54,48,40,29,39,76,39,39,40,84,80,23,81,32,26,21,61,22,27,40,56,28,56,51,40,54,90,95,102,84,112,53,80,65,78,82,27,52,41,39,39,41,39,31,18,59,71,50,93,48,41,50,28,19,40,53,86,69,91,70,89,67,77,60,76,97,76,59,97,79,73,80,74,82,70,47,67,67,68,79,52,76,73,62,72,68,72,45,86,79,83,100,80,82,67,58,90,76,77,76,63,62,43,55,52,,40,73,57,70,46,36,31,
20201209,13,O3_8h,7,9,9,11,21,10,7,24,16,8,10,10,13,12,12,21,38,26,37,36,25,40,48,37,6,29,41,35,28,40,26,17,22,19,36,50,40,30,36,63,63,13,20,18,5,64,73,5,37,13,9,6,5,39,36,38,32,26,34,33,44,43,35,74,14,5,12,25,29,15,60,39,22,18,6,6,12,63,41,27,22,29,68,14,12,18,8,30,26,18,8,13,32,5,32,6,32,40,60,54,22,44,41,57,52,31,30,21,20,16,30,26,10,23,40,34,34,28,20,43,25,19,42,15,14,6,14,15,6,11,10,11,38,10,7,13,18,56,50,38,91,11,11,12,9,18,9,33,21,41,11,14,20,19,14,26,63,27,23,19,9,53,10,11,15,7,8,,8,20,34,21,13,45,29,45,46,43,27,40,46,26,27,60,19,17,17,27,,9,17,17,30,42,9,13,12,16,73,45,60,58,20,49,69,74,22,29,33,30,35,41,26,22,40,42,24,27,28,53,27,48,39,26,36,25,25,19,15,11,11,27,25,12,16,23,19,5,27,71,26,28,52,49,6,11,7,10,34,14,10,8,20,16,10,12,4,8,11,19,7,12,27,8,8,7,6,9,8,9,9,6,20,23,12,24,28,22,28,37,57,52,42,52,19,31,26,44,45,11,13,18,4,5,13,26,9,4,11,27,25,18,31,22,26,11,8,22,9,27,19,59,35,25,20,37,25,14,55,16,13,54,41,27,30,33,65,36,8,28,33,32,49,13,37,42,57,57,55,62,17,52,45,30,40,54,38,21,18,65,61,55,62,16,28,28,30,21,,10,17,45,44,12,7,16,
20201209,13,O3_8h_24h,8,10,9,11,21,11,7,30,16,8,12,10,13,12,12,23,42,26,39,45,33,48,60,37,9,46,45,36,44,51,33,21,24,22,48,56,54,32,36,63,87,13,20,18,5,65,74,5,37,13,9,6,6,41,41,42,35,27,34,48,46,43,35,105,26,7,31,25,29,15,72,60,25,19,6,7,12,64,42,29,22,29,68,15,12,18,8,30,27,20,14,21,32,5,42,9,42,57,62,54,22,48,49,66,60,34,32,21,20,17,30,46,10,23,40,45,35,29,20,47,32,20,44,15,21,14,14,15,6,12,10,20,53,30,7,13,20,59,62,38,91,11,42,12,18,35,12,36,30,43,12,14,20,24,14,37,75,27,28,36,9,53,10,11,16,7,8,,15,40,51,36,18,47,46,55,53,59,37,42,57,26,27,64,19,17,19,27,,9,27,27,43,42,9,13,12,16,75,53,61,58,34,62,73,78,22,48,33,30,35,41,26,22,54,48,27,29,34,55,31,56,39,27,36,29,39,36,32,13,15,27,37,30,26,24,32,5,27,72,27,28,52,49,6,11,7,10,34,14,10,12,20,16,10,12,4,8,12,19,14,12,47,30,8,21,6,9,10,13,9,14,20,29,20,32,30,36,33,42,63,52,44,61,19,31,26,44,45,11,20,35,7,7,17,27,10,4,13,29,28,24,31,36,35,11,9,29,13,44,40,71,35,25,20,44,29,14,65,25,14,54,41,33,30,33,77,43,8,28,59,68,76,15,37,53,57,60,55,62,36,52,73,60,70,65,56,21,24,65,64,57,64,16,28,28,30,34,,12,59,45,44,12,7,16,
20201209,13,CO,0.80,1.13,1.77,1.00,1.56,1.58,1.17,1.08,2.15,0.93,1.47,1.10,2.13,1.91,1.63,1.32,0.82,0.80,1.14,0.50,0.76,0.52,0.63,0.50,0.93,0.78,0.54,0.53,0.70,0.90,0.38,0.35,0.65,0.79,0.95,0.30,0.67,0.67,0.47,0.40,0.47,0.73,0.97,1.03,1.19,0.63,0.60,1.02,0.95,0.64,1.19,1.44,1.27,0.86,0.75,0.85,0.75,0.73,0.93,0.78,0.78,0.53,0.86,0.73,0.86,0.76,1.01,0.53,0.72,1.01,0.65,0.70,1.20,2.53,1.37,1.02,2.97,0.58,1.18,0.95,1.07,0.88,0.43,0.95,1.17,0.93,1.97,1.38,0.88,0.75,1.24,0.87,0.90,2.47,0.67,1.25,0.76,0.67,0.80,0.77,0.85,0.83,0.80,0.70,0.85,0.75,0.90,0.75,0.87,0.85,0.62,1.46,3.45,0.92,1.18,1.25,1.18,1.17,1.10,0.73,0.60,0.98,0.62,0.80,0.75,1.02,1.36,1.23,1.30,1.13,1.20,1.43,1.08,1.30,1.12,1.18,0.97,0.93,1.20,0.94,0.55,0.70,0.88,2.52,0.80,0.77,0.80,0.86,0.78,0.40,1.07,0.93,0.67,0.71,1.05,0.65,1.35,1.50,0.92,1.20,0.80,1.00,1.00,1.20,1.50,1.20,1.55,,1.45,1.20,0.60,1.00,1.45,0.60,0.75,0.63,0.45,0.50,1.15,0.67,0.60,0.70,0.60,0.60,1.20,0.70,0.60,0.70,,1.20,1.15,0.50,1.18,0.56,2.55,1.53,1.47,0.45,0.50,0.57,0.35,0.60,0.75,0.37,0.40,0.30,0.98,1.33,1.38,1.15,0.63,1.00,0.55,1.15,1.05,0.50,0.70,0.47,0.70,0.47,0.95,0.45,0.70,0.40,0.70,0.45,0.65,0.86,0.57,1.15,1.18,0.90,0.97,0.97,0.80,1.18,1.00,1.05,0.73,0.60,0.70,0.57,0.53,0.90,0.85,1.23,1.20,0.92,1.35,0.97,1.33,1.03,1.00,1.15,1.17,1.02,1.50,1.23,1.38,0.77,1.10,1.20,0.97,1.25,1.40,1.25,0.95,0.95,1.20,1.23,0.25,1.42,1.13,1.55,0.95,0.97,1.60,1.42,0.80,1.02,0.77,0.77,0.83,0.90,0.90,0.75,0.90,0.80,0.70,0.83,0.70,0.85,0.90,1.00,0.85,0.68,0.90,1.03,0.95,0.55,0.30,1.20,1.05,0.93,1.15,0.75,0.75,0.90,1.20,0.55,1.25,0.45,0.50,0.70,0.70,0.53,0.50,0.60,0.70,0.70,0.80,0.55,0.80,0.60,0.75,0.60,0.70,0.55,0.93,0.55,1.15,0.55,0.40,1.25,0.40,0.40,,0.95,0.70,0.70,1.20,1.00,0.80,0.60,1.10,0.60,0.50,0.80,0.90,0.50,0.35,0.35,0.55,3.15,0.60,2.30,1.80,0.80,1.70,1.80,3.15,1.30,1.40,0.70,2.20,2.40,
20201209,13,CO_24h,0.67,0.98,1.26,0.92,1.32,1.00,1.00,0.90,1.70,0.92,1.13,0.93,0.98,2.09,1.58,1.23,0.76,0.78,0.76,0.56,0.86,0.60,0.63,0.72,1.01,0.50,0.71,0.73,0.50,0.80,0.42,0.43,0.75,0.93,0.76,0.50,0.77,0.73,0.67,0.63,0.60,0.90,1.03,1.07,1.01,0.80,0.67,1.21,1.00,0.75,1.11,1.17,1.21,0.88,0.77,0.88,0.80,0.77,0.93,0.78,0.80,0.60,0.93,0.77,0.79,0.73,0.88,0.82,1.08,1.26,1.02,1.20,1.52,2.30,1.23,1.03,2.12,0.96,0.92,1.33,1.17,1.30,0.53,0.93,1.00,0.93,1.10,1.12,0.76,0.77,0.92,0.83,0.90,1.00,0.77,0.75,0.86,0.70,0.82,0.97,0.80,0.83,0.80,0.80,1.05,0.80,0.97,0.90,1.23,0.93,1.18,1.32,1.93,1.32,2.13,1.13,1.14,1.45,1.78,0.85,0.58,1.12,0.70,0.83,0.70,0.97,0.86,1.07,1.23,0.90,1.20,1.13,1.06,1.20,1.16,1.40,0.93,0.90,1.03,1.02,0.55,0.77,0.90,1.90,0.87,0.80,0.73,0.84,0.74,0.60,1.10,1.40,1.67,0.87,1.67,0.95,0.55,2.07,0.90,0.83,0.75,1.20,1.40,0.90,1.10,1.15,1.10,,1.05,0.75,0.55,0.75,1.50,0.70,0.80,0.73,0.50,0.50,1.05,0.77,0.80,1.00,0.90,0.60,1.20,0.80,1.00,0.90,,1.13,1.15,0.40,1.08,1.04,1.98,1.73,1.07,1.07,1.00,0.57,0.35,0.75,0.65,0.53,0.60,0.50,1.18,1.13,1.23,1.65,0.77,1.15,1.15,1.80,0.75,0.50,0.70,1.10,0.70,0.50,0.60,0.40,1.30,0.30,0.50,0.55,0.53,0.74,0.67,1.12,1.18,0.93,0.75,0.77,0.63,1.08,0.80,1.10,0.77,0.68,0.57,0.53,0.60,0.60,0.82,1.27,0.95,0.82,1.38,0.80,1.27,1.03,1.10,0.95,0.82,0.93,1.40,1.18,1.28,0.85,1.03,0.98,1.10,1.13,1.07,1.10,0.95,0.85,1.13,1.10,0.45,1.38,1.00,1.63,0.85,0.90,1.58,1.13,0.85,1.13,0.70,1.03,0.87,0.95,1.00,0.75,0.95,0.75,0.70,0.90,0.63,0.82,0.90,1.00,0.92,0.60,0.93,0.80,0.88,0.60,0.45,1.02,1.10,0.97,1.05,0.80,0.85,0.95,1.00,0.55,1.95,0.55,0.55,0.70,0.85,0.73,0.70,0.70,0.75,0.80,0.90,0.55,1.10,0.75,1.25,1.40,0.50,0.65,1.00,1.03,0.90,1.10,0.60,1.15,0.85,0.60,0.65,0.75,0.95,0.45,0.70,1.40,0.70,1.10,0.60,0.50,0.70,0.70,1.20,0.70,0.63,0.70,1.05,2.80,0.90,2.60,1.00,1.00,1.30,2.63,1.75,1.20,1.70,0.90,2.35,2.60,
20201209,14,AQI,60,115,124,80,91,133,94,74,87,94,133,144,100,141,141,108,89,55,94,27,54,33,44,35,76,56,51,51,61,40,47,41,51,69,30,31,52,54,29,29,27,66,63,73,111,27,28,124,120,52,184,118,176,55,57,74,61,65,71,73,55,45,58,64,45,68,32,23,35,124,44,50,119,229,189,167,125,43,123,52,73,78,26,80,169,130,166,131,74,67,104,85,121,75,62,115,49,30,76,61,50,51,53,53,33,41,52,43,23,129,65,110,184,84,65,138,106,84,73,44,46,71,39,88,81,149,157,159,207,151,159,176,181,134,111,149,73,43,86,59,38,46,89,58,53,63,55,54,12,28,138,98,80,85,118,54,79,120,157,85,109,143,69,64,65,106,89,,104,70,51,50,56,48,47,44,40,40,60,53,51,55,60,30,87,85,61,52,,159,181,44,98,60,150,159,115,54,38,55,20,52,75,29,27,27,75,128,114,58,55,45,37,62,71,56,53,65,55,35,34,50,55,47,85,17,71,128,71,95,131,49,73,134,93,99,86,121,96,25,47,22,21,42,51,111,84,101,62,79,89,83,78,123,143,219,228,232,228,135,173,74,164,230,106,218,108,75,81,174,40,145,119,176,47,81,76,119,70,52,66,59,54,61,49,45,54,60,58,38,58,59,69,59,50,54,68,41,65,19,38,53,55,34,51,17,13,29,30,27,69,25,35,48,25,30,32,37,26,44,41,38,19,23,27,47,27,20,86,41,200,73,37,74,43,59,33,103,46,42,49,31,56,44,58,64,26,32,33,28,30,26,29,116,65,236,91,78,113,151,114,96,54,28,357,309,
20201209,14,PM2.5,43,87,94,59,68,101,70,52,44,70,101,110,75,108,108,81,66,38,70,19,29,23,31,20,49,30,22,32,40,26,33,21,36,43,17,19,30,32,16,14,9,40,40,49,84,15,10,94,91,28,139,89,133,37,39,54,40,47,51,53,39,31,41,46,23,49,22,15,15,94,24,29,90,179,142,127,95,16,93,28,53,55,11,59,128,99,126,100,54,45,78,63,92,51,26,87,34,15,56,43,35,36,34,37,23,24,32,30,10,98,34,83,139,62,46,105,80,62,46,25,21,52,16,65,60,114,120,121,157,116,121,133,137,102,84,114,53,30,64,42,24,32,66,41,37,45,39,38,8,13,105,73,59,63,89,31,53,91,120,63,82,109,49,37,47,80,66,,78,43,24,31,34,26,19,26,28,21,43,30,23,38,43,17,58,15,44,34,,121,137,15,73,33,115,121,87,38,14,38,12,12,55,14,5,15,40,92,86,25,21,22,13,22,52,29,20,33,26,22,15,35,33,22,63,3,52,97,52,71,100,34,53,102,69,74,64,92,72,13,28,15,11,20,29,84,62,76,30,53,66,61,57,93,109,169,178,182,178,103,131,54,125,180,80,168,81,55,60,132,16,111,90,133,33,60,56,90,51,26,48,42,35,44,29,23,38,43,34,23,41,42,50,42,26,35,49,29,47,11,10,37,39,24,36,12,9,20,21,19,50,7,21,20,12,14,13,20,13,11,17,19,7,6,12,1,3,14,64,27,150,53,23,54,30,42,15,77,24,26,28,16,40,29,35,46,15,13,6,7,18,17,20,66,47,186,68,57,85,116,76,72,38,16,307,259,
20201209,14,PM2.5_24h,37,58,72,52,44,63,65,38,38,63,56,61,45,112,74,47,37,36,52,25,51,29,26,20,52,40,33,42,48,31,34,21,41,43,18,25,26,28,22,32,12,51,46,51,67,14,10,82,60,35,97,89,129,41,46,46,38,46,40,46,45,31,37,49,22,45,24,31,27,96,44,64,87,161,131,129,74,49,41,47,46,58,14,40,60,64,62,65,49,36,49,56,66,35,29,44,44,25,60,56,45,46,46,42,32,44,50,37,21,84,58,89,109,61,77,44,53,42,102,31,17,68,22,65,63,88,85,87,123,71,107,121,129,95,107,124,51,32,48,35,27,39,53,53,39,41,40,41,13,23,101,105,59,91,107,29,31,134,91,55,48,67,62,40,52,65,49,,50,29,19,24,38,30,27,30,30,24,58,37,31,51,53,25,67,66,61,41,,113,125,20,84,65,69,116,51,49,58,37,16,36,41,20,16,54,77,45,44,59,29,36,37,31,26,21,34,65,31,28,20,31,83,21,51,12,54,80,58,60,82,37,56,88,67,70,62,78,66,13,45,39,19,20,26,83,55,66,46,47,62,48,60,70,72,115,143,156,154,87,119,58,124,156,72,164,93,55,47,125,21,95,84,140,42,61,62,78,54,33,39,38,37,45,35,24,39,32,40,35,29,38,45,37,39,37,42,23,42,26,14,43,28,20,57,21,14,25,24,16,57,17,19,24,25,24,25,28,17,23,28,19,18,14,28,36,8,14,59,53,108,131,36,38,65,36,48,37,49,26,16,28,32,72,20,42,22,25,15,11,66,70,56,70,38,216,61,50,70,129,54,66,31,15,285,260,
20201209,14,PM10,64,104,167,104,123,170,117,97,124,117,165,169,116,159,164,152,104,60,95,27,58,31,32,35,101,61,51,51,71,40,44,41,49,88,30,31,54,57,29,29,17,82,75,96,103,27,17,140,131,53,158,110,96,59,63,86,71,80,92,64,59,45,66,63,45,72,32,21,35,111,44,50,138,201,164,137,165,43,125,54,86,105,21,108,191,147,167,117,96,83,126,70,135,100,73,139,49,30,87,72,46,41,55,48,33,41,54,41,23,160,79,109,197,70,80,194,141,88,95,44,46,84,39,74,84,150,160,152,171,173,170,140,152,140,112,79,79,32,89,57,36,44,78,62,33,59,55,54,12,28,124,75,68,78,120,57,107,133,166,114,118,138,88,78,79,122,120,,119,90,52,50,62,48,47,44,37,40,59,55,52,60,59,23,124,119,70,53,,157,145,44,100,69,167,159,160,58,38,59,13,54,87,29,27,20,99,205,134,65,59,45,37,73,83,62,56,79,60,35,34,47,60,47,84,16,83,138,84,121,116,46,95,141,86,122,113,119,78,24,47,22,16,42,52,112,104,56,73,108,99,95,98,136,160,203,169,243,233,92,178,83,183,186,99,184,126,83,77,164,40,134,110,156,39,83,81,127,77,53,75,59,58,61,49,45,55,61,65,38,38,50,69,60,50,57,54,38,62,16,38,54,52,24,52,17,12,25,29,16,88,25,35,48,25,30,32,37,11,44,41,38,17,23,27,47,6,18,81,41,159,71,37,77,36,44,33,122,46,42,49,31,48,44,66,69,20,32,33,28,30,26,21,181,61,317,109,92,104,166,178,82,,28,369,,
20201209,14,PM10_24h,68,80,124,92,83,118,113,72,79,108,98,97,82,176,110,83,57,54,66,34,83,41,35,40,89,64,59,63,70,51,55,49,57,85,34,45,47,56,44,55,21,97,63,87,79,19,14,110,104,69,133,108,92,65,77,83,67,71,69,60,65,45,65,67,36,66,41,63,53,121,68,86,128,163,145,148,110,79,63,69,60,91,14,72,105,109,99,100,94,70,86,80,99,66,46,76,57,31,82,89,49,56,56,55,44,57,67,59,41,145,125,124,166,106,117,94,91,77,133,47,54,103,44,66,75,98,124,120,150,116,153,127,143,134,140,95,76,39,66,51,41,54,63,80,43,50,61,52,18,37,109,137,75,109,160,58,51,176,119,92,87,114,115,90,90,102,86,,76,59,41,50,66,57,46,45,45,37,73,57,67,76,73,40,126,118,97,68,,154,128,31,122,115,123,154,101,127,90,55,19,69,60,41,27,66,114,84,72,85,52,56,73,87,45,44,47,106,70,44,38,47,130,40,70,31,81,113,101,100,86,53,86,122,92,108,98,93,62,18,51,45,27,25,50,114,96,54,75,80,83,76,89,113,115,134,160,201,203,101,166,84,167,149,96,153,136,85,56,149,38,117,94,158,45,84,91,109,83,58,60,63,57,65,58,44,56,47,87,50,38,43,59,61,53,55,53,28,56,38,45,66,39,23,75,31,20,33,31,25,101,33,36,40,37,35,42,62,26,51,62,28,42,34,47,40,17,26,73,64,106,142,53,63,85,53,80,55,65,39,31,68,54,83,43,72,36,51,42,31,81,80,60,175,69,293,106,112,93,183,120,80,34,18,363,343,
20201209,14,SO2,8,21,23,23,28,42,24,29,61,16,21,20,30,51,26,23,14,18,25,6,8,7,7,11,13,11,8,9,12,9,15,5,8,9,9,8,10,11,6,4,5,9,5,8,11,4,5,9,19,12,13,10,12,8,7,10,11,15,10,14,10,6,11,9,10,7,14,9,5,12,9,10,20,10,11,9,52,14,16,16,22,19,3,28,15,15,38,17,16,17,22,25,26,25,7,26,10,8,17,14,7,9,9,7,8,8,11,24,7,12,14,18,52,35,18,23,24,36,32,15,36,24,11,14,12,9,13,16,16,14,16,15,9,32,9,8,3,8,15,16,5,5,8,43,10,4,4,2,13,13,13,13,8,6,12,62,57,39,6,5,16,9,15,19,17,24,24,,14,24,10,8,13,10,7,10,9,8,13,11,13,8,13,7,5,4,8,8,,6,8,4,14,11,103,17,32,10,8,21,6,4,32,7,7,5,67,21,21,21,15,16,14,17,22,13,16,11,18,12,11,10,9,13,16,7,13,10,8,16,7,5,14,6,9,7,10,6,8,4,8,4,6,11,12,46,31,19,16,22,36,6,14,17,16,7,19,9,8,7,7,20,7,9,12,10,4,17,9,9,7,20,11,3,7,8,7,13,6,9,13,14,14,8,20,2,10,10,11,3,6,5,4,8,6,11,7,5,5,13,8,21,10,24,3,10,6,37,,6,18,7,3,9,7,14,4,8,6,22,12,7,9,7,3,5,7,8,19,13,30,5,40,14,2,20,9,11,7,11,15,12,9,15,37,17,15,14,7,18,4,4,8,12,11,7,14,7,10,7,20,19,1,5,10,5,
20201209,14,SO2_24h,6,17,18,16,25,21,20,29,29,17,32,22,15,52,24,37,15,20,21,7,9,8,5,15,16,8,9,11,8,8,8,7,8,8,9,7,9,9,8,6,6,8,4,6,10,4,3,8,23,14,14,8,8,10,8,9,10,10,11,13,11,6,12,11,7,7,14,13,6,16,13,24,16,9,8,8,33,20,14,30,31,29,3,31,18,26,37,25,23,15,20,30,26,21,7,28,10,9,24,34,6,10,12,10,9,10,16,21,9,16,55,19,79,53,39,18,28,27,43,18,33,16,11,13,10,7,9,15,14,12,15,13,8,16,13,10,3,11,11,19,6,6,7,28,13,4,3,3,12,8,13,27,10,8,18,24,14,56,6,5,21,18,22,19,22,20,21,,9,20,7,5,10,10,7,10,9,8,14,11,12,11,11,8,5,4,18,7,,6,11,5,17,35,81,20,22,29,14,19,4,11,23,10,12,8,64,20,24,30,18,18,28,20,16,11,15,15,14,14,14,8,10,15,14,25,14,10,9,10,10,6,13,8,6,8,9,8,7,4,12,6,7,4,19,31,38,15,17,16,31,5,14,15,14,12,15,9,8,9,9,13,9,10,10,10,3,13,9,6,7,15,19,3,5,12,13,7,6,16,12,15,11,11,15,8,9,9,12,7,7,5,6,7,7,10,7,5,5,13,7,12,9,20,3,13,6,36,8,6,31,8,4,10,14,9,6,10,6,13,13,8,9,7,7,7,10,8,16,20,18,18,28,13,6,17,7,6,8,8,11,10,9,25,20,19,17,22,31,16,18,7,9,16,8,7,26,9,10,7,22,16,2,3,10,6,
20201209,14,NO2,55,60,77,57,47,59,65,34,50,65,49,51,54,58,34,43,37,29,40,33,54,47,22,33,52,60,45,39,53,29,23,24,43,59,41,21,30,58,27,17,13,47,37,38,65,13,16,42,36,50,46,57,38,32,24,42,35,53,52,31,20,26,25,11,39,45,21,15,22,34,29,34,38,68,47,46,38,14,37,16,43,38,14,62,33,35,74,38,44,52,51,47,54,70,28,64,14,18,19,18,25,14,15,18,15,18,17,32,9,39,19,32,58,34,24,31,36,35,34,18,17,50,17,50,54,40,31,46,45,38,47,49,31,45,40,21,19,15,23,15,10,19,31,39,31,35,28,21,19,13,35,26,23,19,31,19,32,28,38,23,43,30,57,65,51,53,56,,65,58,41,41,60,36,39,44,23,46,49,38,39,24,44,11,51,61,48,27,,33,25,27,22,12,52,36,56,17,7,23,7,6,36,8,5,8,30,34,47,25,25,20,16,9,31,7,28,39,23,14,16,20,23,16,39,8,49,51,44,58,45,22,76,47,32,47,38,57,53,12,34,12,12,21,27,39,38,45,22,39,38,33,29,51,47,29,47,34,57,32,33,55,32,42,50,52,33,41,43,41,18,38,32,26,27,39,24,44,16,17,20,18,17,16,11,11,17,15,13,29,18,26,30,43,22,24,30,34,26,9,17,23,14,15,25,19,12,27,26,5,22,10,11,13,8,7,8,16,10,18,14,10,7,19,8,6,3,5,27,16,35,25,18,39,11,18,16,39,10,19,30,24,16,16,21,21,11,9,4,48,14,12,15,38,17,57,38,23,26,50,29,25,17,13,64,52,
20201209,14,NO2_24h,55,66,63,64,53,53,66,39,51,67,52,55,51,71,51,50,39,40,44,45,53,42,26,46,56,42,41,48,34,23,31,44,40,63,43,33,41,53,53,25,15,55,43,41,63,15,19,47,50,66,59,53,42,47,31,54,47,55,54,33,22,38,36,17,37,47,26,36,40,49,45,46,51,75,55,46,58,38,40,38,57,45,17,57,48,49,63,51,48,49,53,45,46,59,28,51,24,22,24,31,24,17,22,26,23,24,30,45,26,51,54,38,64,60,58,32,41,44,54,32,20,59,23,48,46,37,51,52,55,45,54,46,30,42,39,44,20,18,18,22,16,35,30,52,28,31,34,24,18,25,47,45,58,36,55,22,20,53,42,32,51,47,60,64,54,44,54,,45,45,26,31,48,43,41,37,30,33,38,40,38,50,54,19,53,57,53,50,,41,36,39,34,46,62,47,49,57,22,28,7,16,42,20,10,13,43,33,42,38,37,28,35,27,25,15,27,55,28,19,23,23,54,15,34,21,47,39,45,55,40,23,59,38,53,50,32,54,59,15,26,23,15,18,26,35,45,39,26,42,39,30,43,53,52,44,51,43,47,42,40,51,35,38,50,46,35,44,34,33,25,38,35,34,30,38,27,39,20,30,21,26,24,25,23,21,24,18,26,37,19,24,36,37,25,27,33,25,32,18,34,37,16,14,21,25,15,29,17,13,34,14,17,20,22,12,14,26,19,25,28,12,22,33,26,19,9,10,33,56,27,44,22,39,32,21,33,29,16,19,21,42,25,36,17,24,35,21,24,34,26,25,26,59,35,70,48,41,26,69,40,31,15,17,73,72,
20201209,14,O3,17,25,17,28,41,31,18,56,28,17,26,29,36,48,35,36,47,52,54,71,26,56,83,47,11,21,53,66,22,43,37,61,25,37,67,88,68,44,76,82,86,28,34,35,7,77,89,8,51,40,31,10,12,83,85,95,71,53,77,82,80,67,87,116,17,14,11,74,60,25,70,80,55,32,12,8,43,72,58,55,46,43,83,13,41,37,9,45,38,32,30,14,22,6,51,6,91,75,112,100,54,78,73,90,77,66,85,55,69,19,67,58,34,68,71,56,38,39,48,68,42,37,60,17,19,8,46,39,28,27,29,21,45,16,15,58,41,66,108,70,122,36,19,61,8,13,27,38,22,77,27,48,79,63,34,59,68,68,33,53,18,74,22,20,23,13,20,,11,22,35,36,26,75,58,64,79,61,34,71,52,70,37,96,36,20,37,57,,29,23,65,72,72,44,40,20,62,81,70,64,75,48,74,71,86,60,51,36,59,53,57,61,65,56,70,48,45,47,67,61,67,72,38,49,55,29,22,20,16,17,49,25,13,38,27,17,9,35,81,33,58,68,63,18,24,16,35,69,34,21,13,38,29,26,26,23,29,19,22,30,14,46,9,11,13,15,15,16,25,24,16,37,49,18,35,41,28,49,79,99,112,99,115,62,61,41,88,97,21,17,12,26,8,21,44,20,14,18,61,37,74,41,17,27,17,14,26,8,75,82,80,68,77,73,77,60,41,84,68,51,86,60,57,76,73,86,62,22,75,51,53,74,26,74,73,63,79,72,66,21,62,81,90,79,84,82,80,56,87,78,80,79,46,55,50,40,42,,24,58,49,64,26,16,33,
20201209,14,O3_24h,33,48,25,61,60,58,34,58,48,47,44,44,42,49,40,55,59,55,58,80,37,65,90,62,45,54,60,72,53,68,55,68,52,38,75,88,69,47,81,87,95,29,34,35,17,78,88,26,60,50,31,14,26,111,124,123,100,112,119,115,106,93,91,125,30,37,36,76,77,44,78,81,71,36,26,16,45,77,63,59,62,52,86,51,52,56,55,72,58,59,58,63,48,45,59,65,105,75,118,111,68,95,84,105,94,66,89,87,79,44,67,58,34,67,71,56,56,51,53,68,49,49,60,30,33,22,38,49,28,47,41,36,80,71,24,68,46,80,119,74,122,41,43,92,46,40,47,54,37,78,54,59,79,64,44,74,78,72,50,58,39,76,49,63,66,60,59,,63,60,56,59,70,75,67,77,80,83,54,76,57,70,38,96,43,23,114,57,,36,29,61,72,72,38,49,32,64,83,72,65,75,67,74,76,96,71,51,69,67,63,67,65,65,56,70,65,55,56,67,61,68,74,38,53,49,70,52,50,30,28,50,50,55,58,46,57,22,52,81,38,58,69,63,21,24,19,35,65,36,21,30,38,51,46,39,25,39,76,39,39,40,84,80,21,80,32,26,21,61,24,27,40,56,26,54,49,40,54,90,99,112,99,115,62,80,65,83,97,27,52,41,39,37,41,44,27,17,59,71,50,93,48,41,47,28,19,38,53,86,82,91,70,89,73,82,60,76,97,76,59,97,79,73,80,74,86,70,47,75,67,68,79,48,76,74,63,76,72,72,37,86,81,90,100,84,82,80,58,90,78,80,79,63,62,44,55,52,,40,73,57,70,46,36,33,
20201209,14,O3_8h,9,12,10,15,26,13,9,28,19,10,13,14,16,17,16,24,41,31,38,43,24,42,53,40,7,26,43,39,26,40,28,23,23,23,41,58,45,34,44,66,66,16,23,22,5,66,74,6,39,17,12,7,6,46,43,47,38,31,41,40,51,46,44,81,15,6,12,34,34,16,60,39,27,20,7,6,17,66,43,32,27,32,70,14,16,21,8,32,29,20,12,13,31,5,34,6,42,45,67,61,27,49,43,62,55,36,40,28,28,16,38,30,14,30,45,36,35,30,25,47,27,22,44,16,14,6,18,19,9,14,13,14,39,10,8,19,21,57,57,43,95,14,12,19,8,16,11,33,20,47,13,19,29,24,17,30,63,32,24,23,11,57,13,12,17,8,9,,9,19,33,22,15,51,33,48,51,46,28,43,47,33,28,66,21,18,21,32,,12,17,21,37,48,13,17,13,24,75,49,60,60,25,53,68,75,29,31,33,36,39,46,32,29,41,47,28,31,32,56,32,52,46,28,39,27,25,18,15,12,12,30,24,12,19,24,18,6,28,73,27,32,55,51,8,13,8,14,39,17,11,9,24,19,13,14,8,11,13,19,11,13,29,7,9,7,8,10,9,10,12,8,23,27,13,24,30,21,32,43,62,61,51,60,26,35,30,48,52,12,13,15,8,5,13,29,11,5,11,31,26,24,33,20,25,12,9,21,8,33,28,61,41,33,29,40,31,18,59,24,19,60,44,31,37,39,65,40,10,37,35,33,52,15,43,47,58,59,59,62,15,56,50,40,45,58,45,30,22,68,63,58,64,20,32,27,34,25,,12,21,44,46,14,8,19,
20201209,14,O3_8h_24h,10,13,10,15,26,13,9,30,19,10,14,14,16,17,16,25,43,31,39,47,33,48,60,40,9,46,45,39,44,51,33,23,24,25,49,61,54,34,44,66,87,16,23,22,5,66,75,6,39,17,12,7,7,48,45,47,39,31,41,48,51,46,44,105,26,7,31,34,34,17,72,60,28,20,7,7,17,67,43,32,27,32,70,15,16,21,8,32,29,22,14,21,32,5,42,9,47,58,67,61,27,49,49,66,62,36,40,28,28,17,38,46,14,30,45,46,36,32,25,51,33,22,46,16,21,14,18,19,9,14,13,20,53,30,8,19,21,59,62,43,95,14,42,19,18,35,13,36,30,47,14,19,29,26,17,37,75,33,29,36,11,57,13,12,17,8,9,,15,40,51,36,19,51,46,55,54,59,37,44,57,33,28,67,21,18,21,32,,12,27,27,43,48,13,17,13,24,76,53,61,60,34,62,73,78,29,48,34,36,39,46,32,29,54,48,30,32,35,56,34,58,46,28,39,29,39,36,32,14,15,30,37,30,26,24,32,6,28,73,27,32,55,51,8,13,8,14,39,17,11,12,24,19,13,14,8,11,13,19,16,13,47,30,9,21,8,10,10,13,12,14,23,31,20,33,31,36,35,45,65,61,51,65,26,35,30,48,52,12,20,35,9,8,17,30,11,5,13,31,30,28,33,36,35,12,10,29,13,44,44,71,41,33,29,44,31,18,65,25,19,60,44,33,37,39,77,43,10,37,59,68,76,16,43,54,58,61,59,62,36,56,73,60,70,65,56,30,24,68,64,59,65,20,32,28,34,34,,12,59,45,46,14,8,19,
20201209,14,CO,0.82,1.16,1.66,1.02,1.66,1.57,1.20,0.82,2.20,0.70,1.37,1.10,2.02,1.57,1.40,1.20,0.87,0.74,1.10,0.51,0.79,0.46,0.68,0.60,0.91,0.80,0.53,0.57,0.68,0.88,0.40,0.35,0.70,0.80,0.79,0.30,0.67,0.67,0.50,0.40,0.47,0.73,0.97,1.05,1.21,0.56,0.65,1.14,0.92,0.54,1.18,1.43,1.22,0.83,0.70,0.85,0.72,0.73,0.90,0.78,0.78,0.50,0.81,0.70,0.89,0.70,1.01,0.62,0.72,0.96,0.65,0.65,1.12,2.65,1.32,1.04,2.02,0.52,1.20,0.72,1.13,1.00,0.43,0.88,1.13,0.93,1.80,1.25,0.80,0.78,1.04,0.90,1.00,1.97,0.67,1.27,0.72,0.65,0.77,0.73,0.75,0.83,0.80,0.70,0.85,0.65,0.85,0.70,0.67,0.87,0.52,1.22,3.27,0.88,0.90,1.42,1.18,1.40,0.94,0.72,0.64,0.86,0.62,0.80,0.78,1.11,1.26,1.20,1.30,1.20,1.20,1.47,1.06,1.30,1.08,1.20,0.90,0.97,1.13,1.10,0.55,0.72,0.86,1.78,0.80,0.95,0.77,0.86,0.76,0.40,1.00,0.87,0.65,0.66,0.90,0.75,1.75,1.33,0.90,0.90,1.10,1.10,0.90,0.90,1.20,1.40,1.20,,1.40,1.20,0.60,0.75,1.25,0.65,0.65,0.60,0.50,0.50,1.10,0.60,0.55,0.65,0.60,0.60,1.10,0.70,0.65,0.70,,1.15,1.18,0.40,1.12,0.53,1.57,1.20,1.47,0.43,0.53,0.57,0.35,0.50,0.70,0.40,0.35,0.30,0.86,1.30,1.47,0.98,0.67,1.20,0.55,1.15,1.00,0.50,0.63,0.70,0.67,0.47,0.55,0.45,0.50,0.40,0.80,0.45,0.68,0.86,0.63,1.12,1.18,0.90,1.05,0.87,0.70,1.13,0.95,1.10,0.70,0.53,0.63,0.43,0.53,0.85,0.80,1.38,1.28,0.88,1.33,0.90,1.30,1.03,1.03,1.15,1.15,1.00,1.47,1.23,1.42,0.80,1.10,1.28,0.93,1.20,1.47,1.15,0.80,1.00,1.17,1.17,0.45,1.44,1.13,1.52,0.90,0.95,1.57,1.60,0.75,1.00,0.83,0.70,0.90,0.85,0.90,0.75,0.90,0.90,0.70,0.80,0.70,0.88,0.87,0.93,0.88,0.60,0.87,1.03,0.93,0.40,0.25,0.97,0.97,0.87,1.15,0.70,0.70,0.95,1.20,0.45,0.90,0.45,0.50,0.60,0.65,0.65,0.50,0.60,0.70,0.70,0.75,0.35,0.70,0.45,0.65,0.40,0.45,0.55,1.00,0.43,1.20,0.50,0.45,0.90,0.40,0.35,0.30,1.30,0.60,0.60,0.90,1.30,0.60,0.60,0.90,0.60,0.40,0.40,0.70,0.60,0.47,0.30,0.55,2.15,0.50,2.35,1.20,0.70,1.70,1.63,1.35,1.45,1.50,0.70,2.30,2.40,
20201209,14,CO_24h,0.69,1.01,1.26,0.92,1.40,1.05,1.00,0.93,1.77,0.92,1.17,0.93,1.02,2.09,1.57,1.24,0.76,0.79,0.80,0.56,0.86,0.60,0.63,0.72,1.00,0.53,0.70,0.73,0.53,0.80,0.42,0.43,0.73,0.93,0.75,0.50,0.77,0.67,0.67,0.60,0.60,0.90,1.03,1.07,1.01,0.80,0.67,1.20,1.00,0.75,1.11,1.18,1.22,0.87,0.77,0.88,0.80,0.77,0.93,0.78,0.80,0.60,0.93,0.77,0.78,0.74,0.90,0.82,1.08,1.25,1.00,1.10,1.48,2.32,1.23,1.03,2.17,0.96,0.95,1.33,1.20,1.33,0.53,0.90,1.00,0.93,1.13,1.13,0.76,0.78,0.94,0.83,0.90,1.07,0.73,0.78,0.88,0.70,0.82,0.97,0.80,0.83,0.80,0.80,1.05,0.80,0.97,0.90,1.23,0.93,1.16,1.32,2.02,1.32,2.13,1.17,1.16,1.38,1.78,0.88,0.60,1.16,0.70,0.83,0.70,0.97,0.87,1.07,1.27,0.90,1.20,1.13,1.06,1.20,1.16,1.42,0.97,0.90,1.03,1.03,0.55,0.77,0.90,1.90,0.87,0.80,0.75,0.84,0.72,0.60,1.10,1.30,1.67,0.87,1.63,0.95,0.55,2.10,0.90,0.83,0.75,1.20,1.40,0.90,1.10,1.15,1.15,,1.15,0.75,0.60,0.75,1.50,0.65,0.80,0.73,0.50,0.50,1.05,0.77,0.80,1.00,0.85,0.60,1.20,0.80,1.00,0.90,,1.13,1.15,0.45,1.08,1.02,2.00,1.73,1.10,1.03,0.93,0.57,0.35,0.75,0.65,0.53,0.60,0.50,1.22,1.10,1.30,1.70,0.77,1.15,1.15,1.80,0.75,0.50,0.73,1.10,0.73,0.50,0.65,0.40,1.30,0.30,0.50,0.55,0.57,0.76,0.67,1.12,1.18,0.93,0.75,0.77,0.63,1.08,0.85,1.10,0.77,0.68,0.57,0.53,0.60,0.65,0.82,1.27,0.97,0.82,1.38,0.83,1.23,1.03,1.10,0.95,0.90,0.95,1.40,1.20,1.28,0.85,1.03,0.98,1.10,1.13,1.07,1.10,0.95,0.85,1.13,1.10,0.45,1.38,1.02,1.60,0.85,0.90,1.58,1.18,0.85,1.13,0.70,1.03,0.87,0.95,1.00,0.75,0.95,0.80,0.70,0.90,0.63,0.82,0.90,1.03,0.92,0.60,0.93,0.83,0.88,0.60,0.45,1.02,1.10,0.93,1.05,0.80,0.85,0.95,1.00,0.55,1.95,0.55,0.55,0.70,0.85,0.73,0.70,0.70,0.75,0.80,0.90,0.55,1.10,0.75,1.25,1.30,0.50,0.65,1.00,1.03,0.95,1.05,0.60,1.15,0.85,0.60,0.55,0.75,0.95,0.45,0.70,1.45,0.70,1.00,0.70,0.50,0.70,0.70,1.20,0.70,0.63,0.70,1.05,2.80,0.90,2.60,1.10,1.00,1.30,2.50,1.75,1.23,1.70,0.90,2.30,2.60,
20201209,15,AQI,65,123,120,85,108,144,106,70,78,93,144,163,110,99,119,93,103,53,91,29,57,37,46,37,86,62,52,53,62,47,53,41,55,70,30,31,53,55,31,29,27,66,65,68,118,29,27,125,124,51,177,118,170,54,55,71,61,65,71,74,56,44,57,63,45,64,32,25,44,115,43,36,110,242,174,161,95,39,115,56,79,86,27,80,169,129,167,139,78,69,90,99,111,72,62,133,45,26,75,59,46,49,47,60,31,45,52,46,22,136,59,100,176,65,61,143,105,91,72,46,45,70,46,93,74,124,145,163,229,154,167,174,179,125,104,149,65,44,86,64,41,40,95,46,51,65,56,58,13,27,134,100,79,81,105,54,79,84,173,89,123,130,83,70,56,106,83,,105,82,54,71,51,45,46,47,40,42,61,56,54,56,58,32,85,85,60,47,,159,183,38,94,52,93,144,123,53,45,56,20,57,85,37,22,27,68,138,123,54,52,41,39,53,64,54,40,70,66,44,33,50,56,47,93,17,73,129,83,101,131,51,70,131,96,99,105,124,99,27,50,24,30,40,53,99,78,93,53,75,84,85,88,136,146,218,224,231,231,141,161,81,153,232,109,208,104,76,78,157,35,138,99,173,54,73,59,119,60,48,69,59,54,61,49,56,58,64,56,31,39,61,74,62,48,46,63,40,64,19,25,47,54,36,46,19,18,31,24,23,56,29,30,45,22,22,36,36,28,46,43,25,18,22,27,26,27,22,88,36,201,78,43,71,41,47,36,100,36,39,37,31,44,49,56,62,25,23,17,54,27,30,27,95,60,254,104,73,99,134,67,93,49,18,368,325,
20201209,15,PM2.5,47,93,91,63,81,110,80,51,45,66,110,124,83,74,90,66,77,33,68,17,30,26,32,22,64,34,24,35,43,32,37,29,39,44,16,20,30,35,15,14,9,44,43,49,89,13,10,95,94,23,134,89,129,36,37,52,39,47,52,54,39,30,40,45,25,46,22,12,23,87,24,25,83,192,132,123,71,19,87,31,58,64,13,58,128,98,127,106,57,48,67,74,84,45,30,101,30,16,55,42,32,34,33,43,22,28,35,30,10,104,27,75,133,47,36,109,79,68,41,28,20,51,15,69,54,94,111,124,179,118,127,132,135,95,78,114,47,31,64,46,26,28,71,32,36,47,40,41,7,14,102,75,58,60,79,30,58,62,131,66,93,99,61,34,36,80,61,,79,60,25,52,30,28,20,28,28,23,44,33,24,40,41,17,59,21,43,31,,121,138,16,70,23,69,110,93,31,16,39,10,10,63,20,4,12,32,105,93,25,22,29,15,14,46,28,14,45,27,25,8,35,25,27,69,4,53,98,61,76,100,33,51,100,72,74,79,94,74,13,27,17,12,21,37,74,57,69,36,55,62,63,65,104,112,168,174,181,181,108,123,60,117,182,82,158,78,56,57,120,14,105,74,131,38,53,42,90,43,24,50,42,37,44,32,24,41,46,32,20,27,44,54,43,23,30,45,28,46,9,7,30,38,25,31,12,8,22,17,9,40,8,21,13,6,9,16,17,12,14,13,11,9,4,10,3,2,13,65,25,151,57,26,52,29,33,16,75,19,21,25,11,28,30,34,43,11,10,1,6,18,17,19,59,43,204,78,53,74,102,33,69,34,11,318,275,
20201209,15,PM2.5_24h,38,60,72,54,46,68,66,39,39,65,59,65,47,112,75,49,40,36,53,24,51,29,25,21,52,39,32,42,47,29,34,22,41,43,18,25,25,28,22,31,12,50,46,52,69,14,10,83,63,35,100,89,129,41,46,46,38,46,41,47,45,31,37,49,22,46,24,30,27,97,42,61,88,162,131,128,76,48,44,47,48,60,14,42,64,66,66,69,49,37,51,57,69,36,30,47,44,24,61,55,44,46,46,42,32,44,50,37,21,86,57,88,111,62,77,47,56,43,103,31,18,69,22,66,63,88,87,91,127,74,110,121,132,94,106,124,51,32,48,35,27,39,54,53,39,40,40,40,12,22,103,105,59,91,107,29,33,133,94,55,51,71,64,40,52,68,50,,53,31,19,25,39,30,27,29,29,24,57,36,30,51,53,24,67,63,59,39,,115,125,20,83,64,70,117,53,49,54,38,16,35,42,20,16,53,77,48,46,59,30,37,37,31,28,22,34,65,31,28,20,31,82,22,53,12,54,81,58,61,84,37,56,88,67,68,63,78,66,13,45,38,18,20,27,82,55,67,46,48,62,49,60,73,75,119,147,160,155,87,120,59,123,155,73,163,92,56,48,124,20,97,85,140,42,61,62,79,54,32,39,38,37,45,35,24,40,33,40,34,30,38,46,37,38,37,42,23,43,27,14,43,29,20,56,20,13,25,24,16,57,17,19,24,25,24,24,28,17,22,28,19,18,14,28,35,7,14,60,53,112,128,34,40,63,36,47,39,47,26,16,27,33,69,21,43,22,25,15,11,63,66,55,70,39,214,62,53,70,125,54,67,32,15,285,261,
20201209,15,PM10,79,102,164,108,137,163,129,81,106,136,165,165,129,112,151,136,128,55,89,29,63,37,38,37,109,74,53,56,74,47,48,40,49,90,30,31,55,60,31,29,17,81,79,80,113,29,18,142,138,51,146,109,89,57,59,85,72,79,84,63,62,44,63,64,45,69,32,25,44,104,43,33,129,225,152,139,136,39,117,61,86,111,27,110,196,146,163,126,98,88,116,74,144,94,73,152,45,26,85,64,42,41,47,57,31,45,54,46,22,168,67,96,184,66,71,190,150,108,93,46,45,87,46,60,91,125,150,163,178,173,171,145,153,140,102,78,79,43,98,67,36,38,86,45,32,56,58,51,13,25,117,81,71,73,108,57,108,99,166,120,128,136,98,89,62,117,112,,118,114,57,51,52,45,46,47,38,42,61,61,57,62,58,23,120,120,69,47,,154,145,38,110,54,98,146,147,55,45,62,17,64,71,37,21,22,85,190,138,58,54,38,39,55,76,58,40,90,81,44,33,47,61,47,89,15,84,144,103,122,106,52,83,140,97,114,118,120,68,27,50,22,30,40,54,95,98,52,55,95,94,101,94,143,164,210,164,233,238,92,182,92,175,201,97,173,118,88,60,147,35,123,85,151,43,71,68,129,67,48,78,66,57,69,49,62,59,69,62,31,33,47,72,73,48,46,50,37,62,16,25,47,48,24,46,19,18,28,,14,59,29,29,45,10,19,36,36,23,46,43,25,15,21,27,26,8,22,79,30,158,72,43,84,36,39,36,120,36,39,37,31,44,49,61,73,18,18,17,33,27,30,24,139,58,315,119,76,99,149,84,85,,18,387,,
20201209,15,PM10_24h,69,82,125,96,88,122,115,73,80,112,101,102,85,175,113,87,62,54,67,34,83,40,35,40,89,63,58,63,69,49,53,49,56,85,34,45,46,56,43,54,21,97,64,89,81,20,14,111,108,68,134,109,92,66,76,83,67,71,69,61,65,45,65,67,37,67,40,63,53,121,66,83,129,165,146,148,113,77,66,70,62,93,14,74,111,112,103,104,95,72,89,80,103,69,48,81,57,31,82,89,49,55,56,56,44,56,66,58,42,147,123,123,169,107,118,99,96,79,136,48,55,106,43,66,75,100,126,124,153,121,156,127,146,133,138,94,77,38,66,52,41,54,63,80,43,50,62,51,18,37,111,137,76,107,158,58,52,177,121,93,91,118,117,92,91,106,89,,80,63,42,51,66,56,46,45,45,37,73,57,65,76,73,38,126,116,95,65,,155,129,31,121,113,125,154,103,126,87,56,19,68,61,42,27,65,116,89,77,85,53,56,73,88,47,45,49,108,73,45,38,47,129,40,73,30,82,114,102,102,88,54,86,121,93,108,99,93,62,19,51,43,27,25,51,113,97,54,73,81,84,78,90,118,119,139,164,205,204,100,169,85,167,149,96,153,135,86,57,148,37,119,94,159,45,84,90,110,82,58,60,63,57,66,58,45,56,48,86,49,38,43,61,62,52,55,53,28,57,38,45,66,40,22,74,30,20,33,31,25,100,33,37,41,37,35,43,62,26,52,62,28,41,34,47,40,17,26,74,64,110,140,51,66,84,53,78,57,63,40,31,68,55,79,45,74,36,51,41,31,79,74,60,174,70,293,107,118,93,177,118,81,35,18,364,329,
20201209,15,SO2,8,21,25,21,33,36,24,35,55,15,18,19,40,45,30,20,15,21,25,5,8,6,6,11,13,11,8,9,8,9,6,5,8,8,10,7,9,11,6,5,5,9,5,8,10,4,5,10,17,12,13,9,8,8,7,8,10,14,9,13,10,6,9,8,10,6,11,10,5,12,8,10,16,11,10,10,33,12,16,14,19,20,3,34,15,13,34,16,17,17,22,23,26,25,7,24,9,8,13,10,7,9,9,8,8,9,12,20,6,14,13,15,36,27,12,23,23,31,33,15,29,22,11,14,14,9,12,15,14,14,16,14,8,24,12,7,4,8,13,19,5,5,8,26,10,4,4,2,18,10,12,12,8,6,12,23,62,28,6,5,15,11,14,17,14,23,24,,13,26,9,8,13,9,6,8,9,10,13,10,14,8,12,9,5,5,8,8,,6,8,5,15,8,66,15,28,10,9,17,5,4,30,13,7,5,57,21,21,17,15,16,16,15,16,15,10,9,16,12,11,11,9,14,16,28,12,9,7,17,7,5,14,7,14,5,10,6,14,4,11,4,8,10,10,32,36,31,7,17,22,6,14,17,17,7,23,13,9,7,7,15,6,12,13,9,4,14,9,11,7,19,9,2,7,6,5,18,7,9,13,13,16,9,23,4,9,11,10,2,8,5,4,8,5,10,7,6,5,14,7,16,8,20,4,10,6,36,,6,13,7,4,8,6,7,5,8,6,22,13,6,7,6,3,6,7,8,15,12,22,4,89,16,5,18,9,13,10,8,11,11,7,15,30,18,14,12,8,30,5,5,7,12,12,8,18,7,11,6,12,17,1,5,12,5,
20201209,15,SO2_24h,6,17,18,16,25,22,20,30,29,17,32,23,16,51,24,37,15,20,22,7,9,8,5,15,16,8,9,11,8,8,8,7,8,8,9,7,9,9,8,6,6,8,4,6,10,4,3,9,23,13,14,8,9,10,8,9,10,11,11,13,11,6,12,10,7,7,14,13,6,16,13,23,16,9,8,8,34,19,14,31,31,27,3,32,18,26,38,25,23,15,21,30,27,21,6,29,10,9,24,34,6,10,12,10,9,10,15,21,9,16,51,19,78,53,39,19,26,26,44,18,34,16,10,13,10,7,10,15,13,12,15,13,8,17,13,10,3,10,11,20,6,6,7,27,13,4,3,3,12,8,13,27,10,8,17,25,16,56,6,5,21,17,22,19,22,20,22,,10,21,7,5,10,10,7,10,9,8,14,11,12,11,11,8,5,4,10,8,,6,11,5,17,34,82,20,22,29,13,19,4,10,23,10,11,8,65,19,25,30,18,18,29,20,16,11,15,15,15,14,14,8,9,15,14,26,14,10,9,10,10,6,13,8,7,8,9,8,7,4,12,6,7,4,19,32,39,15,16,16,31,5,13,15,14,12,16,9,8,9,9,13,8,10,10,10,3,13,9,6,7,15,19,3,5,12,13,8,6,16,12,15,11,11,16,8,9,9,12,6,7,5,6,7,7,10,7,5,5,13,7,12,8,20,3,13,6,37,8,6,31,8,4,10,14,9,6,10,6,13,13,8,9,7,7,7,10,8,16,20,18,17,28,13,6,17,7,7,8,8,11,11,9,23,21,19,17,22,31,17,17,7,9,16,8,7,25,9,10,7,21,16,2,3,10,6,
20201209,15,NO2,61,63,72,64,59,57,67,31,57,61,45,55,57,39,36,40,41,37,47,37,60,50,24,30,50,60,56,42,63,39,28,28,40,65,44,24,31,65,28,17,12,49,38,43,68,13,18,42,35,47,41,60,41,33,23,42,35,54,56,32,21,29,24,11,41,43,20,15,26,32,26,49,38,77,48,50,28,13,38,15,43,47,16,55,36,36,70,44,46,53,59,48,53,74,31,67,15,22,19,17,22,14,17,20,16,18,20,25,9,39,22,27,57,36,21,35,41,36,37,22,23,60,19,56,61,39,30,54,42,35,50,50,32,34,42,22,21,15,25,19,14,17,35,27,34,36,29,20,20,10,37,29,23,19,33,16,38,23,39,17,51,32,61,69,40,58,60,,65,68,38,26,58,39,44,56,32,49,55,50,36,31,47,12,55,66,54,27,,32,25,28,24,12,42,40,59,16,6,26,7,7,33,11,5,9,31,37,52,25,31,26,20,10,26,32,25,41,30,16,16,25,28,21,44,15,50,50,45,62,43,25,80,48,40,47,39,58,53,15,40,12,15,22,31,35,42,46,25,43,39,35,30,58,43,30,51,39,60,31,31,57,30,44,52,48,36,43,39,37,32,39,30,34,31,41,23,51,19,18,20,19,18,17,13,15,20,16,12,31,20,27,36,44,22,23,30,32,34,12,14,17,14,15,24,20,13,30,28,5,21,9,12,9,6,7,8,14,11,18,15,5,10,16,5,5,2,5,27,17,46,25,22,41,11,19,16,45,12,15,20,28,15,19,19,24,15,8,4,107,17,13,15,35,22,62,36,19,23,43,20,26,11,6,68,52,
20201209,15,NO2_24h,56,67,64,66,56,54,67,39,52,68,52,56,52,70,51,51,40,41,44,46,53,42,26,46,56,42,41,48,36,24,31,44,41,63,44,33,39,54,53,24,15,55,43,42,64,15,19,47,51,66,58,53,43,47,30,55,47,56,55,34,22,38,36,17,38,47,26,36,41,49,43,45,51,75,56,47,58,37,41,38,58,46,17,58,49,49,64,52,49,50,54,46,47,60,28,53,24,22,24,31,25,17,22,26,23,24,30,45,26,51,54,38,64,59,58,32,42,44,54,33,20,60,23,48,46,37,50,53,55,46,54,47,30,42,39,44,20,16,19,22,16,34,31,52,29,31,34,24,18,25,47,46,56,36,54,22,20,53,43,31,51,47,62,65,55,46,56,,47,47,27,31,49,43,41,38,30,34,39,41,38,50,53,19,54,57,54,49,,41,36,38,34,45,62,48,50,55,20,29,7,16,42,20,10,13,44,32,44,39,38,29,35,27,25,16,28,56,29,19,23,23,54,16,35,21,48,40,45,56,40,23,60,39,53,50,32,55,60,15,26,23,15,19,27,35,45,39,26,43,39,30,42,54,53,43,51,43,48,41,40,51,35,38,50,46,35,44,35,34,26,38,35,35,30,38,27,39,20,30,21,26,24,25,23,21,25,18,26,37,19,23,37,38,24,27,33,25,33,18,34,37,16,15,21,25,15,28,17,13,34,14,17,20,22,12,15,26,19,25,28,12,22,33,26,19,9,10,33,55,28,43,21,40,31,21,32,29,16,20,21,41,25,35,17,24,35,20,24,38,25,25,26,59,35,70,49,44,27,67,40,31,15,17,72,72,
20201209,15,O3,14,29,17,22,30,37,15,61,24,22,35,31,35,65,39,42,44,44,50,69,21,54,87,55,15,17,43,59,13,32,39,63,34,33,63,88,69,48,76,80,87,26,37,33,6,78,86,8,49,42,42,8,13,91,96,100,80,61,88,91,88,67,98,119,16,19,10,80,69,31,70,66,62,31,10,8,51,78,57,50,47,38,78,15,46,32,13,37,31,35,14,12,25,4,46,7,91,76,118,101,65,85,77,94,83,74,83,59,71,18,65,68,36,67,72,47,37,37,48,67,38,30,55,15,11,8,52,33,35,35,33,25,40,34,17,54,41,69,116,68,130,44,16,77,8,13,30,41,21,86,28,45,85,69,39,71,69,77,35,63,11,66,26,14,34,16,17,,12,13,38,32,31,79,54,52,69,56,28,52,43,63,35,101,33,17,32,59,,39,28,72,75,70,58,46,21,65,83,72,63,77,55,74,70,86,48,50,29,61,47,48,52,62,62,57,53,47,44,65,64,61,70,37,44,54,28,21,19,11,17,48,23,12,32,26,17,7,40,77,27,60,65,62,15,30,15,42,72,27,22,12,43,25,35,28,24,32,17,22,43,13,43,17,11,21,13,14,21,33,15,19,40,41,17,36,42,22,48,88,114,126,110,128,69,71,33,96,109,22,18,13,22,12,27,46,23,18,16,62,42,87,45,18,28,16,21,19,5,75,84,81,68,76,71,70,60,48,90,74,59,81,59,70,84,76,87,67,24,78,38,51,72,29,78,76,65,74,69,71,41,55,83,86,85,85,81,75,54,66,78,81,81,53,60,37,42,57,,30,65,52,70,37,19,35,
20201209,15,O3_24h,29,54,25,53,48,54,30,63,40,43,42,41,41,65,39,46,58,53,56,80,37,65,91,63,44,53,60,72,53,66,50,66,50,38,75,89,69,49,81,87,95,29,37,35,14,78,88,21,56,48,42,11,24,110,119,123,100,112,119,115,105,93,99,125,29,31,36,81,77,41,78,78,71,38,23,14,51,79,62,57,57,49,86,47,50,53,47,67,58,57,54,59,44,44,57,59,105,76,117,111,65,89,77,105,94,74,87,80,79,40,67,68,36,68,73,56,53,50,53,68,46,39,60,28,33,19,46,46,35,46,35,34,76,70,22,63,43,79,122,74,130,44,43,92,40,40,47,54,37,86,50,53,83,69,44,74,78,77,49,63,38,76,44,60,66,56,58,,61,58,56,55,69,79,67,77,80,83,53,76,57,70,38,101,36,23,114,59,,39,30,72,75,73,48,48,28,65,83,72,65,77,63,75,76,96,66,52,63,66,58,66,62,65,62,70,62,54,48,67,64,68,74,38,51,47,69,48,45,28,25,53,47,55,51,45,57,18,47,81,37,60,69,63,18,30,17,40,72,35,22,30,43,44,39,39,26,39,76,36,43,37,82,80,17,70,28,22,22,61,24,27,41,55,26,49,48,40,50,92,114,120,110,128,69,80,64,96,109,27,52,41,39,35,41,47,26,19,58,71,50,93,49,41,42,26,21,38,53,82,87,91,70,88,73,82,60,77,97,74,62,95,79,73,84,76,87,70,45,78,67,68,79,47,78,76,65,76,72,73,41,86,83,90,86,85,82,80,56,90,78,81,81,63,65,44,55,57,,40,73,57,70,37,37,35,
20201209,15,O3_8h,10,15,11,17,29,17,11,33,21,12,17,17,20,25,20,28,43,35,41,50,24,45,61,44,8,24,45,44,23,39,31,30,25,25,47,65,50,36,53,70,71,19,26,25,6,68,76,7,42,21,17,8,8,55,51,56,45,37,49,50,58,50,55,90,15,8,11,43,39,19,60,42,31,21,8,7,23,69,46,37,31,35,72,15,21,23,9,35,31,23,13,13,29,5,37,6,53,50,75,69,33,55,49,66,60,43,49,33,37,16,45,37,18,38,51,39,35,33,30,53,30,24,47,17,14,6,24,23,13,19,16,15,39,13,9,26,25,60,66,49,100,18,13,28,7,14,14,35,19,54,16,24,38,31,22,37,64,39,26,27,12,59,15,13,20,9,11,,10,20,33,26,18,58,38,51,57,49,28,46,47,39,29,73,24,18,25,38,,16,18,31,45,53,19,22,15,31,76,54,61,62,31,58,68,76,34,34,33,41,42,49,38,36,45,50,33,36,34,58,37,56,51,29,41,29,25,18,16,13,14,34,23,12,21,24,17,6,30,74,28,38,58,54,10,16,10,19,46,20,14,10,28,22,17,16,10,15,15,19,16,13,31,7,10,9,9,11,11,14,13,10,26,30,14,26,32,20,36,51,70,70,61,71,34,40,32,56,62,15,13,13,11,6,15,32,13,7,11,35,28,35,34,19,23,13,11,20,8,40,37,64,46,42,37,46,37,24,64,33,23,65,47,36,45,46,66,44,13,46,39,35,55,18,50,52,59,61,62,62,16,57,56,50,52,64,53,38,28,70,65,61,68,25,36,27,37,22,,15,26,44,50,17,10,23,
20201209,15,O3_8h_24h,11,16,11,17,29,17,11,33,21,12,17,17,20,25,20,28,44,35,42,50,34,48,62,44,10,46,46,44,44,51,34,30,25,27,53,66,54,36,53,70,87,19,26,25,6,68,76,7,42,21,17,8,8,56,52,56,45,37,49,50,58,50,55,105,26,8,31,43,39,19,72,60,32,22,8,7,23,70,46,37,31,35,72,16,21,23,9,35,31,25,15,21,32,5,42,9,53,58,75,69,33,55,51,66,65,43,49,33,37,17,45,46,18,38,51,46,35,34,30,54,33,24,48,17,21,14,24,23,13,19,16,21,53,30,9,26,25,61,67,49,100,18,42,28,18,35,15,37,30,54,16,24,38,31,22,37,75,39,30,36,12,59,15,13,20,9,11,,15,40,51,36,20,58,46,55,57,59,37,47,57,39,29,73,24,18,25,38,,16,27,31,46,53,19,22,15,31,77,55,61,62,36,62,73,78,34,48,34,41,42,49,38,36,54,50,33,36,36,58,37,60,51,29,41,30,39,36,32,14,16,34,37,30,26,25,32,6,30,74,28,38,58,54,10,16,10,19,46,20,14,12,28,22,17,16,10,15,15,19,17,13,47,30,10,21,9,11,12,14,13,15,26,33,20,33,33,36,37,51,70,70,61,71,34,40,32,56,62,15,20,35,11,8,17,32,13,7,13,35,32,35,34,36,35,13,11,29,13,44,49,72,46,42,37,47,37,24,68,33,23,65,47,36,45,46,77,44,13,46,59,68,76,18,50,58,59,62,62,62,36,57,73,60,70,65,56,38,28,70,65,61,68,25,36,29,37,26,,15,59,45,50,17,10,23,
20201209,15,CO,0.87,1.18,1.50,1.05,1.90,1.50,1.17,0.82,2.10,0.82,1.27,1.17,2.23,1.07,1.41,1.06,0.93,0.68,1.07,0.50,0.83,0.56,0.70,0.60,0.95,0.73,0.55,0.70,0.75,0.90,0.44,0.45,0.63,0.77,0.81,0.37,0.63,0.67,0.50,0.40,0.45,0.73,1.00,1.05,1.16,0.55,0.60,1.16,0.91,0.59,1.10,1.44,1.26,0.83,0.70,0.80,0.74,0.70,0.90,0.78,0.80,0.50,0.81,0.70,0.94,0.66,0.98,0.55,0.68,0.92,0.60,1.30,1.12,2.84,1.30,1.08,1.16,0.52,1.20,0.70,1.17,1.13,0.43,0.83,1.13,0.97,1.80,1.20,0.74,0.82,1.08,0.87,0.93,1.90,0.70,1.32,0.80,0.66,0.75,0.70,0.70,0.83,0.85,0.75,0.85,0.70,0.83,0.65,0.63,0.87,0.52,1.12,2.67,0.78,0.65,1.40,1.27,1.27,0.92,0.72,0.64,0.88,0.64,0.87,0.80,1.04,1.17,1.30,1.38,1.30,1.27,1.53,1.02,1.20,1.05,1.15,0.90,0.95,1.05,1.05,0.55,0.72,0.90,1.12,0.80,0.93,0.73,0.84,0.78,0.30,0.97,0.83,0.63,0.57,0.80,0.60,2.25,0.90,0.94,0.70,1.25,1.10,0.80,0.75,1.00,1.40,1.25,,1.40,1.45,0.60,0.70,1.10,0.65,0.65,0.60,0.50,0.50,1.10,0.65,0.55,0.65,0.60,0.65,1.00,0.70,0.70,0.70,,1.05,1.18,0.45,1.20,0.50,1.30,1.15,1.43,0.43,0.53,0.53,0.40,0.55,0.60,0.43,0.40,0.25,0.73,1.43,1.57,0.88,0.87,1.30,0.65,1.40,0.90,0.55,0.50,1.10,0.70,0.53,0.60,0.53,0.60,0.40,0.80,0.45,0.67,0.88,0.67,1.18,1.18,0.83,1.07,0.85,0.77,1.10,0.95,1.10,0.67,0.53,0.67,0.47,0.57,0.75,0.82,1.13,1.20,0.80,1.27,0.85,1.17,1.00,1.15,1.15,1.15,0.98,1.47,1.25,1.32,0.77,1.00,1.24,0.90,1.25,1.57,1.07,1.00,0.90,1.07,1.05,0.20,1.42,1.08,1.52,0.90,0.95,1.35,1.77,0.80,1.02,0.87,0.80,0.87,0.90,0.90,0.70,0.85,0.85,0.60,0.77,0.70,0.85,0.83,0.90,0.80,0.57,0.80,0.90,0.97,0.45,0.25,0.68,0.95,0.87,1.10,0.70,0.70,1.00,1.20,0.45,0.80,0.35,0.50,0.55,0.55,0.63,0.55,0.50,0.75,0.60,0.80,0.25,0.65,0.45,0.55,0.40,0.40,0.45,0.97,0.37,1.20,0.50,0.50,1.80,0.40,0.40,0.20,1.20,0.65,0.60,0.60,1.90,0.50,0.60,0.80,0.60,0.50,0.50,0.70,1.10,0.50,0.35,0.50,1.80,0.85,2.45,0.90,0.60,1.50,1.50,0.90,1.50,1.20,0.70,2.30,2.40,
20201209,15,CO_24h,0.72,1.03,1.26,0.97,1.44,1.10,1.02,0.93,1.80,0.90,1.20,0.93,1.10,2.04,1.59,1.26,0.77,0.79,0.81,0.56,0.86,0.59,0.63,0.72,0.99,0.53,0.69,0.73,0.53,0.80,0.40,0.43,0.70,0.93,0.75,0.47,0.77,0.67,0.67,0.57,0.60,0.90,1.07,1.07,1.02,0.80,0.67,1.21,1.00,0.74,1.14,1.18,1.23,0.87,0.77,0.88,0.80,0.77,0.93,0.78,0.82,0.60,0.93,0.77,0.79,0.76,0.90,0.82,1.08,1.24,0.98,1.05,1.46,2.33,1.23,1.03,2.18,0.94,1.00,1.33,1.23,1.33,0.53,0.90,1.00,0.93,1.23,1.17,0.76,0.82,0.94,0.87,0.90,1.10,0.73,0.82,0.88,0.70,0.82,0.97,0.80,0.83,0.80,0.80,1.10,0.80,0.97,0.90,1.23,0.93,1.12,1.32,2.12,1.32,2.13,1.20,1.17,1.35,1.80,0.88,0.60,1.16,0.70,0.83,0.73,0.99,0.87,1.15,1.27,0.90,1.22,1.20,1.06,1.20,1.16,1.42,0.97,0.90,1.07,1.02,0.55,0.77,0.88,1.90,0.87,0.80,0.75,0.86,0.72,0.60,1.10,1.30,1.63,0.86,1.63,0.95,0.65,2.07,0.92,0.83,0.75,1.20,1.40,0.90,1.15,1.20,1.15,,1.15,0.85,0.60,0.75,1.55,0.65,0.80,0.73,0.50,0.50,1.05,0.77,0.75,1.00,0.85,0.60,1.20,0.80,0.95,0.90,,1.15,1.15,0.45,1.12,1.00,2.02,1.73,1.13,1.03,0.93,0.60,0.35,0.75,0.65,0.53,0.55,0.50,1.22,1.10,1.32,1.68,0.80,1.20,1.20,1.80,0.80,0.50,0.70,1.13,0.73,0.50,0.65,0.40,1.30,0.35,0.50,0.55,0.58,0.76,0.67,1.10,1.18,0.93,0.75,0.77,0.63,1.08,0.85,1.10,0.77,0.70,0.57,0.53,0.60,0.65,0.85,1.27,0.97,0.82,1.35,0.83,1.20,1.03,1.10,1.05,0.93,0.95,1.40,1.23,1.32,0.82,1.03,1.02,1.07,1.13,1.13,1.10,0.95,0.85,1.13,1.10,0.45,1.38,1.02,1.60,0.90,0.90,1.58,1.20,0.85,1.15,0.73,1.07,0.87,0.95,1.00,0.75,0.95,0.80,0.75,0.87,0.67,0.82,0.90,1.03,0.92,0.60,0.93,0.83,0.88,0.60,0.45,1.00,1.10,0.93,1.05,0.80,0.85,0.95,1.00,0.55,1.90,0.55,0.55,0.70,0.85,0.73,0.70,0.70,0.75,0.80,0.90,0.55,1.10,0.75,1.25,1.30,0.50,0.65,1.03,1.03,0.95,1.05,0.55,1.25,0.85,0.60,0.55,0.75,0.95,0.50,0.70,1.45,0.70,1.00,0.70,0.50,0.70,0.70,1.20,0.70,0.60,0.65,1.05,2.80,0.90,2.60,1.00,0.95,1.30,2.47,1.75,1.23,1.70,0.90,2.30,2.60,
20201209,16,AQI,73,123,128,93,108,140,108,63,79,96,151,167,126,94,108,100,119,50,93,35,58,41,46,40,90,63,55,56,64,56,73,49,60,72,31,33,57,55,36,30,26,66,88,71,126,34,26,119,121,49,164,116,154,53,54,71,61,66,71,74,56,49,56,65,49,68,25,27,37,108,43,73,95,284,167,166,76,46,109,59,80,95,31,81,174,125,163,141,89,71,85,98,109,74,50,150,39,33,64,55,46,50,51,64,36,43,55,44,23,136,56,83,170,68,53,140,121,94,76,50,51,98,51,96,71,111,144,160,242,144,179,157,179,124,104,136,63,51,85,61,41,36,88,46,55,65,59,54,19,27,121,99,75,76,98,55,91,59,143,80,138,125,81,70,57,93,80,,106,105,51,21,52,48,41,49,43,37,63,57,56,59,64,34,83,81,62,47,,134,193,40,93,49,75,135,114,54,49,58,24,60,55,40,22,26,66,144,100,55,58,46,47,48,60,52,44,65,68,53,32,53,55,53,118,20,81,124,95,103,134,53,74,133,105,104,106,131,96,46,50,31,29,40,55,109,78,89,51,99,83,93,90,138,159,217,222,231,234,141,157,84,139,239,113,209,103,79,69,143,37,123,93,173,53,66,61,131,58,51,71,59,58,59,53,58,56,69,58,31,39,64,73,63,46,45,58,39,70,18,26,44,51,31,48,22,21,30,33,23,64,26,28,30,22,33,42,28,28,38,58,25,20,24,26,27,27,21,85,46,196,76,53,73,41,43,38,83,42,35,34,36,41,55,49,27,25,12,32,51,24,30,29,94,70,258,93,64,104,131,65,99,43,20,362,325,
20201209,16,PM2.5,53,93,97,69,81,107,81,44,48,72,116,127,96,70,81,75,90,31,69,16,34,28,32,28,67,35,26,38,43,39,53,34,43,45,16,20,33,34,18,15,7,43,65,45,96,14,11,90,92,22,125,88,118,35,37,52,38,48,52,54,38,34,36,47,25,49,16,10,24,81,20,53,71,234,127,126,49,18,82,38,59,71,13,55,132,95,124,108,66,51,63,73,82,48,35,115,27,16,46,36,32,35,34,45,25,28,39,31,11,104,24,61,129,49,25,107,92,70,50,30,18,73,20,72,52,84,110,122,192,110,135,120,135,94,78,104,43,36,63,44,25,25,65,26,39,47,42,38,9,15,92,74,55,56,73,26,68,37,109,59,105,95,60,32,35,69,59,,80,79,23,,31,25,18,27,30,19,45,34,26,42,46,23,59,24,44,29,,102,145,24,69,22,55,103,86,32,14,36,16,9,39,26,8,15,38,110,75,30,27,32,27,22,43,29,16,44,32,29,8,37,39,26,89,6,60,94,71,77,102,34,54,101,79,78,80,100,72,14,28,22,12,24,37,82,57,66,32,74,61,69,67,105,121,167,172,181,184,108,120,62,106,189,85,159,77,58,50,109,17,93,69,131,37,48,44,100,41,24,52,41,40,41,31,30,39,50,32,22,27,46,53,45,26,28,41,27,51,9,7,27,36,22,33,15,9,21,19,8,38,8,14,15,6,21,24,16,11,12,15,7,6,3,5,1,6,11,63,32,147,56,26,50,26,30,17,61,18,18,23,10,21,39,32,,13,7,5,10,17,21,20,59,51,208,69,24,78,100,21,74,30,12,312,275,
20201209,16,PM2.5_24h,39,62,73,55,49,72,68,40,41,67,62,69,50,111,76,51,44,37,53,24,50,28,25,22,52,37,31,41,46,28,34,23,41,42,18,25,25,29,22,30,11,49,47,53,70,14,10,83,66,35,102,89,129,41,45,46,38,46,42,48,44,31,38,50,22,47,23,30,28,97,41,61,87,163,131,129,76,46,46,48,50,61,15,43,68,68,70,72,50,39,53,58,71,37,30,51,44,24,61,55,43,45,45,42,32,42,49,37,21,87,56,88,113,63,76,50,59,45,103,32,18,71,22,66,64,88,88,94,130,75,112,121,134,95,104,123,51,32,49,36,27,38,54,53,39,40,41,41,12,21,103,103,60,90,106,28,34,132,96,55,55,75,65,41,53,70,52,,57,34,20,26,40,29,27,29,29,23,57,36,29,51,53,24,66,60,57,38,,115,125,21,83,63,71,117,56,49,51,39,16,33,42,21,15,52,78,52,49,59,31,37,36,32,29,23,34,66,32,28,20,31,81,22,55,12,54,81,59,61,84,38,57,88,68,68,65,78,64,13,44,37,18,20,28,82,56,67,45,50,62,50,62,77,78,124,149,162,156,89,121,60,127,157,74,162,90,56,48,123,20,98,85,141,42,62,61,80,53,32,39,39,37,45,35,25,40,33,40,34,30,39,47,38,37,36,42,23,43,27,14,43,29,20,55,20,13,25,24,16,58,17,19,24,25,24,25,27,17,22,28,18,19,14,28,41,7,14,61,53,117,125,33,42,62,36,45,40,45,27,16,28,33,67,22,44,22,25,15,11,60,60,55,70,41,213,62,52,71,123,53,68,32,15,285,261,
20201209,16,PM10,81,107,158,119,132,167,134,76,107,116,178,175,155,100,145,145,134,50,87,35,66,41,39,40,98,76,59,61,78,62,54,47,53,93,31,33,63,60,36,30,19,82,107,92,116,34,20,133,133,49,136,107,74,55,58,85,72,78,82,63,62,47,61,63,49,72,25,27,37,97,43,79,123,233,144,135,101,46,110,68,86,120,31,112,201,140,152,128,103,92,110,81,125,97,50,167,38,33,72,59,41,43,51,77,36,43,56,43,23,173,62,85,180,66,55,180,167,98,101,50,51,112,51,64,77,99,153,170,198,171,179,139,153,153,82,70,75,50,80,64,39,34,74,46,38,59,55,54,19,21,101,75,63,80,96,60,103,68,142,94,140,139,102,89,63,113,109,,111,123,51,,53,48,41,49,41,37,67,63,61,63,65,34,116,112,73,47,,132,157,40,108,49,83,139,135,57,49,66,24,69,53,40,16,16,82,137,144,60,66,46,47,48,64,54,44,79,85,55,32,50,45,56,114,20,87,163,116,122,101,55,83,129,104,109,123,124,61,46,50,26,29,40,59,114,94,56,52,75,90,104,91,148,157,204,156,217,241,113,147,96,143,204,99,155,113,97,51,122,37,108,67,148,45,59,62,149,55,51,79,68,65,67,56,66,62,76,65,25,36,43,71,70,46,45,46,38,62,16,26,44,52,22,48,22,21,29,33,18,77,23,28,30,15,33,42,28,19,38,66,16,15,11,12,27,9,21,69,39,160,76,55,95,41,33,38,98,42,35,34,36,41,49,49,,20,12,32,52,23,30,26,137,76,314,108,78,100,147,79,88,,20,370,,
20201209,16,PM10_24h,70,84,126,99,91,127,117,75,83,115,106,108,89,173,115,92,66,55,68,33,82,40,35,41,89,63,58,63,68,48,52,50,56,85,34,44,46,56,43,52,20,96,66,90,83,20,14,112,112,68,135,110,91,66,74,83,67,70,70,62,65,45,66,67,37,68,39,64,54,121,64,82,129,167,146,147,113,76,69,71,64,95,15,77,116,115,107,107,95,75,92,80,106,71,48,87,57,31,82,89,48,54,56,56,45,55,65,58,41,148,121,121,172,108,117,103,100,80,138,48,55,108,44,65,76,101,128,129,156,122,159,128,148,134,136,94,78,39,66,53,41,54,64,80,42,50,63,51,18,36,111,134,75,106,155,59,53,176,123,92,95,121,119,93,92,110,92,,83,66,43,52,67,55,46,45,45,37,72,56,65,76,72,37,126,114,92,63,,155,129,32,122,112,126,155,107,124,83,57,20,68,61,43,27,63,118,92,82,87,54,57,72,89,49,46,49,109,74,45,38,47,131,41,75,31,81,116,103,103,90,54,87,121,93,107,100,95,62,20,51,42,27,26,52,114,99,55,72,80,85,79,90,122,122,144,165,208,206,101,169,86,166,150,96,153,134,88,58,147,37,120,94,160,45,85,89,112,82,58,60,64,58,66,58,46,57,50,87,48,38,43,62,63,52,54,52,28,58,38,44,66,41,22,73,29,20,32,31,25,101,32,36,41,37,35,43,62,27,52,63,28,40,34,46,56,16,25,75,64,114,138,50,69,83,52,75,58,62,40,31,67,56,77,46,75,36,51,42,32,76,70,59,173,71,294,107,115,93,174,117,82,36,19,364,327,
20201209,16,SO2,8,20,25,21,32,36,22,18,49,15,17,18,49,38,33,21,17,17,22,5,10,6,6,13,12,10,7,9,7,9,6,4,7,8,13,7,9,8,6,4,5,10,6,8,9,4,5,11,18,11,12,10,6,8,7,8,10,13,9,13,9,7,8,8,10,6,11,10,5,10,8,14,15,10,9,9,20,12,15,18,18,26,3,32,13,12,31,16,15,18,21,21,25,23,7,20,9,8,10,9,7,9,9,9,8,9,13,15,6,14,13,16,31,28,13,20,23,29,31,17,40,23,12,14,10,8,11,14,13,14,15,13,8,39,11,6,3,11,12,19,5,5,7,26,10,4,3,2,16,8,11,11,7,6,10,24,66,28,6,4,17,14,18,16,14,20,25,,10,23,9,9,13,9,6,93,8,10,13,9,14,10,12,8,5,4,7,8,,6,8,5,16,8,89,14,24,10,7,14,5,4,24,9,8,6,41,22,16,16,17,15,16,15,13,14,8,10,18,13,11,11,9,23,27,20,12,9,7,14,9,7,13,9,5,5,9,7,15,4,16,7,7,8,11,28,54,26,8,17,18,8,15,14,19,6,17,9,9,7,7,16,7,13,11,7,4,13,9,9,8,15,10,3,6,6,6,20,8,8,12,10,17,8,15,7,9,12,11,3,7,5,3,8,5,11,7,6,5,13,8,14,8,21,4,10,7,36,10,6,16,7,4,7,6,11,4,9,6,16,9,7,8,5,4,5,7,8,13,12,19,5,114,16,4,16,7,18,9,7,8,11,6,16,28,17,15,12,8,17,4,7,8,16,11,8,15,6,11,5,12,15,1,8,28,4,
20201209,16,SO2_24h,6,17,18,17,26,22,20,30,28,17,32,22,17,50,24,37,15,20,22,7,9,8,5,15,15,8,9,11,8,8,8,7,8,8,9,7,9,9,8,6,6,8,4,6,10,4,3,9,23,13,14,8,9,10,8,9,10,11,11,13,11,6,12,10,8,7,14,13,6,16,13,22,15,9,8,8,34,18,14,31,32,27,3,33,18,24,39,25,23,16,21,30,27,16,6,29,10,9,24,34,6,9,12,10,9,10,15,20,9,16,48,19,77,53,37,18,27,26,44,18,35,16,10,13,10,7,10,15,13,12,15,13,8,17,13,10,3,10,12,20,6,6,7,27,13,4,3,3,13,8,13,26,10,8,17,24,18,55,6,5,21,18,22,19,22,21,22,,10,22,7,5,10,10,7,14,9,8,13,11,12,11,11,8,5,4,10,8,,6,11,5,17,33,83,20,22,28,12,20,4,9,23,10,11,8,66,19,25,30,18,18,29,20,16,11,14,15,15,14,14,9,10,16,15,26,14,10,9,10,10,6,13,8,6,8,9,8,8,4,13,6,7,4,19,33,40,16,15,18,31,6,13,15,14,12,16,9,8,8,9,13,9,10,10,10,3,13,9,6,7,15,19,3,5,11,13,8,6,16,12,15,12,11,16,8,9,9,12,5,7,5,6,7,7,10,7,5,5,14,7,13,8,20,3,13,6,38,8,6,31,8,4,10,14,10,6,10,6,12,13,8,9,7,7,9,10,8,16,20,18,17,30,13,6,17,7,8,8,8,11,11,9,22,22,18,17,22,31,17,17,6,9,16,8,7,25,8,10,6,21,16,2,3,10,6,
20201209,16,NO2,67,68,77,68,67,53,73,29,65,64,50,59,73,41,42,41,44,46,58,41,66,57,32,28,47,68,62,54,66,46,25,36,38,72,54,28,49,74,34,17,17,55,43,44,71,14,22,45,39,58,40,63,41,36,27,46,39,54,58,33,25,33,24,14,42,45,20,15,26,31,23,41,37,86,48,52,24,15,41,20,51,56,19,56,41,39,69,53,43,59,62,48,56,75,37,72,17,25,16,17,26,16,16,22,22,17,24,26,10,34,24,32,54,39,27,40,44,39,49,32,35,76,27,62,61,40,32,61,41,27,47,50,39,34,46,20,21,16,24,19,16,18,33,29,36,32,30,24,21,11,37,30,19,23,36,15,42,19,39,13,64,38,78,68,52,62,67,,70,72,41,42,64,43,52,66,50,60,59,63,61,46,56,16,60,68,62,29,,34,28,28,28,19,61,40,63,17,7,26,9,8,29,12,6,9,38,44,51,29,45,29,23,13,31,14,39,63,39,23,18,31,28,29,63,17,55,56,46,65,41,22,86,51,44,48,39,58,53,16,37,15,16,23,35,44,48,51,28,46,46,36,36,58,46,32,52,39,58,31,32,59,31,52,54,48,34,46,44,36,39,40,34,25,35,38,20,56,24,15,19,17,24,20,12,17,21,18,13,33,21,28,38,49,24,24,30,31,36,17,17,16,16,18,25,22,23,26,28,6,31,8,13,7,7,10,8,12,9,18,22,6,9,16,4,5,2,5,23,19,49,24,24,41,12,20,16,41,13,13,17,35,17,21,18,25,17,8,2,51,18,12,17,37,28,62,27,14,27,38,22,26,10,4,63,51,
20201209,16,NO2_24h,57,68,64,68,58,55,67,39,53,69,53,57,54,68,51,51,41,42,45,46,53,43,27,46,57,43,42,49,37,25,31,44,41,63,44,33,39,55,52,24,15,55,43,42,64,15,18,47,50,67,57,53,43,48,30,55,48,57,56,34,23,38,37,17,38,47,26,36,41,49,42,45,51,76,56,47,57,36,41,38,59,47,17,59,49,49,65,53,49,51,56,47,47,62,29,55,24,22,24,32,25,17,22,26,23,24,29,45,26,50,52,38,64,58,57,32,42,44,55,33,21,61,23,49,47,37,49,54,55,45,55,48,30,38,40,44,20,16,20,22,16,33,30,52,29,32,35,24,18,24,47,45,54,35,54,22,20,52,43,30,52,47,64,66,56,48,58,,49,49,28,32,51,43,42,39,31,36,40,42,38,50,53,19,54,58,54,48,,42,35,38,34,44,62,48,51,53,20,29,7,15,42,20,9,13,45,33,45,39,39,30,36,27,25,16,29,57,29,19,23,23,53,16,37,21,48,40,46,57,40,23,62,39,54,50,33,55,60,15,27,23,15,18,27,36,45,39,27,44,40,30,42,56,53,43,51,43,49,41,40,52,36,39,50,46,35,45,35,34,26,39,35,35,30,39,27,40,21,30,21,26,24,25,23,22,25,18,26,37,19,23,38,40,24,27,33,26,33,18,34,37,16,15,21,25,15,28,18,13,34,14,17,20,22,13,14,26,19,25,28,12,21,33,26,21,9,10,33,55,30,43,21,41,31,21,31,29,15,20,21,42,25,35,18,24,35,20,24,39,24,24,26,59,36,70,49,43,27,67,40,32,15,17,72,72,
20201209,16,O3,8,19,14,16,20,38,11,61,15,19,33,30,22,64,39,44,43,29,38,61,15,52,80,59,17,11,34,48,8,22,46,55,33,25,57,82,51,29,72,79,82,22,37,32,4,75,83,7,43,31,48,7,13,90,92,101,74,68,92,100,90,66,105,118,15,18,8,80,69,36,74,61,64,34,10,6,57,81,55,42,40,31,74,16,44,29,15,28,41,30,8,11,19,4,40,11,90,70,110,99,65,85,80,96,75,80,84,66,72,24,63,66,35,63,66,39,39,35,35,58,23,18,48,9,11,7,51,22,39,42,37,27,37,31,21,57,43,66,125,66,132,47,19,80,5,15,29,39,19,86,33,45,87,70,41,73,68,82,38,70,12,57,6,12,21,11,9,,9,8,36,27,24,71,46,34,47,44,24,38,34,48,27,97,26,13,26,54,,44,30,74,71,63,50,50,20,66,82,69,59,78,58,69,69,84,41,39,37,58,34,43,47,56,57,62,37,33,31,56,63,55,62,29,24,51,23,15,15,11,19,49,19,8,25,27,15,7,42,76,33,58,64,59,12,17,9,36,70,22,18,10,42,25,37,27,24,31,20,22,46,9,40,12,9,16,16,12,17,37,10,18,43,52,17,41,42,20,45,94,125,126,114,134,73,79,40,106,116,21,18,13,19,13,27,45,25,19,20,57,45,94,46,16,22,20,16,23,,75,57,84,68,73,69,64,57,50,90,70,54,80,65,76,83,75,85,68,28,76,34,54,68,36,79,80,67,76,67,75,51,59,82,84,87,85,79,,57,86,77,80,79,54,59,49,56,70,,32,70,54,72,37,21,38,
20201209,16,O3_24h,20,45,25,33,44,42,23,63,33,28,40,32,39,67,40,44,55,52,57,80,37,65,89,65,32,51,60,72,47,58,49,66,40,38,75,89,69,49,81,87,95,29,38,35,11,79,88,16,56,45,49,11,23,106,111,121,95,108,107,110,101,91,105,125,29,30,33,82,77,42,81,78,71,38,17,11,54,81,61,56,47,49,86,38,46,50,45,53,54,46,44,42,43,39,56,53,104,76,116,111,67,88,80,105,94,80,87,77,79,33,67,68,37,68,73,56,50,44,52,68,46,38,60,28,32,18,45,40,38,42,37,29,72,69,23,59,44,75,125,76,132,48,43,92,31,40,43,53,37,86,48,53,87,71,42,74,78,82,49,70,37,76,30,44,60,34,46,,49,51,56,52,65,79,63,77,80,81,47,75,57,70,38,101,36,23,114,59,,44,31,74,75,73,48,50,24,66,83,73,65,78,60,75,76,94,61,52,45,63,57,65,62,65,62,70,58,48,47,67,64,68,74,38,51,46,66,43,42,27,25,53,46,48,43,44,52,17,45,81,36,61,69,63,18,30,16,40,72,34,22,29,43,38,37,36,25,33,73,33,46,29,78,70,14,64,20,18,22,56,24,27,44,55,25,50,48,40,49,94,125,127,115,134,73,79,63,106,116,27,47,41,33,24,32,48,31,19,51,66,50,94,46,40,42,24,21,36,47,82,87,91,69,87,73,82,60,79,98,75,60,95,79,76,84,71,87,70,40,78,67,68,79,39,79,80,67,79,72,76,51,85,83,90,87,85,82,80,57,89,78,81,81,63,62,44,56,70,,43,73,57,72,37,39,38,
20201209,16,O3_8h,11,17,12,19,31,21,12,39,22,13,20,21,22,33,24,31,46,38,44,56,24,49,68,50,9,22,47,47,20,37,35,36,28,27,53,71,54,37,60,76,78,21,29,27,6,70,78,7,44,24,23,8,9,62,61,66,51,44,59,60,64,55,66,99,15,10,11,51,45,22,62,49,38,23,9,7,29,72,49,42,35,37,75,16,26,26,10,36,33,26,13,13,29,5,40,7,62,56,82,76,40,60,56,73,63,51,58,38,46,17,50,44,21,45,57,41,36,35,33,57,32,25,49,18,15,7,29,25,16,23,20,18,39,15,11,32,29,62,76,54,106,24,15,38,7,14,17,36,19,63,20,29,49,38,27,45,64,49,28,33,13,60,14,13,21,10,11,,10,19,34,28,20,65,43,54,60,53,28,48,48,43,31,82,25,18,28,43,,21,20,40,51,58,22,27,16,39,78,59,61,65,39,63,68,78,38,37,35,47,44,51,43,41,49,55,36,38,36,59,43,59,54,30,41,31,25,18,16,13,15,37,23,12,23,25,16,6,33,75,31,44,60,57,11,18,11,23,52,21,16,11,31,24,21,19,14,18,16,20,21,13,36,8,10,10,11,12,13,18,13,12,30,35,15,29,34,20,40,61,79,83,72,83,43,47,34,66,73,16,14,13,13,7,17,34,16,9,13,40,31,46,36,18,23,14,12,20,7,47,42,68,52,48,45,53,43,29,70,40,29,70,51,44,53,37,68,49,16,55,41,39,58,21,57,59,61,63,64,63,21,58,63,60,59,69,60,43,35,75,67,65,70,30,41,30,38,33,,17,33,45,54,20,12,27,
20201209,16,O3_8h_24h,12,17,12,19,31,21,12,39,22,13,20,21,22,33,24,32,46,38,45,56,34,50,68,50,11,46,47,47,44,51,36,36,28,29,57,71,57,37,60,76,87,21,29,27,6,70,78,7,44,24,23,8,9,62,61,66,51,44,59,60,64,55,66,105,26,10,31,51,45,22,72,60,38,24,9,7,29,72,49,42,35,37,75,17,26,26,10,36,33,27,15,21,32,5,42,9,62,58,82,76,40,60,56,73,68,51,58,38,46,17,50,48,21,45,57,47,37,36,33,57,34,25,50,18,21,14,29,25,16,23,20,22,53,30,11,32,29,62,76,54,106,24,42,38,18,35,17,37,30,63,20,29,49,38,27,45,75,49,31,39,13,60,15,13,21,10,11,,15,40,51,36,21,65,49,55,60,59,37,48,57,43,31,82,25,18,28,43,,21,27,40,51,58,22,27,16,39,78,59,61,65,40,64,73,79,38,48,35,47,44,51,43,41,54,55,36,38,37,59,43,61,54,30,41,31,39,36,32,15,16,37,37,30,26,26,32,7,33,75,31,44,60,57,11,18,11,23,52,21,16,12,31,24,21,19,14,18,16,20,21,14,51,30,10,21,11,12,13,18,13,15,30,36,20,34,34,36,40,61,79,83,72,83,43,47,34,66,73,16,20,35,13,9,17,34,16,9,14,40,35,46,36,36,35,14,12,29,13,47,52,73,52,48,45,53,43,29,72,40,29,70,51,44,53,37,77,49,16,55,59,68,76,21,57,62,61,63,64,63,36,58,73,60,70,69,60,43,35,75,67,65,70,30,41,30,38,33,,17,59,46,54,20,12,27,
20201209,16,CO,0.91,1.17,1.43,1.03,1.84,1.22,1.20,0.75,2.40,0.93,1.30,1.13,2.80,1.07,1.53,1.03,1.02,0.73,1.07,0.46,0.91,0.60,0.73,0.60,0.87,0.77,0.56,0.58,0.73,0.93,0.48,0.47,0.63,0.80,1.02,0.38,0.67,0.67,0.50,0.40,0.47,0.75,1.05,1.00,1.16,0.54,0.57,1.17,0.95,0.63,1.10,1.44,1.24,0.85,0.70,0.78,0.73,0.70,0.90,0.78,0.78,0.53,0.80,0.72,0.95,0.67,0.96,0.50,0.70,0.84,0.57,0.85,1.00,3.03,1.32,1.08,0.82,0.48,1.23,0.88,1.27,1.25,0.43,0.73,1.17,0.93,1.70,1.18,0.73,0.93,1.06,0.93,0.90,1.90,0.73,1.38,0.82,0.68,0.68,0.67,0.70,0.83,0.80,0.70,0.85,0.65,0.93,0.65,0.60,0.83,0.48,1.06,2.47,0.82,0.65,1.30,1.23,1.25,1.08,0.75,0.70,1.10,0.68,1.00,0.68,0.94,1.17,1.23,1.37,1.25,1.22,1.33,1.04,1.15,1.04,1.15,0.90,1.00,0.93,1.00,0.55,0.68,0.88,1.14,0.83,0.90,0.73,0.80,0.80,0.25,0.87,0.87,0.63,0.53,0.90,0.60,2.00,0.70,0.90,0.50,1.40,1.20,0.90,0.75,0.95,1.30,1.45,,1.45,1.45,0.60,0.60,1.15,0.65,0.65,0.67,0.50,0.60,1.15,0.63,0.60,0.70,0.60,0.70,1.00,0.70,0.70,0.70,,1.03,1.18,0.45,1.20,0.53,1.45,1.10,1.27,0.47,0.50,0.47,0.35,0.55,0.55,0.43,0.35,0.40,0.80,1.48,1.23,0.88,1.23,1.35,0.55,1.30,0.90,0.35,0.57,0.70,0.70,0.63,0.65,0.63,0.65,0.55,1.00,0.45,0.68,0.95,0.63,1.18,1.13,0.80,1.07,0.80,0.80,1.13,0.95,1.10,0.70,0.60,0.67,0.57,0.53,0.75,0.82,1.48,1.20,0.80,1.35,0.82,1.17,1.03,1.03,1.10,1.20,0.95,1.47,1.25,1.30,0.80,0.93,1.14,0.95,1.20,1.67,1.13,0.90,0.95,1.10,1.00,0.20,1.34,1.05,1.52,0.90,0.90,1.30,2.03,0.80,0.95,0.77,0.70,1.03,0.90,0.85,0.75,0.85,0.80,0.60,0.77,0.73,0.85,0.87,0.90,0.77,0.55,0.83,0.87,1.00,0.55,0.25,0.48,0.98,0.87,1.05,0.70,0.75,0.90,1.20,0.45,1.00,0.35,0.45,0.55,0.55,0.63,0.55,0.50,0.70,0.55,0.80,0.20,0.60,0.45,0.45,0.40,0.40,0.55,0.97,0.45,1.20,0.50,0.45,1.30,0.35,0.45,0.30,1.20,0.65,0.65,0.50,1.35,0.60,0.60,0.70,0.60,0.50,0.60,0.70,0.50,0.50,0.35,0.50,1.90,1.40,2.40,0.70,0.40,2.00,1.40,0.85,1.45,1.20,0.70,2.00,2.40,
20201209,16,CO_24h,0.73,1.04,1.26,1.02,1.50,1.13,1.02,0.93,1.82,0.97,1.23,1.00,1.22,2.02,1.60,1.28,0.81,0.79,0.79,0.56,0.86,0.59,0.63,0.72,0.99,0.53,0.67,0.73,0.53,0.80,0.40,0.43,0.68,0.92,0.76,0.47,0.70,0.67,0.67,0.53,0.57,0.87,1.07,1.07,1.02,0.80,0.67,1.20,1.01,0.74,1.13,1.22,1.23,0.87,0.76,0.88,0.81,0.77,0.93,0.78,0.80,0.60,0.93,0.77,0.81,0.76,0.90,0.80,1.08,1.23,0.93,1.00,1.46,2.35,1.25,1.03,2.18,0.90,1.00,1.35,1.27,1.33,0.53,0.90,1.03,0.93,1.23,1.18,0.76,0.82,1.00,0.87,0.90,1.17,0.73,0.85,0.88,0.70,0.82,0.97,0.80,0.83,0.80,0.80,1.10,0.75,0.97,0.90,1.23,0.93,1.12,1.32,2.15,1.30,2.05,1.20,1.20,1.37,1.80,0.88,0.62,1.16,0.72,0.83,0.73,0.97,0.95,1.15,1.30,0.93,1.25,1.20,1.08,1.20,1.16,1.40,0.97,0.90,1.03,1.02,0.55,0.77,0.88,1.92,0.87,0.80,0.75,0.86,0.72,0.55,1.10,1.27,1.63,0.83,1.60,0.90,0.65,2.03,0.92,0.83,0.85,1.20,1.40,0.90,1.15,1.25,1.20,,1.15,0.85,0.60,0.75,1.60,0.65,0.80,0.73,0.50,0.50,1.05,0.77,0.70,0.95,0.80,0.60,1.20,0.80,0.85,0.80,,1.15,1.15,0.45,1.12,1.00,2.02,1.73,1.13,1.00,0.87,0.60,0.35,0.65,0.65,0.53,0.55,0.50,1.24,1.10,1.32,1.68,0.87,1.20,1.20,1.80,0.80,0.50,0.73,1.10,0.73,0.50,0.65,0.40,1.30,0.35,0.50,0.60,0.57,0.76,0.67,1.10,1.18,0.93,0.80,0.73,0.63,1.08,0.85,1.10,0.77,0.70,0.60,0.53,0.60,0.65,0.82,1.25,0.97,0.82,1.38,0.85,1.20,1.03,1.10,1.05,0.93,0.95,1.40,1.23,1.32,0.82,1.03,1.04,1.05,1.13,1.17,1.10,0.95,0.85,1.13,1.13,0.45,1.40,1.05,1.63,0.93,0.92,1.58,1.20,0.85,1.15,0.73,1.03,0.87,0.95,1.00,0.75,0.95,0.80,0.75,0.83,0.67,0.82,0.93,1.03,0.90,0.60,0.93,0.83,0.88,0.60,0.45,1.00,1.08,0.93,1.05,0.80,0.80,0.95,1.00,0.55,1.90,0.55,0.55,0.70,0.85,0.73,0.70,0.70,0.75,0.75,0.90,0.55,1.10,0.75,1.25,1.80,0.50,0.65,1.03,1.07,0.95,1.00,0.50,1.30,0.85,0.60,0.55,0.75,0.90,0.50,0.70,1.45,0.70,0.90,0.70,0.60,0.70,0.70,1.20,0.70,0.60,0.60,1.05,2.85,0.95,2.60,1.00,0.95,1.30,2.50,1.75,1.27,1.70,0.90,2.30,2.60,
20201209,17,AQI,78,125,125,105,109,145,111,66,88,99,160,184,174,70,105,118,125,56,105,39,62,49,49,55,86,65,59,59,65,60,85,50,59,75,35,37,60,60,47,33,24,70,63,72,126,35,25,113,115,54,156,121,140,53,58,69,62,68,71,75,59,53,55,65,52,69,24,40,28,104,51,66,101,269,151,169,78,39,109,62,99,106,32,80,173,124,153,144,104,78,96,91,111,74,57,167,43,32,61,53,47,50,51,66,37,46,54,46,30,143,53,79,157,69,46,138,135,98,87,58,60,128,57,99,70,101,149,160,245,159,176,157,187,93,90,139,52,56,79,56,40,33,74,48,56,66,58,53,17,33,111,100,74,74,94,52,81,57,141,69,135,120,70,72,62,99,85,,110,103,52,65,56,49,38,52,53,40,66,64,57,58,70,39,86,82,66,48,,131,217,40,89,51,105,133,108,56,52,66,27,53,91,44,23,26,73,143,101,79,72,56,43,62,65,53,84,94,66,43,35,55,54,69,123,23,85,136,93,96,134,48,85,136,111,106,114,131,96,36,46,34,33,39,54,121,76,98,54,101,85,98,83,154,164,222,215,222,238,144,144,86,135,238,113,190,103,84,66,135,49,110,85,166,55,61,59,141,55,51,74,64,61,61,53,55,59,81,54,23,38,69,69,60,46,41,51,45,69,36,27,42,55,27,45,24,23,30,28,23,73,44,36,26,21,41,46,34,27,35,57,25,30,23,26,22,26,28,90,58,170,75,46,78,46,41,39,94,39,38,34,36,42,54,46,25,28,22,31,36,26,36,29,98,76,256,81,37,126,138,62,99,29,36,299,323,
20201209,17,PM2.5,57,95,95,79,82,111,84,48,56,74,122,139,132,51,79,89,95,40,79,16,38,28,34,39,64,41,27,41,43,39,63,32,42,46,17,21,36,33,24,18,10,42,43,48,96,15,12,85,87,25,119,92,107,33,40,50,38,49,52,55,37,37,34,47,29,50,16,8,16,78,30,48,76,219,116,128,31,15,82,44,74,80,14,59,131,94,117,110,78,57,72,68,84,52,39,127,30,16,44,37,33,35,36,48,26,32,38,32,12,109,23,58,120,50,22,105,103,73,64,41,21,97,25,74,51,76,114,122,195,121,133,120,141,69,67,106,34,38,58,40,25,23,54,29,35,48,41,37,12,11,84,75,54,54,70,23,60,38,108,42,103,91,45,41,39,74,63,,83,77,23,33,39,28,18,29,33,17,48,42,27,41,51,25,58,29,48,28,,100,167,21,66,31,79,101,81,32,20,44,15,10,68,31,9,17,53,109,76,58,40,40,30,35,47,28,62,70,36,29,17,39,37,40,93,10,63,104,69,72,102,25,63,104,84,80,86,100,72,14,27,21,13,24,33,92,56,73,31,76,63,73,61,118,125,172,165,172,188,110,110,64,103,188,85,143,77,62,48,103,17,83,63,126,39,44,42,108,39,28,54,46,42,39,31,39,42,60,32,16,26,50,50,40,27,29,36,31,50,10,9,24,39,19,29,16,13,21,18,10,30,14,12,13,7,21,21,14,14,11,28,7,3,3,2,1,5,11,67,41,129,55,28,57,30,29,18,70,23,22,24,13,24,38,29,,13,6,6,13,17,21,20,62,56,206,60,26,96,105,26,74,20,25,249,273,
20201209,17,PM2.5_24h,40,64,74,58,51,76,68,41,42,68,66,74,54,108,77,54,47,37,54,24,50,28,24,23,53,35,31,41,44,26,36,23,40,42,18,25,26,29,22,29,11,48,47,53,71,14,10,83,69,34,103,89,128,41,45,47,38,46,42,49,44,31,38,50,23,48,23,30,28,97,40,60,88,165,131,129,75,45,48,49,52,63,15,45,72,70,74,75,51,41,55,57,74,38,31,56,44,24,60,55,42,45,45,43,33,41,48,36,21,88,55,87,116,63,75,52,62,46,105,32,19,73,22,67,64,88,90,98,133,78,114,122,136,93,102,123,51,32,49,37,27,38,54,53,39,41,42,40,12,21,103,103,60,88,105,28,35,130,97,54,58,76,66,41,53,72,54,,60,36,20,27,41,29,26,28,28,22,55,35,29,51,53,23,66,57,56,36,,115,125,21,83,62,73,117,58,49,49,40,16,31,43,21,15,50,79,54,50,60,32,38,36,33,30,23,35,68,32,28,20,32,81,23,57,12,54,83,59,61,85,37,57,87,69,67,66,79,64,13,43,36,17,20,28,83,56,67,45,52,62,51,63,79,81,127,151,163,157,89,121,61,122,158,75,161,89,57,49,122,20,98,85,142,41,62,61,82,52,32,40,40,38,45,35,25,41,34,40,33,30,39,48,38,36,36,42,23,44,27,15,43,29,19,55,19,13,24,24,16,58,17,19,25,24,24,25,27,17,22,29,18,18,14,28,40,7,14,62,53,120,122,32,43,61,37,43,39,44,27,17,27,34,66,23,46,23,25,15,11,57,55,54,70,42,211,61,51,72,123,53,69,32,16,283,261,
20201209,17,PM10,98,113,162,124,137,172,141,73,126,122,185,188,191,86,148,154,135,61,88,39,73,49,36,43,97,80,68,67,80,69,64,50,64,99,35,37,69,69,47,33,21,89,76,94,115,35,20,126,132,57,122,115,66,55,65,85,74,80,82,65,67,51,60,65,53,76,24,40,28,92,51,60,106,293,122,141,106,39,110,74,86,123,32,98,201,140,142,137,116,106,110,74,130,97,64,170,39,32,56,55,43,45,52,62,37,42,55,41,30,166,56,76,171,67,46,184,167,96,124,64,70,148,64,74,77,93,151,172,215,182,185,129,161,125,65,65,54,62,87,57,38,29,70,48,62,55,54,50,14,33,88,82,61,77,94,54,99,64,140,87,148,138,90,93,74,121,112,,113,126,53,80,62,49,38,53,56,33,74,78,64,65,71,39,122,113,82,48,,131,183,40,95,51,115,138,117,61,53,82,27,55,55,41,23,22,96,127,138,71,93,58,43,74,62,55,63,93,82,43,35,49,57,88,123,23,97,154,115,116,95,48,94,133,106,109,128,122,60,36,46,34,33,39,57,141,101,80,57,83,90,113,95,153,159,201,161,209,235,114,145,101,146,193,106,154,110,101,48,132,49,104,75,139,48,56,66,167,57,51,82,61,71,71,55,55,62,77,57,23,38,45,67,69,46,40,42,45,60,36,27,42,52,20,45,24,23,28,26,23,96,44,36,26,17,41,46,34,25,35,64,20,30,9,5,22,8,28,76,42,155,72,46,88,46,31,39,113,39,38,29,36,42,47,46,,28,8,31,36,26,36,26,146,91,323,91,37,114,134,74,86,,20,291,,
20201209,17,PM10_24h,71,86,129,103,95,132,117,75,85,116,111,114,95,169,117,96,70,56,68,32,82,40,34,42,88,61,58,62,66,47,53,50,55,85,34,44,47,56,42,50,20,96,67,92,85,21,14,112,115,68,135,110,90,67,74,83,68,71,71,63,64,46,66,67,38,70,38,66,53,120,63,81,129,173,146,146,114,74,70,73,66,98,16,79,122,118,111,110,96,78,95,79,109,73,49,92,57,31,82,89,48,54,56,57,45,54,64,58,41,150,120,120,174,107,115,107,105,81,141,49,56,110,45,66,76,101,130,133,160,126,162,128,150,130,132,93,77,40,67,54,41,53,64,79,44,50,62,51,18,36,111,132,74,104,152,59,56,171,126,91,99,122,120,94,94,113,94,,87,70,43,53,68,54,45,44,44,36,72,56,64,75,72,36,126,113,90,61,,155,129,33,121,109,127,155,109,122,80,59,20,66,62,42,27,61,121,95,85,88,57,58,71,90,50,47,51,111,75,45,38,48,130,42,78,31,82,118,103,103,91,54,88,121,94,106,101,96,61,21,51,42,26,25,52,115,100,56,72,81,85,81,92,124,124,148,166,209,207,102,168,88,166,152,97,152,133,89,58,147,37,121,94,160,46,85,88,114,80,57,60,64,58,67,59,47,57,50,87,46,38,42,64,63,51,53,51,29,58,39,44,66,41,22,73,29,20,32,31,25,102,33,36,41,37,35,43,62,27,52,63,28,40,33,45,54,16,24,76,64,118,134,50,71,82,52,73,58,60,41,31,66,57,76,48,76,36,51,42,32,72,66,59,172,73,295,107,111,94,173,116,84,33,19,362,326,
20201209,17,SO2,7,19,29,21,28,25,22,16,40,14,15,17,44,27,32,22,17,25,23,5,11,6,6,12,11,9,8,9,7,8,6,4,6,7,13,7,9,8,6,4,5,9,9,7,9,4,5,10,20,11,11,10,7,8,7,8,10,11,8,12,9,8,7,8,10,6,10,10,5,10,7,16,13,9,7,9,17,12,13,21,16,30,3,26,13,12,27,17,13,18,19,16,27,22,8,17,9,8,8,10,6,8,9,12,8,10,12,12,7,11,12,15,27,27,15,20,25,32,49,16,42,25,13,16,12,8,12,12,13,11,13,11,8,53,9,6,3,11,12,19,5,5,7,27,10,4,3,2,21,7,10,10,6,6,9,17,59,22,6,5,15,14,16,18,14,27,26,,10,24,9,9,11,10,6,163,11,8,13,11,15,13,12,7,6,4,8,7,,5,8,6,16,9,92,13,25,10,7,13,6,5,24,8,6,5,44,21,16,21,16,16,14,13,14,12,12,16,17,13,12,11,9,18,17,24,11,8,6,8,8,7,12,8,5,5,7,9,14,4,16,8,7,5,26,24,55,25,7,14,19,7,25,19,17,6,16,11,8,7,6,14,6,12,8,5,3,11,8,9,6,11,9,3,6,6,6,13,7,8,12,10,16,11,13,8,9,12,11,2,8,5,3,7,5,11,7,5,5,14,7,11,9,20,3,9,8,15,7,6,10,9,4,8,7,7,6,9,6,8,13,6,8,6,3,7,9,8,19,11,12,4,85,13,4,16,7,16,11,7,10,12,6,14,39,16,,,19,16,5,9,8,24,10,7,15,5,11,5,11,15,3,10,24,4,
20201209,17,SO2_24h,6,18,18,17,26,23,19,30,28,17,32,23,19,49,24,36,15,21,22,7,9,8,5,15,15,8,9,11,8,8,7,7,8,8,10,7,9,10,8,6,6,8,4,6,10,4,4,9,23,13,13,8,8,10,8,9,10,11,11,13,11,6,12,10,8,7,13,13,6,16,13,21,15,9,8,8,34,18,14,30,32,26,3,33,18,23,39,26,23,16,21,30,26,17,6,29,10,9,24,34,6,9,12,10,9,10,15,20,9,15,45,19,74,53,36,18,27,26,45,18,36,17,10,13,10,7,10,15,13,12,15,13,8,19,13,9,3,10,12,20,6,6,7,26,13,4,3,3,13,8,12,25,10,8,16,25,20,54,6,5,21,18,22,19,22,21,23,,10,22,8,6,10,10,7,20,9,8,13,11,12,11,11,8,5,4,10,8,,6,10,5,17,32,85,20,22,27,12,20,4,8,23,10,11,8,66,19,25,30,19,18,29,20,15,11,14,15,15,14,14,8,10,16,16,26,14,10,9,10,10,6,13,8,6,8,9,8,8,4,13,7,8,4,19,33,41,17,15,18,30,6,13,15,14,12,15,9,8,8,8,13,8,10,11,10,3,13,9,6,7,16,18,3,5,11,13,8,6,16,12,15,12,11,16,8,9,10,12,5,7,5,6,7,7,10,7,5,5,14,7,13,8,20,3,11,6,38,8,6,31,8,4,10,14,10,6,10,6,12,13,8,9,7,7,9,10,8,17,20,18,16,32,14,6,17,7,8,8,8,11,11,9,21,23,18,17,22,31,17,17,6,9,16,7,7,24,8,10,6,22,16,2,3,11,6,
20201209,17,NO2,73,80,82,75,77,56,79,37,68,72,62,69,87,37,51,51,49,61,63,50,73,71,45,31,47,69,76,77,69,43,32,33,42,83,63,38,71,88,45,21,19,69,55,51,73,16,24,45,46,62,46,62,43,41,34,50,46,59,67,38,29,42,25,15,45,51,20,18,22,34,30,41,39,86,47,52,30,18,46,28,63,62,20,54,49,45,68,60,46,64,64,48,56,75,44,74,19,29,18,23,32,18,22,23,23,22,28,29,12,37,24,34,55,45,34,47,47,41,60,42,50,84,36,66,65,43,38,67,48,50,49,54,41,35,47,19,27,18,28,19,15,24,36,32,36,30,35,28,23,17,37,36,25,24,39,16,36,23,39,13,61,44,71,71,58,71,69,,74,75,43,49,74,62,64,87,71,79,67,94,70,63,74,18,73,73,73,37,,36,33,33,31,26,85,41,69,22,8,33,12,9,43,17,7,9,53,52,56,55,55,37,25,16,47,14,60,86,43,30,22,33,37,27,55,25,61,59,47,67,42,31,92,55,52,49,45,57,58,20,39,18,21,21,37,46,51,48,35,42,45,38,42,69,54,38,50,38,49,35,36,61,40,53,56,45,32,51,44,42,45,38,41,20,37,41,25,53,25,17,20,18,31,25,13,22,26,19,15,36,25,30,41,50,27,32,29,35,36,29,21,20,20,18,28,27,29,28,16,5,25,14,16,7,7,12,9,11,13,15,21,6,3,17,5,4,3,6,30,29,35,17,22,47,14,21,18,49,19,14,19,42,21,22,28,29,18,,6,36,15,12,20,43,33,68,21,17,21,47,18,27,,9,65,50,
20201209,17,NO2_24h,59,69,65,70,59,56,68,39,53,69,54,58,56,67,51,51,41,42,45,47,54,44,28,45,56,45,43,49,38,25,31,44,41,63,45,33,39,56,51,23,15,56,44,42,65,15,18,46,50,67,57,53,43,48,30,56,49,57,57,35,23,38,37,17,38,47,25,34,41,48,41,44,51,77,56,47,57,34,41,37,60,48,17,59,49,50,66,53,49,52,57,47,48,64,30,57,25,22,24,31,26,17,22,26,23,23,29,45,26,49,51,38,64,58,54,32,42,43,55,33,22,61,23,50,48,37,49,55,54,46,55,48,31,38,40,43,21,16,20,22,16,33,30,52,29,31,35,24,18,24,47,45,52,34,54,23,21,50,43,30,53,47,66,67,58,50,59,,50,51,29,33,54,43,43,41,33,38,42,45,38,51,53,19,54,58,54,47,,41,35,37,34,43,63,48,52,51,19,29,7,13,43,19,9,13,46,32,45,41,40,31,35,28,26,16,30,58,30,19,23,24,52,17,38,22,49,41,46,58,41,23,63,40,54,51,33,56,60,15,27,23,15,18,27,36,46,40,27,44,40,31,42,57,53,43,52,43,50,40,39,52,35,40,51,46,35,45,36,35,27,39,36,34,30,39,27,41,21,31,21,27,25,25,23,22,26,18,26,36,20,23,39,40,24,27,33,26,33,18,34,37,16,15,21,25,15,28,18,13,34,14,17,19,22,12,14,26,19,25,28,12,21,33,26,21,9,10,34,54,30,42,21,43,31,21,30,29,15,19,21,42,26,34,18,24,35,21,24,40,23,23,25,59,37,70,48,42,27,66,40,32,15,16,72,71,
20201209,17,O3,4,8,8,8,11,30,6,52,9,9,22,19,10,63,30,34,36,10,35,51,10,39,61,56,15,6,21,27,4,21,39,48,24,11,41,69,29,9,63,75,77,11,26,24,3,76,80,5,35,24,41,7,12,85,89,95,70,73,88,97,88,60,107,119,11,13,8,75,68,36,69,62,61,32,14,5,51,78,50,35,28,27,71,32,32,21,13,26,36,30,5,11,18,3,32,9,83,66,107,94,61,81,74,98,75,72,77,64,77,21,61,64,25,55,59,32,38,32,26,47,10,14,39,5,6,5,44,14,35,23,36,25,29,34,20,58,32,67,125,64,127,42,16,80,4,16,25,34,19,90,39,40,81,71,38,74,68,80,42,70,14,49,5,8,12,5,6,,6,5,34,20,13,42,35,12,31,21,15,12,25,33,11,82,17,7,13,41,,42,32,64,70,56,28,47,10,60,79,59,57,89,40,64,66,84,26,27,31,34,22,35,43,47,43,57,15,19,28,50,60,50,56,25,36,34,22,11,10,10,17,43,17,7,19,25,10,5,37,72,29,56,57,56,9,7,6,8,61,24,11,7,36,16,27,21,23,33,26,18,37,7,29,10,7,19,14,8,15,29,7,18,37,54,16,40,34,19,43,86,129,131,111,132,74,82,60,107,114,17,17,12,13,7,23,43,28,14,24,41,44,86,46,17,24,18,15,19,88,75,37,87,68,76,67,61,57,49,87,61,58,80,80,75,82,69,84,66,22,65,42,55,68,32,79,81,65,65,62,75,48,44,74,83,75,79,75,71,55,86,77,79,76,52,54,45,63,72,,29,72,55,58,30,20,39,
20201209,17,O3_24h,18,41,24,30,44,39,19,63,30,27,35,31,39,75,40,44,55,52,57,78,37,65,89,65,24,49,60,72,46,53,48,65,40,38,75,89,69,49,81,87,95,29,38,35,10,80,88,14,56,42,49,11,23,97,104,111,82,98,94,101,91,80,108,121,29,29,33,85,77,41,81,78,65,34,14,9,55,81,61,56,47,47,86,34,46,39,37,48,46,41,34,33,41,34,55,40,101,76,117,104,67,86,80,99,85,80,87,65,77,26,67,68,37,68,73,56,51,44,52,68,46,38,60,28,32,18,45,40,38,42,37,29,68,56,24,59,44,74,126,76,132,48,43,87,23,37,37,48,35,90,42,53,87,72,42,74,78,82,49,70,31,76,26,28,34,23,28,,35,41,56,52,47,79,61,77,80,77,47,75,57,70,38,101,36,23,39,59,,45,33,74,75,73,48,50,23,66,83,73,65,78,58,75,76,91,60,52,41,63,57,65,62,65,62,70,54,48,47,67,64,68,74,38,51,45,59,42,37,27,25,54,46,40,38,33,44,17,45,81,36,61,69,63,18,30,16,40,72,33,22,28,44,34,37,29,25,34,57,25,47,24,72,62,14,53,18,18,22,46,24,27,44,56,25,49,48,38,49,94,129,131,116,134,74,80,60,107,116,27,38,41,28,23,29,49,32,19,38,62,49,94,48,40,42,21,21,30,88,80,87,87,70,78,73,82,60,79,98,75,58,95,80,76,84,70,87,68,37,78,67,68,79,39,79,81,67,79,72,76,51,71,83,90,87,85,82,80,57,89,78,81,81,57,60,44,63,72,,39,72,59,72,37,39,39,
20201209,17,O3_8h,11,18,12,19,30,24,12,43,21,14,23,22,23,39,27,33,46,37,45,60,23,50,72,52,11,19,45,48,19,35,36,41,29,27,56,75,55,34,65,78,81,22,30,29,6,72,80,7,44,26,27,8,10,69,69,74,57,50,67,69,70,58,76,106,15,11,11,61,51,25,65,57,45,25,10,7,34,75,52,44,37,37,77,17,29,27,10,36,34,28,13,14,28,5,41,7,70,61,90,84,45,67,62,81,67,58,66,45,55,18,56,50,24,51,62,41,37,36,35,58,31,25,50,17,15,7,33,26,20,25,24,20,38,20,13,39,31,63,87,60,112,28,15,46,6,15,19,36,19,71,23,33,59,46,31,54,67,57,30,39,14,60,12,13,21,10,11,,10,16,35,28,20,64,45,53,59,52,26,46,48,46,30,86,26,17,28,46,,25,23,47,57,62,25,32,17,46,79,62,61,69,43,67,68,81,40,38,35,48,42,52,46,46,50,58,36,37,37,59,48,60,57,31,41,35,26,18,17,12,16,40,22,11,25,26,15,7,35,76,31,48,62,59,11,18,11,24,56,23,16,11,33,25,24,21,17,22,18,20,26,13,36,8,11,12,12,12,14,21,13,13,33,40,16,32,36,21,43,68,90,95,83,96,51,54,38,76,84,18,15,12,14,8,19,37,18,11,15,43,33,57,39,17,24,15,13,19,19,56,47,74,59,55,53,59,49,34,77,47,36,75,57,51,61,62,70,54,18,61,42,44,64,24,65,65,62,65,65,65,25,57,70,70,65,73,68,53,41,78,71,69,73,35,45,31,40,43,,19,41,46,56,23,14,30,
20201209,17,O3_8h_24h,12,18,12,19,31,24,12,43,22,14,23,22,23,39,27,34,47,38,45,60,34,52,72,52,12,46,48,49,44,51,36,41,29,29,60,75,57,37,65,78,87,22,30,29,6,72,80,7,45,26,27,8,10,69,69,74,57,50,67,69,70,58,76,107,26,11,31,61,51,25,72,60,45,25,10,7,34,75,52,44,37,38,77,19,29,27,10,36,34,28,15,21,32,5,42,9,70,61,90,84,45,67,62,81,70,58,66,45,55,18,56,52,24,51,62,47,38,37,35,59,34,26,51,18,21,14,33,26,20,25,24,23,53,30,13,39,31,63,87,60,112,28,42,46,18,35,19,37,30,71,23,33,59,46,31,54,75,57,32,41,14,60,15,13,21,10,11,,15,40,51,36,21,65,50,55,60,59,37,48,57,46,31,86,26,18,28,46,,25,27,47,57,62,25,32,17,46,79,62,61,69,43,67,73,81,40,48,35,48,44,52,46,46,54,58,37,39,37,60,48,62,57,31,41,35,39,36,32,15,17,40,37,30,26,26,32,7,35,76,31,48,62,59,11,18,11,24,56,23,16,12,34,25,24,21,17,22,18,20,26,14,47,30,11,21,12,12,14,21,13,16,33,40,20,36,36,36,43,68,90,95,83,96,51,54,38,76,84,18,20,35,14,9,19,37,18,11,15,43,37,57,39,36,35,15,13,29,19,56,54,76,59,55,53,59,49,34,77,47,36,75,57,51,61,62,77,54,18,61,59,68,76,24,65,66,62,65,65,65,36,58,73,70,70,73,68,53,41,78,71,69,73,35,45,31,40,43,,19,59,46,56,23,14,30,
20201209,17,CO,1.00,1.22,1.54,1.08,1.84,1.07,1.22,0.85,2.52,0.90,1.40,1.15,2.80,0.80,1.61,1.12,1.05,0.93,1.04,0.50,0.90,0.62,0.83,0.57,0.90,0.65,0.64,0.75,0.75,0.88,0.56,0.47,0.55,0.83,0.67,0.38,0.73,0.70,0.50,0.47,0.57,0.75,1.05,1.07,1.20,0.64,0.60,1.26,0.97,0.65,1.13,1.44,1.22,0.86,0.71,0.75,0.73,0.73,0.90,0.78,0.80,0.60,0.80,0.72,0.91,0.70,0.94,0.50,0.65,0.75,0.60,0.75,0.92,3.08,1.12,1.10,0.78,0.56,1.25,1.05,1.33,1.38,0.47,0.85,1.20,1.00,1.70,1.32,0.70,1.10,1.13,0.90,0.93,1.77,0.83,1.40,0.80,0.72,0.67,0.73,0.80,0.90,0.85,0.80,0.85,0.75,1.02,0.80,0.67,0.87,0.44,1.05,2.26,0.87,0.78,1.38,1.35,1.30,1.34,0.92,1.02,1.46,0.74,1.17,0.73,1.06,1.20,1.15,1.30,1.50,1.15,1.30,1.06,1.17,1.00,1.15,0.87,0.95,1.00,0.92,0.55,0.70,0.88,1.04,0.93,0.90,0.73,0.88,0.84,0.30,0.80,0.87,0.67,0.54,0.90,0.55,1.55,0.60,0.92,0.43,1.40,1.40,0.80,1.00,0.90,1.60,1.55,,1.55,1.45,0.60,0.60,1.35,0.70,0.70,0.90,0.65,0.50,1.20,0.77,0.60,0.75,0.70,0.60,1.10,0.80,0.70,0.70,,1.02,1.30,0.45,1.08,0.64,1.88,1.07,1.23,0.47,0.47,0.55,0.50,0.50,0.65,0.45,0.60,0.25,0.96,1.50,1.27,1.15,1.33,1.45,0.60,1.40,1.10,0.30,0.90,1.27,0.87,0.57,0.50,0.73,0.70,0.60,1.00,0.55,0.72,0.96,0.60,1.13,1.13,0.85,1.07,0.83,0.87,1.13,0.95,1.15,0.67,0.60,0.67,0.60,0.60,0.65,0.88,1.63,1.23,0.90,1.37,0.80,1.17,1.08,1.10,1.25,1.25,1.00,1.43,1.23,1.24,0.77,0.97,1.12,0.93,1.18,1.70,1.23,0.85,1.00,1.07,1.03,0.45,1.32,0.97,1.50,0.98,0.95,1.35,1.73,0.80,1.00,0.75,0.95,1.03,0.90,0.85,0.80,0.90,0.90,0.60,0.77,0.63,0.85,0.87,0.93,0.77,0.57,0.80,0.90,1.00,0.70,0.30,0.35,0.98,0.87,1.10,0.70,0.75,0.90,,0.45,1.00,0.50,0.50,0.55,0.60,0.67,0.60,0.50,0.70,0.55,0.95,0.25,0.50,0.45,0.45,0.70,0.40,0.50,1.07,0.60,1.05,0.50,0.40,1.10,0.40,0.45,0.30,0.90,0.80,0.50,0.70,1.50,0.70,0.60,0.80,0.60,,0.70,0.70,0.50,0.47,0.40,0.50,1.95,1.50,2.45,0.70,0.40,1.60,1.47,0.85,1.40,1.30,0.70,2.05,2.40,
20201209,17,CO_24h,0.75,1.06,1.30,1.02,1.52,1.13,1.02,0.93,1.85,1.00,1.23,1.00,1.28,1.97,1.60,1.29,0.82,0.80,0.80,0.54,0.86,0.59,0.63,0.72,0.99,0.53,0.65,0.73,0.53,0.80,0.42,0.43,0.68,0.91,0.76,0.47,0.67,0.67,0.67,0.53,0.57,0.87,1.07,1.07,1.03,0.76,0.67,1.21,1.01,0.73,1.13,1.24,1.23,0.87,0.76,0.88,0.81,0.77,0.97,0.78,0.80,0.60,0.93,0.77,0.82,0.76,0.90,0.82,1.07,1.21,0.90,0.95,1.46,2.40,1.25,1.05,2.18,0.86,1.02,1.35,1.27,1.38,0.53,0.93,1.10,0.93,1.33,1.22,0.76,0.85,1.02,0.87,0.90,1.20,0.73,0.93,0.88,0.70,0.82,0.97,0.80,0.83,0.80,0.80,1.10,0.75,0.95,0.90,1.23,0.90,1.12,1.32,2.17,1.30,2.03,1.20,1.20,1.37,1.84,0.88,0.66,1.20,0.76,0.83,0.73,0.97,0.95,1.15,1.30,1.00,1.25,1.23,1.08,1.20,1.16,1.40,0.97,0.90,1.03,1.00,0.55,0.77,0.88,1.92,0.87,0.80,0.75,0.86,0.74,0.55,1.10,1.23,1.60,0.81,1.53,0.90,0.75,2.03,0.92,0.80,0.85,1.30,1.40,0.95,1.20,1.30,1.25,,1.25,0.95,0.60,0.75,1.60,0.65,0.80,0.73,0.50,0.50,1.15,0.77,0.70,0.95,0.80,0.60,1.20,0.80,0.75,0.80,,1.15,1.15,0.45,1.16,0.98,2.02,1.70,1.17,0.97,0.83,0.60,0.35,0.65,0.65,0.53,0.50,0.50,1.26,1.10,1.32,1.70,0.87,1.25,1.20,1.85,0.80,0.45,0.77,1.17,0.73,0.50,0.65,0.47,1.25,0.35,0.55,0.60,0.58,0.76,0.67,1.13,1.18,0.93,0.85,0.73,0.63,1.08,0.85,1.10,0.77,0.67,0.60,0.53,0.60,0.65,0.82,1.30,1.00,0.82,1.38,0.85,1.17,1.03,1.10,1.05,0.95,0.97,1.40,1.23,1.32,0.82,1.03,1.04,1.07,1.13,1.17,1.13,0.95,0.90,1.17,1.13,0.45,1.40,1.05,1.63,0.93,0.92,1.58,1.25,0.85,1.15,0.73,1.03,0.87,0.95,1.00,0.75,0.95,0.80,0.75,0.83,0.67,0.82,0.93,1.00,0.87,0.60,0.93,0.83,0.88,0.65,0.45,1.00,1.08,0.93,1.05,0.80,0.80,0.95,1.10,0.55,1.90,0.55,0.55,0.70,0.85,0.73,0.70,0.70,0.75,0.75,0.95,0.55,1.10,0.75,1.25,1.80,0.50,0.65,1.07,1.07,1.00,0.95,0.50,1.30,0.85,0.60,0.50,0.75,0.85,0.50,0.70,1.50,0.70,0.90,0.70,0.60,0.70,0.70,1.20,0.70,0.60,0.60,1.00,2.85,0.95,2.60,1.00,0.95,1.30,2.50,1.75,1.27,1.70,0.90,2.25,2.60,
20201209,18,AQI,78,130,143,114,128,148,116,68,100,106,171,189,181,59,101,125,126,79,124,44,63,52,48,63,85,67,63,63,67,57,90,54,79,77,41,39,54,70,46,38,24,77,66,78,126,40,25,114,110,55,167,121,121,55,63,70,63,73,71,74,63,56,58,68,53,74,23,34,27,105,51,59,90,307,145,156,83,40,114,75,121,121,38,89,169,125,144,150,111,101,93,91,119,77,63,164,47,32,61,54,55,45,56,75,41,55,56,50,46,145,49,79,148,75,42,141,138,94,111,70,62,149,61,98,71,103,145,171,251,174,186,157,190,94,74,148,60,55,81,57,43,34,60,56,50,65,55,58,23,35,109,121,79,80,100,50,57,73,144,67,129,125,89,77,65,110,94,,123,108,56,67,71,58,43,56,56,45,73,74,60,65,75,43,90,89,69,48,,136,230,37,76,54,131,133,108,57,58,79,30,31,65,53,27,27,109,139,106,116,78,76,39,63,63,56,135,136,68,54,45,61,55,54,123,18,89,141,93,99,140,54,81,135,113,100,114,138,95,37,53,28,32,46,56,129,80,109,53,69,81,103,84,166,171,223,214,218,238,149,148,88,135,237,113,166,103,88,61,149,52,95,85,156,58,60,60,139,55,51,76,64,65,64,55,59,65,86,59,30,43,59,64,59,48,51,53,52,65,51,31,45,54,27,53,21,36,31,18,23,65,48,37,29,24,47,54,31,43,30,67,24,22,23,29,23,26,20,90,56,167,74,50,76,53,39,44,85,50,43,44,43,60,80,57,23,25,20,30,41,24,47,37,105,80,253,74,47,115,123,62,100,52,22,273,321,
20201209,18,PM2.5,57,99,109,86,97,113,88,49,75,80,130,142,137,42,76,95,96,58,94,18,37,28,25,45,63,45,31,44,47,39,67,34,58,48,19,20,30,39,24,21,11,48,48,57,96,19,14,86,83,26,127,92,92,33,45,51,39,53,52,54,45,40,34,49,31,54,15,9,18,79,33,42,67,257,111,119,30,18,86,55,92,92,17,66,128,95,110,115,84,76,69,68,90,51,45,125,33,17,44,37,39,22,40,55,29,39,40,35,15,111,19,58,113,55,19,108,105,70,84,51,28,114,30,73,52,77,111,130,201,132,140,120,143,70,54,113,43,39,60,38,28,24,43,37,35,47,39,41,12,9,82,92,58,59,75,22,39,53,110,31,98,95,66,46,40,83,70,,93,81,31,38,52,40,19,34,36,18,53,54,29,47,55,25,59,39,50,26,,104,180,21,56,31,100,101,81,37,22,58,21,9,38,32,11,14,82,106,80,88,53,56,27,37,44,30,103,104,41,32,26,44,39,37,93,8,66,108,69,74,107,34,60,103,85,75,86,105,71,16,27,17,15,22,30,98,59,82,28,45,60,77,62,126,130,173,164,168,188,114,113,65,103,187,85,126,77,65,44,114,23,71,63,119,41,43,43,106,39,29,56,46,43,40,32,42,47,64,33,18,30,42,46,41,33,32,37,36,47,21,14,28,38,19,37,14,17,22,12,12,22,15,14,14,9,21,29,20,16,16,33,10,4,1,3,6,9,12,67,40,127,54,34,56,33,27,19,63,25,28,28,19,36,59,39,,16,,4,8,17,26,21,60,59,203,54,29,87,93,33,75,21,14,223,271,
20201209,18,PM2.5_24h,41,66,77,60,54,79,69,42,44,69,70,77,58,105,78,56,50,38,56,23,49,28,23,24,53,33,30,41,42,24,39,24,40,41,18,25,25,30,22,28,11,48,47,54,73,14,10,83,71,34,105,89,126,42,45,47,39,47,43,49,44,32,39,50,23,49,22,30,30,96,39,59,87,171,130,128,75,44,51,49,55,65,15,47,76,73,77,79,52,43,56,57,76,39,32,60,43,24,60,55,42,44,44,44,33,40,46,36,21,90,54,86,116,63,72,55,65,48,106,32,19,74,23,69,64,88,92,101,137,81,117,122,138,91,100,122,51,33,50,37,28,37,53,52,39,41,43,41,12,20,103,102,61,86,104,28,35,127,99,52,61,78,66,41,54,73,56,,63,39,21,28,42,30,25,28,27,21,54,35,28,50,53,22,65,55,54,35,,114,126,21,82,61,75,117,59,48,47,41,16,29,44,21,15,48,81,56,51,62,33,40,37,34,31,23,35,70,32,28,20,32,81,24,59,12,55,84,60,62,87,37,58,88,70,67,67,79,63,13,42,35,17,19,28,83,57,67,44,52,62,52,64,82,84,130,153,164,157,90,121,61,122,160,75,159,88,58,49,122,20,99,85,141,42,61,60,84,52,31,40,41,38,44,35,27,42,36,40,32,30,39,49,39,35,35,42,24,44,27,15,43,29,18,54,19,13,23,23,16,57,17,19,25,24,24,25,27,18,23,29,18,18,14,28,39,7,14,63,53,122,119,31,45,60,37,42,40,43,27,17,28,35,66,24,47,23,26,15,10,54,50,53,70,43,209,61,51,74,124,52,70,32,16,280,261,
20201209,18,PM10,105,122,171,146,152,181,143,77,138,142,199,198,191,66,148,154,137,78,93,44,76,53,48,54,101,84,75,75,83,64,77,58,70,104,41,39,57,89,46,38,24,103,81,100,113,40,25,126,128,59,139,114,60,59,75,88,76,96,86,65,71,57,65,63,56,82,23,34,27,93,51,50,100,274,111,138,116,40,113,83,90,135,38,103,198,145,130,141,122,114,111,87,129,104,69,155,47,32,55,58,45,45,59,62,40,54,58,49,46,173,49,85,160,78,42,172,167,90,134,77,73,191,71,83,75,85,144,174,207,188,182,130,171,90,64,76,62,54,96,64,43,32,58,62,39,56,52,54,23,35,83,103,62,76,101,50,64,71,145,83,133,133,120,104,80,134,116,,118,129,62,83,80,65,37,61,61,34,86,94,70,76,75,43,130,128,88,48,,121,186,37,99,57,142,137,128,64,65,90,29,31,79,56,27,27,118,122,127,103,105,78,31,76,75,62,112,136,86,57,45,51,52,58,125,18,101,159,114,124,102,58,93,137,118,103,129,122,61,37,55,28,32,46,62,142,107,66,56,87,95,116,91,167,188,197,162,196,238,117,149,103,144,194,87,149,111,102,49,124,53,98,71,134,50,68,67,157,48,51,72,72,80,77,59,63,66,69,67,30,43,54,65,67,48,51,42,53,57,52,31,45,54,20,48,21,36,29,18,23,79,48,37,29,24,47,57,31,43,30,83,15,20,7,29,7,7,17,82,55,136,74,50,91,55,37,44,102,50,43,44,43,69,62,64,,25,,30,41,23,47,37,160,96,320,83,47,118,136,74,88,53,22,276,,
20201209,18,PM10_24h,73,88,132,106,98,137,119,76,87,118,117,118,101,164,119,99,74,57,70,32,81,40,34,43,88,61,56,62,65,46,54,50,55,85,34,44,46,57,42,49,20,95,68,93,87,21,15,113,117,68,136,110,89,67,74,84,69,71,71,64,65,46,66,67,39,71,37,64,55,119,61,78,130,179,144,146,116,72,73,73,68,101,17,81,128,120,114,114,96,80,97,79,111,76,51,97,56,31,80,88,48,53,55,57,45,53,63,58,42,151,118,119,175,106,112,110,109,82,145,49,57,111,46,67,77,101,131,137,162,130,164,129,153,128,128,92,77,40,68,54,42,52,63,78,44,50,62,51,18,36,111,131,73,103,149,58,56,166,129,91,102,123,122,95,94,116,98,,91,74,44,56,70,54,44,44,44,34,71,56,63,74,72,35,126,113,87,59,,154,130,33,120,107,129,155,110,118,79,60,20,64,63,41,27,59,123,96,88,90,59,60,71,92,51,47,52,113,76,45,38,48,129,43,80,31,82,120,103,104,92,54,89,121,94,106,103,97,61,22,50,41,26,26,53,117,101,56,71,81,85,83,93,117,128,152,168,209,208,102,168,90,166,154,97,152,131,90,58,146,38,121,93,159,46,84,87,117,79,57,60,65,60,67,59,48,58,50,87,45,39,42,65,63,50,53,50,29,58,40,44,66,42,21,72,28,20,31,31,25,103,33,37,40,37,36,43,62,27,51,63,28,39,33,46,52,15,24,77,65,122,131,50,74,81,51,71,61,59,41,30,65,58,76,49,77,36,52,42,32,68,61,58,173,75,295,105,109,96,174,115,84,34,19,360,325,
20201209,18,SO2,6,19,30,20,30,20,20,18,36,15,14,17,36,20,26,24,17,24,25,5,10,6,5,13,10,8,8,10,8,8,6,5,6,8,12,7,9,7,8,4,5,10,6,6,9,4,5,8,20,14,11,10,6,8,7,7,9,11,8,12,9,9,7,7,9,7,11,9,5,10,9,17,11,12,7,9,16,13,12,24,16,34,3,27,12,18,24,20,14,16,20,16,29,20,8,14,8,8,7,13,8,8,9,13,8,14,12,12,7,10,16,13,25,27,13,19,26,32,36,20,41,31,12,17,11,7,11,11,11,9,11,10,7,15,13,7,3,8,11,16,5,5,7,28,10,4,3,3,22,7,9,11,6,6,8,12,37,25,6,4,18,14,23,20,16,32,30,,10,27,10,8,13,10,7,11,10,8,14,12,14,11,12,6,5,5,8,7,,5,8,5,16,10,79,14,24,11,7,20,6,4,27,8,6,6,49,25,20,33,14,18,14,19,15,12,17,18,16,13,14,11,9,17,15,30,11,8,6,8,8,6,12,7,7,5,7,6,13,4,15,5,9,3,16,16,36,14,17,12,37,6,23,18,15,6,15,9,8,6,6,13,6,11,8,5,1,11,8,6,5,11,9,2,6,5,6,9,7,8,12,10,13,10,11,9,8,14,10,3,12,5,3,7,5,12,7,5,5,17,7,12,12,20,3,9,8,17,5,6,13,8,4,10,8,7,7,9,6,8,13,6,9,6,3,7,10,8,18,11,11,4,24,13,4,16,9,15,16,8,13,11,6,16,47,16,10,10,13,16,5,11,8,21,9,7,15,5,11,5,10,15,,10,17,4,
20201209,18,SO2_24h,6,18,19,18,27,23,19,29,28,18,32,23,20,48,24,36,15,21,23,7,9,8,5,15,15,8,9,11,8,8,7,7,7,8,10,7,9,10,8,6,6,8,4,6,10,4,4,9,23,13,13,8,8,10,7,9,10,11,11,13,11,7,12,10,8,7,13,13,6,15,12,21,14,9,8,8,34,17,14,30,32,26,3,34,18,22,39,25,22,16,21,30,27,17,6,29,10,9,23,34,6,9,12,11,9,10,15,19,9,15,44,19,72,52,33,18,27,27,45,18,35,17,10,13,10,7,10,15,13,12,15,13,8,19,13,9,3,10,12,20,6,6,7,25,13,4,3,3,13,8,12,25,10,8,16,25,21,52,6,5,21,17,23,19,22,22,22,,10,23,8,6,10,10,7,20,9,8,13,11,12,11,11,7,5,4,10,8,,6,10,5,17,30,87,20,23,25,12,19,4,8,23,10,11,8,66,18,25,31,19,18,29,20,14,12,14,15,15,14,14,8,10,16,16,25,14,10,8,10,10,6,13,8,6,7,9,8,8,4,13,7,8,4,19,33,41,17,15,17,31,6,13,17,14,11,15,9,7,8,7,14,8,10,10,9,3,13,9,6,6,16,18,3,5,11,12,8,6,15,12,15,12,11,16,8,9,10,12,5,7,5,6,7,7,10,7,5,5,14,7,13,8,20,3,10,6,38,8,6,30,8,4,10,14,10,6,10,6,12,13,8,9,7,7,9,10,8,17,20,18,16,32,14,6,17,7,9,8,8,11,11,9,21,24,18,17,22,31,17,16,6,9,16,7,7,24,8,10,6,22,17,2,3,11,5,
20201209,18,NO2,75,86,86,82,82,61,82,41,67,81,76,79,92,39,56,56,52,65,62,61,77,89,42,39,52,68,88,95,68,46,36,46,51,89,65,47,69,96,58,24,22,87,70,51,71,20,31,45,54,72,59,61,47,53,43,56,57,76,87,44,36,54,35,15,50,56,21,24,24,41,38,57,49,86,58,53,38,22,42,31,73,69,27,56,59,54,73,68,52,62,66,51,63,75,47,77,24,33,19,22,37,19,33,31,29,29,35,33,14,41,31,49,70,57,34,53,51,43,76,47,58,89,39,68,70,44,46,81,60,63,60,63,50,37,52,23,34,14,39,25,15,37,38,52,37,36,44,36,25,21,40,58,47,46,47,26,34,34,42,16,66,41,76,73,56,70,69,,73,71,50,51,84,80,86,93,81,90,76,88,88,87,76,18,77,80,74,48,,43,42,44,40,34,97,48,72,31,9,43,13,10,53,19,8,14,62,60,68,71,56,36,27,17,42,16,55,84,43,30,29,35,25,24,54,24,69,65,51,72,47,41,93,55,57,54,46,60,68,21,42,18,27,14,35,43,50,46,52,45,49,39,46,76,70,47,62,48,44,39,43,62,49,59,60,41,23,55,52,41,48,42,50,26,34,45,22,48,24,30,31,25,38,28,19,32,31,29,19,41,26,31,45,55,34,48,33,37,38,45,27,20,22,17,31,28,36,27,17,7,27,18,17,11,12,13,12,13,22,18,42,9,14,19,6,5,4,7,37,45,42,24,28,52,21,21,26,75,26,15,26,45,29,27,44,28,,12,6,34,18,18,27,42,39,68,26,20,22,50,16,37,38,19,69,57,
20201209,18,NO2_24h,59,69,67,70,60,57,69,38,53,70,55,59,57,65,51,51,42,43,46,48,54,46,28,45,56,46,43,51,40,26,31,44,41,64,46,33,40,57,52,23,15,57,44,42,65,15,18,46,49,67,57,53,43,49,31,56,49,59,58,36,23,39,37,17,39,47,25,36,39,48,40,44,52,77,56,47,56,33,40,36,60,49,17,60,50,50,67,53,49,52,57,47,49,65,30,58,25,23,24,31,26,17,22,27,23,22,28,45,26,49,49,38,64,57,52,31,42,42,56,33,23,61,23,51,49,37,48,56,54,47,55,49,31,37,40,42,21,16,22,23,16,34,31,52,29,31,36,24,19,24,47,46,51,34,54,23,22,49,43,30,54,46,66,67,58,50,60,,52,52,29,34,56,44,46,44,35,41,43,47,39,53,54,18,55,58,55,46,,41,34,37,35,41,64,49,52,50,18,29,7,13,43,18,9,13,46,32,45,42,41,31,34,27,27,15,30,59,30,20,23,24,50,17,39,22,50,42,45,59,41,24,64,41,53,51,33,56,60,15,27,22,15,17,27,36,46,40,29,44,40,31,42,60,54,43,52,43,50,40,39,53,35,41,51,46,34,45,36,35,28,39,36,34,30,40,26,40,21,30,21,27,25,25,23,23,26,19,26,37,20,23,39,41,24,28,33,27,34,19,33,36,17,14,21,24,16,27,18,12,33,14,17,19,22,12,14,26,19,25,29,12,21,33,26,21,9,10,34,53,31,41,21,44,31,21,29,30,16,19,21,42,25,34,20,24,35,21,24,40,22,22,25,59,37,69,47,41,28,66,40,33,16,16,72,70,
20201209,18,O3,2,5,6,5,7,23,3,48,10,5,7,7,8,60,20,27,30,5,39,40,5,14,54,47,10,3,8,5,3,16,32,40,16,4,29,59,30,4,42,67,70,3,13,17,2,69,68,3,25,16,26,6,4,69,78,93,54,58,73,74,74,49,94,116,8,6,8,65,69,27,58,50,47,25,5,5,41,70,48,31,18,21,58,25,19,10,6,15,28,34,5,9,9,3,32,4,72,61,106,95,50,78,59,90,68,61,61,56,72,15,52,44,10,40,58,26,31,28,13,41,8,9,34,2,2,3,34,5,19,9,20,15,17,26,16,56,37,67,105,53,114,23,14,57,5,13,15,32,15,90,39,14,56,43,21,64,66,68,40,67,5,50,3,7,13,4,5,,5,5,27,18,6,15,14,6,25,10,5,8,11,10,11,73,15,9,9,25,,34,25,47,58,47,11,34,4,48,77,43,53,76,27,58,64,79,16,19,15,20,22,35,42,51,43,53,17,20,25,48,53,45,66,34,36,33,15,5,6,11,10,39,15,6,15,19,8,2,28,69,21,56,47,58,5,5,4,4,45,15,14,5,29,8,8,9,7,20,26,12,26,4,18,4,5,19,17,5,7,22,4,13,25,45,15,37,32,28,39,63,123,124,101,128,67,65,30,90,107,12,13,10,7,4,15,38,25,7,25,19,38,80,46,10,22,15,10,17,13,71,31,83,68,70,60,55,49,42,71,68,35,78,71,73,81,73,84,63,17,51,33,53,62,25,70,75,59,39,55,69,37,39,62,76,58,75,,64,53,84,74,73,67,50,43,44,60,70,,26,75,48,47,17,17,32,
20201209,18,O3_24h,18,36,24,30,44,39,19,63,30,22,35,31,39,75,40,44,55,52,57,76,37,64,89,65,22,48,61,72,46,53,48,65,40,38,75,89,69,49,81,87,95,29,38,35,10,80,88,13,56,42,49,11,23,93,96,108,76,73,92,101,90,72,108,122,28,29,32,82,79,40,81,78,64,33,14,9,55,81,61,56,47,47,86,31,46,37,24,48,45,40,33,32,41,31,55,35,98,76,117,104,67,86,80,98,83,80,87,64,77,24,67,68,37,68,73,56,51,44,50,68,46,38,60,28,32,18,49,40,38,42,37,29,68,48,23,60,51,70,126,76,132,48,43,83,19,37,34,47,35,90,41,53,87,72,42,74,78,82,50,70,28,76,26,22,34,20,25,,34,41,56,52,36,79,61,77,80,77,47,75,57,70,38,101,36,23,39,59,,45,33,74,75,73,48,50,22,66,83,73,65,78,58,75,76,86,60,52,41,63,57,65,62,65,62,70,54,48,47,67,64,68,74,38,50,45,56,42,35,24,24,54,46,38,36,32,39,17,45,81,36,61,69,63,18,30,16,40,72,32,22,27,44,27,37,29,25,34,34,25,47,24,65,55,14,49,18,18,22,39,24,22,44,55,25,48,48,39,49,94,129,131,116,134,74,80,59,107,116,26,26,41,27,21,28,49,32,19,30,62,49,94,48,40,42,20,21,30,88,75,87,87,71,78,73,82,60,62,99,75,58,95,80,77,84,70,87,68,31,78,67,68,79,36,79,81,67,79,72,76,51,67,83,90,87,85,82,80,57,89,78,81,81,55,60,44,63,72,,36,75,59,72,37,39,39,
20201209,18,O3_8h,10,17,12,18,28,26,11,46,20,14,22,23,23,46,29,34,44,35,45,60,21,48,73,53,11,17,41,47,16,33,37,44,29,25,55,76,53,30,66,79,81,20,29,28,6,74,81,7,43,27,30,8,10,73,76,82,61,54,72,74,74,59,83,111,15,11,11,65,57,26,66,61,49,26,9,7,38,75,53,44,37,36,76,18,30,26,10,34,34,29,13,13,25,5,42,7,76,64,97,90,48,72,64,86,70,63,71,50,62,18,58,53,25,54,64,40,37,36,35,58,29,23,50,15,14,6,36,25,22,25,26,21,36,24,14,46,35,64,96,62,117,30,16,53,6,15,20,36,19,77,27,34,66,50,32,60,69,63,33,47,14,60,12,12,20,10,11,,9,15,35,27,19,59,43,49,57,47,24,43,45,44,28,87,25,17,26,46,,28,24,53,61,62,26,35,16,51,80,62,61,72,43,68,68,83,39,37,34,47,41,50,49,51,51,60,35,36,37,59,52,58,60,32,41,36,25,16,16,13,16,41,21,9,25,25,14,6,35,75,30,53,61,59,11,17,11,23,58,23,17,11,34,23,24,21,17,24,20,19,28,12,35,8,10,14,13,12,14,23,13,14,34,44,16,34,37,23,44,72,98,105,92,108,58,59,39,84,93,18,16,12,15,8,19,38,20,11,17,44,35,66,40,16,24,16,14,19,20,63,50,77,65,64,59,63,53,38,81,56,40,80,62,58,68,65,75,59,19,64,42,48,68,26,71,69,63,64,64,66,28,54,73,78,69,77,74,60,47,80,73,73,74,41,49,32,43,54,,22,49,48,56,25,16,32,
20201209,18,O3_8h_24h,12,18,12,19,31,26,12,46,22,14,23,23,23,46,29,34,47,38,46,61,34,52,73,53,12,46,49,49,44,51,37,44,29,29,61,76,57,37,66,79,87,22,30,29,6,74,81,7,45,27,30,8,10,73,76,82,61,54,72,74,74,59,83,111,26,11,31,65,57,26,72,61,49,26,10,7,38,75,53,45,38,38,77,20,30,27,10,36,35,29,15,21,32,5,43,9,76,64,97,90,48,72,64,86,72,63,71,50,62,18,58,54,25,54,64,47,38,38,35,59,34,26,51,18,21,14,36,26,22,25,26,23,53,30,14,46,35,64,96,62,117,30,42,53,18,35,20,37,30,77,27,34,66,50,32,60,75,63,33,47,14,60,15,13,21,10,11,,15,40,51,36,21,65,50,55,60,59,37,48,57,46,31,87,26,18,28,46,,28,27,53,61,63,26,35,17,51,80,63,61,72,44,68,73,83,40,48,35,48,44,52,49,51,54,60,37,39,38,60,52,62,60,32,41,36,39,36,32,15,17,41,37,30,27,26,32,7,35,76,31,53,62,60,11,18,11,24,59,23,17,12,35,18,24,21,17,24,20,20,28,14,47,30,11,21,13,12,14,23,13,16,34,44,20,38,38,36,44,72,98,105,92,108,58,59,39,84,93,18,20,35,15,9,20,38,20,11,17,44,39,66,40,36,35,16,14,29,20,63,55,77,65,64,59,63,53,38,81,56,40,80,62,58,68,65,79,59,19,64,59,68,76,26,71,69,63,65,65,66,36,58,73,78,70,77,74,60,47,80,73,73,74,41,49,32,43,54,,22,59,48,56,25,16,32,
20201209,18,CO,1.07,1.34,1.95,1.25,2.04,1.18,1.30,0.93,2.88,1.10,1.53,1.23,2.27,0.78,1.47,1.20,1.10,1.19,1.05,0.59,0.94,0.77,0.68,0.65,0.94,0.55,0.79,0.95,0.75,0.83,0.56,0.63,0.60,0.90,0.68,0.43,0.67,0.83,0.60,0.47,0.57,0.93,1.15,1.07,1.21,0.86,0.73,1.16,0.97,0.81,1.26,1.44,1.29,0.90,0.77,0.78,0.78,0.80,1.00,0.84,0.88,0.67,0.86,0.72,0.94,0.77,0.96,0.52,0.60,0.80,0.73,0.75,1.10,3.02,1.15,1.24,0.90,0.58,1.25,1.35,1.43,1.70,0.50,0.90,1.30,1.07,1.57,1.47,0.74,1.13,1.23,0.93,1.03,1.77,0.90,1.45,0.78,0.80,0.67,0.87,0.90,0.87,0.90,1.00,0.90,1.00,1.18,0.80,0.80,0.90,0.48,1.22,2.02,0.90,0.80,1.45,1.37,1.23,1.44,1.07,1.42,1.92,0.84,1.27,0.80,1.04,1.17,1.27,1.38,1.73,1.37,1.33,1.12,1.23,1.02,1.13,0.85,1.00,1.10,0.82,0.60,0.85,0.92,1.20,1.03,1.00,0.80,0.90,0.86,0.40,0.80,1.07,1.10,0.71,1.03,0.75,1.15,0.73,0.90,0.40,1.25,1.20,1.10,1.25,1.25,1.80,1.70,,1.65,1.45,0.75,0.95,1.80,0.85,0.75,1.07,0.65,0.60,1.25,1.00,0.80,0.95,0.70,0.65,1.30,0.80,0.80,0.80,,1.13,1.43,0.45,1.06,0.76,2.48,1.10,1.43,0.57,0.50,0.63,0.50,0.50,0.85,0.50,0.35,0.20,1.32,1.95,1.38,1.75,1.23,1.35,0.60,0.90,1.10,0.60,1.30,1.23,0.97,0.53,0.65,0.77,0.65,0.40,1.00,0.65,0.77,1.00,0.63,1.15,1.13,0.97,1.07,0.90,0.87,1.15,0.95,1.20,0.73,0.55,0.75,0.50,0.73,0.60,0.90,1.45,1.25,0.90,1.50,0.82,1.20,1.03,1.15,1.45,1.50,1.08,1.60,1.32,1.26,0.85,1.00,1.20,1.03,1.27,1.67,1.98,0.85,1.00,1.20,1.03,0.55,1.42,1.05,1.55,0.90,0.90,1.38,1.33,0.75,1.22,0.93,0.93,0.97,0.85,0.85,0.90,0.90,1.10,0.65,0.87,0.67,0.90,0.93,1.03,0.90,0.70,0.83,1.00,1.00,1.30,0.45,0.35,1.07,0.97,1.25,0.70,0.80,0.85,,0.45,1.05,0.65,0.50,0.65,0.70,0.73,0.65,0.55,0.60,0.70,0.90,0.30,0.75,0.45,0.45,0.60,0.45,0.55,1.13,0.73,1.15,0.70,0.30,0.95,0.55,0.50,0.25,1.00,1.00,0.45,0.70,1.50,0.80,0.60,0.90,0.50,0.40,,0.70,0.50,0.47,0.55,0.60,1.90,1.20,2.45,0.70,0.40,1.70,1.43,0.80,1.50,1.50,0.80,2.00,2.40,
20201209,18,CO_24h,0.78,1.09,1.31,1.02,1.54,1.15,1.03,0.90,1.90,1.00,1.27,1.00,1.38,1.93,1.62,1.32,0.82,0.86,0.82,0.54,0.86,0.59,0.63,0.72,0.99,0.53,0.64,0.73,0.53,0.80,0.42,0.45,0.68,0.88,0.76,0.45,0.67,0.67,0.63,0.53,0.53,0.83,1.07,1.07,1.04,0.76,0.67,1.20,1.03,0.74,1.14,1.24,1.23,0.88,0.77,0.85,0.80,0.77,0.97,0.78,0.80,0.60,0.93,0.77,0.83,0.77,0.90,0.80,1.08,1.18,0.90,0.95,1.44,2.43,1.23,1.05,2.17,0.86,1.02,1.35,1.30,1.40,0.53,0.93,1.10,0.93,1.33,1.22,0.76,0.87,1.04,0.87,0.90,1.27,0.73,0.95,0.88,0.70,0.82,0.93,0.80,0.83,0.85,0.80,1.05,0.75,0.95,0.90,1.20,0.90,1.08,1.34,2.20,1.30,1.93,1.20,1.22,1.35,1.90,0.88,0.68,1.22,0.76,0.83,0.73,0.97,0.97,1.18,1.30,1.00,1.25,1.23,1.08,1.23,1.16,1.38,0.97,0.90,1.03,0.97,0.60,0.77,0.88,1.92,0.90,0.80,0.75,0.86,0.74,0.55,1.10,1.23,1.60,0.81,1.53,0.90,0.75,1.97,0.94,0.73,0.90,1.20,1.40,0.95,1.20,1.35,1.30,,1.25,0.95,0.60,0.75,1.60,0.65,0.80,0.77,0.50,0.50,1.15,0.77,0.70,0.95,0.80,0.60,1.20,0.80,0.75,0.80,,1.15,1.15,0.45,1.16,0.96,2.05,1.70,1.17,0.90,0.83,0.60,0.40,0.65,0.65,0.50,0.50,0.50,1.28,1.10,1.32,1.73,0.87,1.25,1.15,1.85,0.80,0.45,0.77,1.17,0.77,0.50,0.65,0.50,1.25,0.35,0.55,0.60,0.58,0.76,0.67,1.13,1.15,0.93,0.85,0.73,0.70,1.08,0.85,1.10,0.73,0.65,0.60,0.53,0.60,0.65,0.82,1.32,1.05,0.82,1.38,0.88,1.17,1.03,1.10,1.10,1.02,0.97,1.47,1.23,1.30,0.82,1.03,1.06,1.07,1.13,1.20,1.20,0.95,0.95,1.17,1.10,0.45,1.40,1.05,1.63,0.93,0.92,1.58,1.25,0.85,1.13,0.73,1.03,0.90,0.95,1.00,0.75,0.95,0.85,0.70,0.83,0.70,0.82,0.93,1.00,0.87,0.60,0.93,0.87,0.88,0.65,0.45,0.98,1.08,0.93,1.10,0.80,0.80,0.95,1.10,0.55,1.85,0.55,0.55,0.70,0.85,0.73,0.70,0.70,0.75,0.80,0.95,0.55,1.10,0.75,1.25,1.75,0.50,0.65,1.07,1.07,1.05,0.95,0.50,1.30,0.85,0.60,0.50,0.75,0.90,0.50,0.70,1.50,0.70,0.90,0.70,0.60,0.70,0.70,1.20,0.70,0.57,0.55,0.95,2.85,0.95,2.60,1.00,0.90,1.40,2.47,1.75,1.27,1.70,0.90,2.25,2.60,
20201209,19,AQI,81,133,145,131,118,149,124,71,113,120,179,183,180,27,98,133,128,103,129,38,65,59,38,73,90,69,67,67,69,58,96,64,83,82,40,40,54,70,39,42,22,87,68,73,125,42,31,118,105,61,206,116,110,57,65,71,65,78,78,73,67,56,61,71,57,74,22,44,37,108,53,78,89,299,143,148,86,41,124,71,111,143,39,113,176,123,145,145,119,118,84,95,118,75,74,160,54,35,63,65,84,31,70,83,55,64,65,54,34,148,53,89,105,85,40,148,145,98,130,85,86,138,64,95,71,98,140,187,257,150,189,159,196,110,69,164,67,60,86,59,46,44,63,62,58,63,52,60,25,33,111,135,111,103,115,54,52,91,150,67,105,119,82,77,61,120,99,,144,88,54,68,110,67,52,54,64,42,76,80,63,71,78,45,93,92,73,49,,133,237,46,91,65,141,133,110,65,54,100,30,33,68,40,22,37,140,144,104,125,85,81,43,62,70,57,149,156,82,52,58,66,53,56,131,24,99,143,100,104,128,64,84,130,123,93,111,84,93,38,53,30,32,40,57,133,84,106,54,69,88,106,95,170,180,224,240,220,246,151,153,88,139,240,110,143,103,91,59,151,55,91,94,160,64,65,60,136,56,60,88,93,68,66,63,64,70,90,65,41,47,73,48,59,55,55,58,56,68,85,36,48,50,23,60,19,48,34,13,30,62,45,38,37,31,51,54,32,44,46,83,23,43,20,62,36,26,31,94,81,200,78,62,95,63,51,53,84,50,46,51,46,60,79,85,20,32,16,28,42,24,43,37,132,79,252,73,58,111,121,62,103,47,39,321,311,
20201209,19,PM2.5,60,101,111,100,89,114,94,52,85,91,135,138,136,15,71,101,97,77,98,20,38,31,22,53,67,46,40,48,49,41,72,46,61,49,19,19,28,40,20,23,10,53,46,53,95,24,17,89,79,31,156,88,83,35,47,52,40,57,57,53,48,40,41,52,31,54,15,14,22,81,36,57,66,249,109,113,29,17,94,52,84,109,20,85,133,93,111,111,90,89,62,71,89,54,54,122,38,19,45,47,62,22,51,61,39,46,47,38,18,113,18,66,79,63,18,113,111,73,99,63,39,105,37,71,52,73,107,141,207,115,142,121,147,83,50,125,45,43,64,39,30,26,45,42,41,45,33,43,17,18,84,103,84,77,87,27,31,68,115,31,79,90,57,49,38,91,74,,110,65,31,42,83,41,23,33,46,20,56,59,32,52,57,31,60,46,51,27,,101,187,20,62,47,108,101,83,39,19,75,20,23,43,27,9,22,107,110,78,95,63,60,30,44,48,33,114,119,52,34,33,48,37,40,100,10,74,109,75,78,97,46,62,99,93,69,84,62,69,18,29,21,16,27,39,101,62,80,27,48,65,80,71,129,136,174,190,170,196,116,117,65,106,190,83,109,77,68,42,116,23,68,70,122,46,47,43,104,36,31,65,69,49,48,40,46,51,67,34,29,33,53,32,42,39,36,41,40,49,63,14,31,35,16,43,13,29,24,9,10,24,18,19,19,12,26,38,21,20,22,41,12,21,3,8,25,7,16,70,60,150,57,42,71,43,27,20,62,26,32,34,25,43,58,63,,16,,4,8,17,26,26,56,58,202,53,32,84,92,34,77,24,27,271,261,
20201209,19,PM2.5_24h,42,69,79,63,56,82,69,43,46,71,74,81,63,101,78,58,54,39,58,22,48,28,22,25,53,32,30,40,41,24,41,25,40,42,19,24,25,30,21,27,10,48,48,55,75,14,10,83,73,34,109,89,124,42,45,47,39,47,44,49,44,32,39,51,23,50,21,30,30,96,38,59,87,175,129,127,74,42,52,48,56,66,15,50,81,75,80,80,54,46,57,57,78,40,33,64,42,24,60,54,43,42,44,45,33,39,45,36,21,90,52,85,115,64,69,56,66,49,108,33,20,74,23,69,64,88,93,105,141,83,119,122,140,90,96,122,50,34,51,38,28,37,52,52,39,41,42,40,12,20,103,103,63,86,103,28,35,124,100,51,63,80,67,42,53,74,58,,66,41,21,29,44,30,24,27,27,20,53,35,28,49,52,21,64,53,52,34,,114,128,21,81,60,78,116,62,47,44,42,16,28,44,21,15,46,81,57,52,63,34,42,37,35,32,24,36,73,33,28,21,32,80,25,61,12,56,85,60,62,88,38,57,88,71,67,68,79,63,13,41,34,17,19,29,83,57,68,43,52,62,53,66,84,87,133,156,165,159,92,121,61,121,162,76,157,87,60,49,121,20,99,85,140,42,61,59,85,51,31,41,43,39,44,35,28,42,37,40,31,31,39,49,40,34,35,42,25,45,28,14,42,30,18,53,18,13,22,23,16,56,17,19,25,24,25,25,28,18,22,29,18,19,13,28,40,8,14,64,54,126,116,31,47,58,38,40,41,42,27,18,28,36,66,25,48,23,26,15,10,52,45,53,70,44,207,60,50,75,125,53,71,32,16,279,261,
20201209,19,PM10,104,127,180,157,156,182,158,80,167,149,217,196,197,27,145,155,141,99,98,38,80,67,38,61,105,88,83,84,87,65,83,73,72,114,40,40,58,90,39,42,22,124,85,89,118,42,31,129,126,71,161,123,57,63,76,92,80,96,91,67,83,58,72,61,63,83,22,44,37,94,56,67,107,258,114,132,121,41,124,78,90,147,39,111,209,148,131,137,132,127,108,77,144,100,83,149,48,35,54,77,70,29,69,80,55,50,59,53,34,177,56,101,116,95,40,177,152,93,150,89,121,157,77,96,79,81,137,187,222,189,188,128,176,110,65,77,83,55,101,67,46,44,51,74,46,56,54,58,25,33,89,129,85,104,115,57,54,86,130,83,128,137,113,104,71,142,119,,124,109,57,86,120,84,53,58,73,37,92,101,76,88,80,45,136,134,96,49,,136,190,46,131,69,155,143,155,80,58,105,30,21,86,40,22,37,158,124,122,130,107,82,33,74,89,64,113,177,113,54,66,54,52,61,130,24,109,158,121,130,96,65,106,126,124,100,130,85,61,38,55,26,32,40,64,130,112,71,57,87,94,123,104,178,197,201,178,207,246,126,163,103,149,208,106,135,114,107,63,133,60,83,81,141,51,67,66,140,61,70,90,79,82,78,76,75,76,83,80,39,43,61,48,63,59,60,47,61,60,106,36,48,43,18,53,19,48,33,11,30,74,45,38,37,31,51,55,32,44,46,115,17,43,9,73,9,10,31,81,57,163,70,73,97,75,52,55,102,50,44,51,46,60,60,89,,32,,28,42,24,43,37,213,94,328,77,66,111,140,73,102,47,17,325,,
20201209,19,PM10_24h,75,90,136,109,102,141,120,76,90,121,122,123,106,157,121,102,79,59,71,32,82,41,34,43,89,61,57,62,64,44,57,51,54,85,35,43,46,59,42,48,19,96,69,94,89,23,15,113,120,68,138,110,87,67,73,84,69,72,72,65,66,47,67,68,40,73,36,63,55,118,59,78,129,184,143,144,118,70,75,72,69,104,18,84,135,123,117,112,97,83,99,78,115,78,53,101,55,32,79,88,49,52,55,58,46,52,62,58,42,151,116,118,173,105,106,113,111,82,149,50,60,112,47,68,77,101,132,141,166,133,166,128,156,125,125,92,77,41,70,55,43,52,62,78,44,50,61,51,18,35,111,132,74,102,147,58,58,162,131,90,105,125,124,96,94,118,100,,94,77,45,58,73,55,43,43,44,33,69,57,63,73,72,34,126,113,85,58,,153,131,34,121,106,131,155,113,113,75,62,20,61,64,38,28,57,125,96,90,92,62,62,70,92,53,47,53,117,77,46,39,47,128,45,82,31,84,122,103,105,94,54,89,121,95,105,104,97,61,22,50,40,26,26,53,116,102,56,71,82,86,85,95,119,132,156,170,210,208,101,168,91,165,157,98,151,130,91,58,146,40,121,93,159,46,85,85,118,78,56,61,66,60,66,60,50,59,52,87,44,39,43,65,64,49,53,48,31,58,40,43,65,42,20,71,26,21,29,30,25,101,32,37,39,37,36,44,61,27,50,63,27,39,33,49,51,14,24,78,65,126,128,50,77,80,52,69,62,59,42,31,64,59,76,51,76,36,53,43,33,65,57,58,176,76,295,104,108,98,175,114,86,34,19,359,323,
20201209,19,SO2,6,18,30,23,29,16,19,25,33,17,17,18,33,7,23,24,16,24,28,6,9,8,5,15,10,8,9,11,6,8,6,4,6,7,9,6,8,7,7,4,5,10,6,6,9,4,4,8,21,15,11,10,6,8,8,6,9,11,9,12,10,9,7,6,9,8,12,9,6,10,11,17,12,11,7,9,28,11,11,18,16,39,3,22,11,30,25,22,17,16,21,16,29,21,8,12,7,8,6,13,7,7,9,13,8,13,13,11,9,11,23,14,17,33,13,23,28,32,35,19,22,28,14,18,9,7,10,10,10,10,10,10,8,13,11,8,3,14,11,40,5,6,7,28,10,4,3,3,27,8,9,17,10,6,8,10,21,35,6,4,28,15,20,23,15,29,26,,10,25,9,8,15,10,7,11,10,9,16,10,12,11,11,7,5,5,7,7,,5,8,5,18,19,54,17,21,11,8,20,5,6,28,7,7,11,54,28,20,32,14,15,14,18,16,11,18,27,17,15,17,11,14,20,15,13,11,8,5,8,11,6,12,5,6,6,7,5,12,4,15,4,12,2,14,16,29,11,20,14,39,6,18,15,14,6,14,8,8,6,5,13,6,10,8,5,3,13,8,6,7,14,12,2,5,7,5,6,7,10,13,10,12,11,10,11,10,15,9,3,8,5,2,7,4,11,7,6,6,19,7,14,12,18,3,10,7,25,6,6,8,8,4,11,9,9,7,8,6,4,14,7,10,6,3,6,12,8,17,25,16,5,12,11,8,17,12,11,16,10,12,10,8,19,43,17,11,10,15,17,5,8,9,12,6,6,12,6,11,5,10,16,13,8,11,4,
20201209,19,SO2_24h,7,18,19,18,28,23,19,29,28,18,32,23,21,46,24,35,16,21,23,6,8,8,5,14,15,8,9,10,8,8,7,7,7,8,10,7,9,10,8,6,5,8,4,6,10,4,4,9,23,13,13,8,8,9,7,9,10,11,11,13,11,7,12,10,8,7,13,12,6,15,12,21,14,9,8,8,34,16,14,29,31,26,3,34,18,22,39,25,21,16,21,30,27,18,7,29,10,9,23,33,6,9,11,11,9,10,15,19,9,14,40,19,69,52,31,18,26,27,45,18,34,17,11,13,10,7,10,15,12,12,15,13,8,18,13,9,3,10,12,21,6,6,7,25,13,4,3,3,14,8,12,24,9,8,16,25,21,50,6,5,22,17,23,20,21,22,23,,10,23,8,6,11,10,7,20,9,8,13,11,12,11,11,7,5,4,10,8,,6,10,5,17,29,87,20,22,24,11,19,4,8,23,10,11,8,67,18,24,31,19,18,29,20,14,12,14,16,15,14,14,9,10,17,17,25,14,10,8,10,10,6,13,8,6,7,9,8,8,4,13,7,8,4,19,33,41,17,15,18,32,6,14,16,14,11,15,8,7,8,7,14,8,10,10,9,3,13,9,6,7,16,18,3,5,11,12,8,6,15,12,15,12,11,16,8,9,10,13,5,7,5,6,7,7,10,7,5,5,14,7,13,9,20,3,10,6,39,8,6,29,8,4,10,15,10,6,9,6,12,13,8,9,7,7,9,10,8,17,20,18,16,31,14,6,17,7,9,9,9,11,11,8,21,25,18,17,21,31,17,16,5,9,16,7,7,23,7,10,6,22,17,2,4,11,5,
20201209,19,NO2,76,86,88,85,80,68,81,42,66,84,77,81,90,25,57,62,53,62,62,64,77,91,37,46,55,65,94,95,66,45,45,43,53,87,64,45,71,91,53,26,25,85,69,51,72,19,34,46,54,77,78,59,48,63,52,59,66,68,79,53,43,53,58,13,53,56,22,31,46,50,53,57,66,90,60,54,52,25,48,25,77,77,26,50,67,59,74,67,56,65,64,53,58,78,38,75,41,31,18,37,56,19,40,44,49,33,37,35,23,45,36,68,53,64,29,60,57,42,78,45,55,84,36,69,70,44,50,74,68,66,72,69,52,40,53,25,32,18,49,27,10,46,38,66,40,38,51,33,27,29,48,64,79,54,45,40,51,51,48,28,64,46,75,75,52,70,68,,73,63,50,50,83,88,98,86,92,84,74,77,87,86,72,26,69,79,74,44,,52,54,51,57,46,78,50,67,54,13,38,12,13,51,17,6,26,65,66,67,61,47,25,21,15,43,13,48,86,39,32,36,35,24,18,47,13,72,64,54,73,50,40,87,50,52,55,46,66,73,23,36,26,31,17,34,45,50,48,53,49,42,40,44,75,76,48,70,57,50,42,45,62,55,59,60,42,26,54,54,44,52,39,52,29,32,43,24,43,23,64,40,37,64,48,38,38,40,33,23,47,27,30,39,57,45,56,29,36,45,42,29,17,22,19,31,28,29,29,20,9,23,28,21,18,15,22,16,22,28,31,47,11,41,28,4,10,5,17,40,50,72,32,45,46,47,24,39,88,31,22,31,51,32,34,50,39,33,13,24,42,21,21,34,52,57,77,29,31,20,49,23,46,38,25,75,63,
20201209,19,NO2_24h,60,70,68,71,61,58,69,37,54,71,56,59,59,63,52,50,42,43,46,50,54,48,29,45,55,46,45,53,40,26,32,45,40,65,47,32,40,59,52,23,15,58,45,43,65,15,18,46,49,67,57,53,43,49,31,56,50,59,58,36,24,39,38,17,39,47,24,36,39,47,38,44,51,78,56,46,56,31,40,35,60,50,17,59,51,50,68,53,49,52,57,47,49,66,30,59,25,23,23,30,27,17,23,27,24,21,28,44,26,48,48,40,63,57,50,31,41,42,57,33,25,62,24,51,49,37,48,57,54,47,55,50,31,37,41,41,22,16,23,22,16,34,31,52,29,32,37,23,19,24,47,47,52,34,53,24,22,48,43,30,55,44,67,67,57,51,61,,53,52,30,35,57,46,48,46,38,44,45,49,40,54,54,19,56,59,55,46,,42,34,38,36,40,64,49,53,50,17,29,7,12,43,16,8,13,46,32,46,42,41,30,33,26,27,14,30,59,31,20,24,24,49,17,40,21,51,43,45,61,41,24,65,42,53,52,34,57,61,15,28,23,15,16,27,36,46,40,31,45,40,32,42,60,55,43,52,43,49,39,40,53,36,41,50,46,34,45,37,35,29,39,37,34,30,40,26,40,20,30,22,27,27,26,23,23,27,19,26,37,20,23,39,41,24,28,33,27,34,19,32,35,16,14,22,23,16,26,18,13,31,15,17,19,22,12,14,25,18,25,29,12,22,32,26,20,9,10,34,52,33,40,22,44,31,21,29,33,17,20,21,42,24,33,22,25,35,21,25,41,21,22,25,59,38,69,47,41,28,65,40,33,17,16,72,70,
20201209,19,O3,2,4,5,5,8,10,3,45,9,5,6,6,8,65,15,20,27,11,40,39,4,11,54,42,6,4,3,3,3,12,23,43,11,4,26,54,22,4,46,61,66,3,11,14,2,65,57,3,22,7,8,6,3,50,63,81,36,56,61,49,63,38,58,107,6,5,7,47,43,17,45,49,27,23,3,5,26,65,43,34,10,15,57,36,9,6,6,12,25,30,5,7,11,3,48,5,44,60,105,79,23,74,47,70,38,50,50,47,54,10,45,23,29,34,61,16,24,27,12,37,6,10,36,2,1,3,29,4,8,9,6,8,10,18,10,53,24,58,79,42,121,12,12,38,3,11,7,34,13,78,30,7,22,22,24,45,49,55,34,54,3,39,2,7,16,4,6,,5,6,25,19,9,8,2,11,11,17,4,9,5,6,10,64,22,13,7,27,,21,11,35,38,30,18,33,8,21,73,52,51,67,27,60,66,48,13,13,13,26,28,42,47,49,39,53,18,17,25,44,40,44,65,39,39,42,11,5,4,10,8,40,12,7,16,19,6,,20,65,23,43,39,50,4,5,4,5,35,8,16,4,23,6,3,5,1,9,17,8,25,4,9,3,5,14,12,5,3,16,1,13,19,40,19,32,30,32,35,20,106,104,62,98,35,50,96,66,93,7,11,9,16,3,7,43,27,3,15,12,32,79,48,3,15,15,16,14,9,57,26,64,50,55,58,52,40,12,63,42,22,74,47,63,81,68,82,50,12,49,9,51,44,32,42,64,70,20,50,60,25,29,54,64,51,60,56,52,36,71,69,60,59,39,27,25,58,56,,27,67,38,35,7,9,27,
20201209,19,O3_24h,18,36,23,30,44,39,19,63,30,22,35,31,39,77,40,44,55,52,57,74,35,64,89,65,22,48,61,72,46,53,48,65,40,38,75,89,69,49,81,87,95,29,38,35,9,80,88,13,56,42,49,11,23,92,96,105,76,73,92,101,90,69,108,122,28,28,32,82,77,40,81,78,64,33,14,9,55,81,61,56,47,47,86,38,46,37,17,48,45,40,33,32,40,25,59,32,97,76,117,101,67,86,80,98,83,80,87,64,77,24,67,68,39,68,73,56,51,44,50,68,46,38,60,28,32,18,49,40,38,42,37,29,68,48,23,60,51,69,126,76,132,48,43,83,19,37,31,47,35,90,41,53,87,72,42,74,78,82,50,70,23,76,26,22,34,20,21,,17,41,56,50,31,79,60,77,80,72,47,75,57,70,38,101,36,23,39,59,,45,33,74,75,73,48,50,22,66,83,73,65,78,58,75,76,86,60,52,41,63,57,65,62,65,62,70,54,48,47,67,64,68,74,41,50,47,55,42,34,22,24,54,46,37,36,30,39,17,45,81,36,61,69,63,18,30,16,40,72,31,22,23,44,27,37,29,25,34,29,25,47,22,57,54,14,34,18,18,22,39,24,22,44,55,23,48,48,40,49,94,129,131,116,134,74,80,105,107,116,26,24,40,26,14,28,57,31,19,28,62,49,94,50,40,42,20,21,30,88,75,87,87,71,78,73,82,60,59,99,75,58,95,80,77,84,70,87,68,28,78,67,68,79,36,79,81,67,79,72,76,51,67,83,90,87,85,82,80,57,89,78,81,81,55,60,44,63,72,,38,75,59,72,37,39,39,
20201209,19,O3_8h,9,16,12,16,25,26,10,48,18,13,21,22,21,53,29,32,42,32,44,59,17,43,72,52,11,14,34,43,13,30,37,47,27,22,51,74,50,26,66,76,79,18,27,27,5,74,76,6,41,26,30,8,9,74,78,86,60,56,75,77,76,57,85,113,14,11,10,67,59,26,64,61,49,27,9,7,40,75,53,43,34,33,73,21,30,24,10,31,33,30,14,12,21,5,44,7,76,67,103,92,48,76,65,86,68,64,72,53,66,17,58,52,27,55,64,38,35,35,33,55,25,22,48,12,12,6,37,23,23,24,26,20,33,26,15,51,35,64,100,63,119,31,16,56,5,14,20,36,18,80,30,33,66,51,32,61,66,67,34,53,13,59,10,12,20,10,10,,9,13,34,25,18,53,38,42,51,42,21,40,43,41,25,86,25,16,23,45,,30,23,55,62,59,28,37,15,52,80,63,60,74,42,68,68,82,37,35,31,45,39,49,51,55,51,60,33,34,35,57,53,59,64,34,41,39,23,15,14,12,15,43,20,9,24,24,13,6,34,75,29,54,58,58,11,16,10,22,58,21,17,10,34,15,22,20,16,25,20,18,30,11,31,8,9,15,13,11,13,24,12,15,33,46,17,35,37,24,43,69,105,111,93,113,60,61,50,86,98,18,16,11,16,7,19,40,22,11,18,42,36,74,43,14,23,17,15,19,20,67,51,78,64,67,63,64,54,41,82,59,41,82,62,62,75,67,78,60,20,66,38,51,66,28,69,72,62,60,63,67,30,50,72,80,70,77,76,65,50,80,74,76,74,45,49,33,47,61,,25,56,48,55,25,16,33,
20201209,19,O3_8h_24h,12,18,12,19,31,26,12,48,22,14,23,23,23,53,29,34,47,38,46,61,32,52,73,55,12,46,49,49,44,51,37,47,29,29,61,76,57,37,66,79,87,22,30,29,6,74,81,7,46,27,30,8,10,75,79,86,61,56,75,77,76,59,85,113,26,11,31,67,59,27,72,61,49,27,10,7,40,75,53,45,38,38,77,21,30,27,10,37,35,31,15,21,32,5,44,9,77,67,103,92,49,76,65,86,72,64,72,53,66,18,59,54,27,55,65,47,38,38,35,59,34,26,51,18,21,14,37,26,23,25,26,23,53,30,15,51,35,64,100,63,119,31,42,56,18,35,21,38,30,80,30,34,66,51,32,61,75,67,34,53,14,60,15,13,21,10,11,,15,40,51,36,21,65,50,55,60,59,37,48,57,46,31,87,26,18,28,46,,30,27,55,62,63,28,37,17,52,80,64,61,74,44,69,73,83,40,48,35,48,44,52,51,55,54,60,37,39,38,60,53,63,64,34,41,39,39,36,32,15,17,43,37,30,27,26,32,7,35,76,31,54,62,60,12,18,11,24,60,23,17,12,36,18,24,21,17,25,20,20,31,14,47,30,11,21,13,12,14,24,13,16,34,46,20,39,38,36,44,72,105,111,94,113,60,61,50,86,98,19,20,35,16,9,20,40,22,11,18,44,41,74,43,36,35,17,15,29,20,67,56,78,65,67,63,64,54,42,82,59,41,82,63,62,75,67,80,60,20,66,59,68,76,28,71,72,63,65,65,67,36,58,73,80,70,77,76,65,50,80,74,76,74,45,49,33,47,61,,25,59,48,56,25,16,33,
20201209,19,CO,1.07,1.49,2.27,1.46,1.98,1.20,1.35,1.02,2.92,1.32,1.80,1.37,2.45,0.50,1.55,1.22,1.12,1.31,1.06,0.57,1.00,0.81,0.63,0.70,1.00,0.53,0.89,1.03,0.68,0.90,0.62,0.65,0.63,0.96,0.68,0.43,0.70,0.80,0.57,0.47,0.53,0.93,1.15,1.07,1.24,0.88,0.70,1.05,0.95,0.81,1.50,1.31,1.33,0.96,0.76,0.82,0.85,0.83,1.10,0.86,0.92,0.70,1.02,0.70,1.06,0.81,0.98,0.60,0.93,0.88,1.10,0.75,1.06,3.02,1.12,1.20,1.08,0.62,1.28,1.08,1.50,1.95,0.50,1.00,1.43,1.03,1.63,1.32,0.80,1.17,1.02,0.90,1.00,1.73,1.00,1.38,0.98,0.82,0.68,1.00,1.15,0.90,1.05,1.20,1.20,1.00,1.15,0.80,0.77,0.97,0.54,1.42,1.20,1.05,0.73,1.52,1.43,1.27,1.70,1.08,1.54,1.78,0.90,1.30,0.80,1.04,1.15,1.40,1.45,1.57,1.63,1.43,1.20,1.23,1.04,1.13,0.97,1.05,1.27,0.84,0.60,0.92,0.90,1.50,0.97,1.03,0.82,0.96,0.90,0.50,0.87,1.27,1.83,0.89,0.97,0.95,0.85,1.03,0.92,0.53,1.30,1.20,1.10,1.60,1.05,1.60,1.55,,1.80,1.25,0.75,0.95,2.30,0.90,0.80,0.93,0.75,0.60,1.20,0.83,0.95,1.00,0.75,0.70,1.40,0.90,0.75,0.80,,1.28,1.52,0.50,1.44,0.92,1.33,1.10,1.60,0.73,0.53,0.67,0.50,0.70,0.95,0.43,0.30,0.35,1.58,2.20,1.40,1.80,1.00,1.25,0.55,1.25,1.15,0.35,1.47,1.53,1.03,0.53,0.75,0.77,0.65,0.35,1.00,0.50,0.77,1.00,0.70,1.15,1.13,1.03,1.07,0.87,0.87,1.20,1.00,1.05,0.77,0.52,0.70,0.73,0.77,0.65,0.95,1.40,1.23,0.90,1.53,0.97,0.97,1.00,1.15,1.50,1.77,1.10,1.73,1.38,1.34,0.88,1.03,1.32,1.17,1.35,1.67,1.80,0.95,1.00,1.23,1.10,0.70,1.40,1.13,1.60,0.95,1.05,1.50,1.18,0.70,2.35,1.07,1.10,1.17,1.15,1.05,1.15,0.95,1.20,0.70,1.00,0.73,0.93,0.90,1.17,1.00,0.95,0.80,1.20,1.00,1.40,0.60,0.33,1.10,1.13,1.30,0.75,0.85,0.90,1.00,0.50,1.05,0.75,0.65,0.80,0.75,0.93,0.75,0.65,0.80,0.80,1.10,0.35,1.30,0.55,0.45,0.70,0.45,0.80,1.27,0.90,1.60,0.60,0.50,0.55,0.90,0.50,0.40,1.10,1.05,0.50,0.90,1.05,0.80,0.70,0.90,0.80,0.50,,1.00,0.70,0.47,0.70,0.70,2.40,1.50,2.50,0.60,0.50,3.80,1.43,1.00,1.43,,0.90,1.90,2.20,
20201209,19,CO_24h,0.78,1.11,1.40,1.05,1.60,1.18,1.03,0.90,1.92,1.00,1.33,1.00,1.40,1.84,1.62,1.31,0.85,0.87,0.84,0.53,0.88,0.60,0.63,0.72,0.97,0.53,0.64,0.73,0.53,0.80,0.44,0.45,0.68,0.89,0.75,0.45,0.67,0.67,0.63,0.53,0.53,0.83,1.07,1.07,1.04,0.76,0.67,1.20,1.04,0.76,1.14,1.24,1.23,0.88,0.78,0.85,0.81,0.77,0.97,0.78,0.80,0.63,0.93,0.77,0.83,0.79,0.91,0.80,1.08,1.15,0.85,0.95,1.42,2.48,1.23,1.03,2.17,0.86,1.05,1.32,1.30,1.40,0.53,0.93,1.10,0.97,1.37,1.18,0.76,0.88,1.06,0.83,0.90,1.30,0.73,0.98,0.88,0.70,0.80,0.90,0.80,0.83,0.85,0.80,1.05,0.75,0.95,0.90,1.20,0.90,1.04,1.34,2.18,1.28,1.88,1.20,1.22,1.33,1.90,0.90,0.72,1.26,0.76,0.87,0.73,0.97,0.93,1.20,1.30,1.03,1.27,1.23,1.08,1.23,1.14,1.38,0.97,0.90,1.07,0.97,0.60,0.77,0.88,1.94,0.90,0.80,0.75,0.86,0.74,0.55,1.03,1.23,1.67,0.81,1.47,0.90,0.75,1.90,0.96,0.73,0.95,1.20,1.40,0.95,1.20,1.40,1.30,,1.30,1.00,0.60,0.85,1.65,0.65,0.80,0.77,0.45,0.50,1.15,0.77,0.70,0.95,0.75,0.60,1.20,0.80,0.75,0.80,,1.15,1.18,0.45,1.16,0.96,2.05,1.67,1.23,0.90,0.73,0.60,0.40,0.65,0.65,0.50,0.50,0.50,1.26,1.15,1.32,1.73,0.87,1.25,1.15,1.80,0.80,0.45,0.80,1.17,0.77,0.50,0.65,0.47,1.25,0.35,0.60,0.60,0.58,0.82,0.67,1.13,1.15,0.93,0.85,0.73,0.70,1.08,0.85,1.10,0.73,0.65,0.63,0.53,0.60,0.65,0.85,1.27,1.07,0.85,1.38,0.88,1.17,1.03,1.10,1.13,1.05,1.00,1.50,1.23,1.30,0.82,1.03,1.10,1.07,1.15,1.23,1.23,0.95,0.95,1.13,1.07,0.45,1.40,1.05,1.63,0.93,0.92,1.58,1.25,0.85,1.15,0.77,1.03,0.90,0.95,1.00,0.80,0.95,0.85,0.75,0.83,0.70,0.82,0.93,1.00,0.87,0.60,0.90,0.90,0.90,0.70,0.40,0.95,1.05,0.93,1.10,0.80,0.80,0.95,1.10,0.55,1.85,0.55,0.55,0.70,0.85,0.73,0.70,0.70,0.75,0.80,0.95,0.55,1.10,0.75,1.25,1.70,0.55,0.65,1.10,1.07,1.05,0.95,0.50,1.35,0.85,0.60,0.50,0.80,0.90,0.50,0.70,1.50,0.70,0.90,0.70,0.60,0.70,0.80,1.20,0.70,0.53,0.55,0.90,2.90,1.05,2.60,1.00,0.90,1.50,2.43,1.75,1.30,1.70,0.90,2.25,2.60,
20201209,20,AQI,81,138,145,125,120,149,130,79,105,129,197,193,186,32,103,141,140,89,136,35,66,65,39,73,89,68,69,71,71,56,106,59,84,82,39,35,52,62,36,41,21,86,65,76,128,41,32,101,106,64,226,116,104,59,69,72,67,83,74,74,69,54,76,66,58,71,28,47,61,105,60,73,94,295,140,134,82,49,106,66,106,149,47,124,197,116,149,133,126,115,79,101,109,81,99,164,64,31,56,80,71,29,63,84,56,64,73,61,42,156,53,103,93,93,34,159,148,99,150,99,80,130,68,95,73,99,145,196,264,170,201,166,206,106,69,173,71,63,94,58,46,54,58,67,63,65,66,58,27,38,121,148,106,109,109,63,47,91,153,68,96,123,93,77,59,116,93,,146,73,58,76,106,70,54,47,59,33,75,76,68,75,79,51,90,92,76,54,,134,243,54,120,85,101,133,120,75,50,79,30,70,80,35,21,40,169,143,108,98,77,90,40,66,80,54,114,179,84,52,63,66,53,56,133,25,100,146,103,105,111,62,88,124,121,90,120,144,93,37,48,37,32,47,64,118,84,106,66,71,90,104,96,173,179,230,287,237,243,156,164,90,149,240,123,156,96,95,60,156,55,108,109,164,69,76,61,119,53,77,109,79,78,72,71,75,73,69,66,51,46,70,42,66,60,69,58,70,71,81,38,54,55,14,61,15,53,34,19,29,50,50,50,43,40,62,60,56,35,58,84,26,59,54,23,24,25,52,99,115,206,80,65,90,86,54,58,104,54,46,54,57,65,69,83,70,37,47,51,63,24,34,50,149,86,257,68,72,120,139,66,108,59,40,318,500,
20201209,20,PM2.5,60,105,111,95,91,114,99,58,79,98,148,145,140,18,77,108,107,66,104,22,40,37,27,53,66,48,43,52,50,35,80,42,62,48,18,17,25,37,18,21,10,57,45,56,97,27,21,76,80,37,176,88,78,37,50,52,43,61,54,54,49,38,50,48,33,52,18,13,35,79,40,53,70,245,107,102,31,16,80,48,80,114,25,94,148,88,114,101,96,87,58,76,82,60,74,125,46,20,40,59,52,20,45,62,40,46,53,44,22,119,20,77,69,69,14,121,113,74,115,74,46,99,41,71,53,74,111,147,214,129,151,126,156,80,50,131,50,45,70,41,32,30,41,48,45,47,34,41,19,23,92,113,80,82,82,34,30,68,117,25,72,93,69,46,37,88,69,,112,49,33,43,80,44,24,27,35,18,55,56,37,55,58,36,58,52,55,33,,102,193,18,91,59,76,101,91,45,19,58,21,22,59,24,9,28,128,109,81,73,56,67,28,48,59,31,86,135,57,33,45,48,37,40,101,12,75,112,77,79,84,39,65,94,92,67,91,110,69,18,28,23,17,33,46,89,62,80,37,52,67,78,72,131,135,180,237,187,193,119,125,67,114,190,93,119,72,71,43,119,24,81,82,125,50,56,44,90,37,38,82,58,56,48,44,51,53,50,37,34,31,51,26,48,43,47,41,51,52,60,21,38,39,10,44,10,37,24,10,18,19,26,21,30,13,30,43,23,19,30,50,18,35,13,8,17,7,26,74,87,156,59,47,67,64,33,26,78,31,28,38,29,47,50,61,,15,19,16,12,17,24,35,107,64,207,49,40,91,106,33,81,31,28,268,246,
20201209,20,PM2.5_24h,43,71,82,65,59,85,70,43,47,72,78,86,67,97,79,60,57,41,60,21,47,28,22,26,53,31,30,39,39,23,44,26,40,41,19,24,25,31,21,26,10,47,48,55,76,15,11,82,75,34,112,89,122,42,45,48,40,48,45,49,45,32,40,51,24,50,21,29,30,95,37,58,86,178,129,125,73,39,53,47,57,65,15,52,86,77,84,82,55,48,58,58,80,42,35,68,42,24,59,54,42,41,43,45,33,37,44,36,21,92,51,85,114,65,65,59,66,50,109,34,21,74,24,70,63,88,95,108,144,87,121,122,142,89,93,123,50,34,52,38,29,36,52,51,39,41,42,39,12,19,103,104,64,85,101,28,35,119,101,50,65,82,66,42,52,76,59,,69,42,22,30,46,30,23,26,26,19,51,35,28,48,52,22,64,52,51,33,,114,129,21,81,60,78,116,64,47,41,43,16,26,45,20,15,44,82,58,52,60,36,43,37,35,33,23,37,76,34,29,21,33,80,26,63,12,57,87,60,63,88,38,57,88,72,66,69,80,63,13,41,33,16,20,30,83,57,68,42,52,62,54,66,87,90,136,160,166,160,93,121,62,121,163,77,156,86,61,49,121,21,99,85,140,42,62,59,86,50,31,43,44,40,43,36,29,42,38,39,32,31,40,48,40,34,36,41,26,45,29,14,42,30,17,52,16,14,21,22,16,54,17,19,25,24,24,25,27,18,23,30,18,18,13,28,39,7,14,65,56,129,113,32,49,57,38,38,43,41,28,19,27,37,66,28,49,23,26,15,10,49,41,53,72,46,205,60,50,76,125,52,72,32,17,278,260,
20201209,20,PM10,101,132,189,162,146,183,171,87,150,151,241,202,194,32,145,160,157,94,102,35,82,80,37,61,107,85,88,90,92,62,92,58,75,113,39,35,53,73,36,41,20,121,79,91,121,41,32,117,125,78,205,125,57,68,82,93,84,97,91,69,88,56,101,59,65,80,28,47,72,99,69,71,110,267,120,127,114,49,108,73,81,158,47,116,221,152,130,137,132,133,104,76,137,109,105,148,78,31,51,107,88,29,72,86,62,62,62,52,42,186,55,116,104,94,34,184,152,92,154,100,109,151,85,94,85,85,136,191,243,197,200,145,184,118,69,82,92,62,116,63,41,58,47,83,52,58,82,57,24,38,99,152,103,116,111,76,47,94,146,86,122,140,126,103,67,140,115,,141,95,65,101,145,89,57,47,67,33,94,95,86,95,82,50,130,134,101,57,,145,194,58,150,120,117,145,145,100,50,80,27,90,74,35,14,39,182,128,111,101,103,91,36,73,84,58,107,210,117,53,64,43,46,57,128,25,114,155,134,129,77,73,99,114,126,102,132,123,59,37,48,37,32,45,62,119,109,73,81,84,95,125,105,185,197,209,213,224,249,128,155,105,168,206,116,120,122,109,68,140,59,87,100,147,56,83,67,121,54,103,123,102,106,93,92,100,82,81,82,52,46,53,42,82,68,87,48,79,69,79,38,58,51,12,55,15,43,31,19,29,50,50,50,32,40,73,59,62,35,65,117,19,67,58,16,19,10,53,88,78,206,80,76,102,93,57,66,119,57,46,52,63,79,56,108,89,37,47,52,75,22,34,42,247,109,332,84,94,124,136,82,109,68,21,341,752,
20201209,20,PM10_24h,77,92,142,113,105,145,122,75,92,123,129,128,112,151,123,104,83,60,73,31,81,42,33,44,89,60,57,62,63,43,59,52,53,86,35,43,47,59,41,47,19,95,70,96,91,23,15,113,121,69,142,110,86,68,73,85,70,73,73,65,67,48,68,68,41,74,35,62,55,117,58,77,128,188,141,142,120,66,77,71,70,106,19,86,142,126,120,114,98,87,100,77,118,81,55,105,56,32,78,86,50,50,54,58,46,51,62,57,42,152,113,118,171,105,100,117,111,81,150,52,62,113,48,70,78,101,133,145,170,137,169,129,158,124,121,92,78,42,72,55,43,51,62,77,43,51,63,50,18,34,111,134,75,102,144,60,57,157,131,90,107,126,124,97,92,120,103,,97,77,46,61,76,55,43,41,44,32,68,58,62,73,72,35,125,113,84,56,,154,132,35,122,105,132,155,115,111,71,63,20,60,66,37,27,55,127,96,90,92,65,63,69,91,54,47,54,122,79,46,40,47,128,46,84,32,85,123,104,106,95,55,89,120,96,105,105,98,61,23,50,39,25,27,53,115,102,57,71,82,86,87,97,122,135,159,173,212,209,102,168,91,166,160,99,150,129,93,58,145,41,121,92,159,46,86,84,118,75,56,63,67,63,67,60,52,60,53,86,45,39,43,64,64,49,54,48,33,58,40,42,63,42,19,71,24,22,28,29,25,92,32,37,39,37,37,44,59,26,51,64,27,40,32,48,50,13,25,78,66,132,125,51,78,78,52,68,66,58,42,32,63,58,75,54,77,35,53,44,35,62,52,59,176,78,295,102,106,99,175,113,88,40,19,358,344,
20201209,20,SO2,5,18,26,22,27,18,19,35,29,17,18,19,33,7,21,26,16,26,31,6,9,8,5,14,10,8,9,11,6,7,6,4,5,7,9,6,8,6,7,4,5,10,8,6,9,4,4,7,22,14,10,10,6,9,7,7,9,11,10,12,11,5,9,7,9,8,13,8,9,10,14,19,9,10,7,8,19,9,12,18,17,39,4,24,13,17,26,26,16,16,21,17,27,23,9,12,7,8,6,14,7,7,10,14,9,15,14,11,8,10,20,21,16,34,11,26,31,30,52,19,28,24,12,20,11,7,10,10,10,11,11,10,10,15,9,7,3,14,10,18,6,8,7,25,9,4,3,3,24,8,8,26,12,6,7,9,19,34,6,4,32,14,20,23,17,37,23,,11,28,9,8,14,10,7,9,10,12,15,12,13,12,10,6,5,5,7,7,,5,8,5,18,22,16,21,16,13,8,19,6,6,34,6,8,9,68,27,19,35,17,18,13,16,14,11,13,27,15,13,16,10,14,13,13,15,11,9,5,7,14,7,8,7,6,6,6,9,12,4,13,4,11,3,15,15,34,10,17,16,19,6,22,10,14,6,14,8,7,6,6,12,6,10,8,4,3,10,9,7,8,8,21,3,5,9,4,5,7,11,15,10,12,12,10,10,9,10,10,4,10,4,3,8,5,12,7,6,6,17,7,13,13,18,4,9,7,17,6,6,9,9,4,14,7,8,8,9,6,3,14,8,12,7,4,9,11,9,14,25,13,7,13,11,8,16,13,9,16,11,24,10,9,23,48,12,14,12,18,17,4,8,10,25,3,6,11,6,11,5,15,18,4,8,12,4,
20201209,20,SO2_24h,7,19,20,19,28,23,19,28,29,18,33,23,22,44,24,34,16,22,24,6,9,8,5,14,14,8,9,10,8,8,7,7,7,8,10,7,9,10,8,5,5,9,5,6,10,4,4,9,22,13,13,9,8,9,7,9,10,11,11,13,11,7,12,10,8,8,12,12,6,15,12,21,14,9,8,8,34,16,13,28,31,26,3,34,18,20,39,25,21,17,21,29,27,18,7,29,10,9,23,33,6,9,11,11,9,10,15,19,9,14,38,19,66,52,28,18,26,27,46,18,34,18,10,14,10,7,10,15,12,12,15,13,8,17,13,9,3,10,12,21,6,6,7,25,13,4,3,3,14,8,11,25,10,8,15,25,22,47,6,5,22,16,24,20,21,23,23,,10,23,8,6,11,10,7,20,9,8,13,11,12,11,11,7,5,4,10,8,,6,10,5,18,28,86,20,22,23,10,19,4,7,23,10,10,8,67,18,24,31,19,18,28,20,14,11,14,16,15,14,14,9,11,16,17,24,14,10,8,10,10,6,13,8,6,7,9,8,8,4,13,7,8,4,19,33,41,17,15,18,32,6,14,16,14,11,15,8,7,8,7,14,7,10,10,9,3,13,9,6,7,16,18,3,5,11,11,8,6,15,12,15,12,11,16,8,9,10,13,5,8,5,6,7,7,10,7,5,5,14,7,13,9,19,3,10,6,39,8,6,26,8,4,10,15,10,6,9,6,12,13,8,9,7,6,9,10,8,18,21,18,15,31,14,6,17,8,9,9,9,12,11,8,21,26,17,16,21,31,17,16,5,9,16,7,7,23,7,10,6,22,17,3,4,11,5,
20201209,20,NO2,68,87,86,87,79,70,79,52,64,85,74,81,90,23,61,65,51,56,61,56,75,94,41,45,55,61,92,90,63,37,50,42,50,84,62,38,67,81,49,24,22,79,71,48,70,20,36,46,55,77,82,56,48,71,57,56,81,75,76,57,43,55,75,13,53,55,21,24,65,55,57,60,69,94,60,55,59,23,55,29,73,76,33,49,65,57,74,62,57,65,63,55,61,77,36,74,48,31,16,47,57,18,48,41,54,36,39,47,32,51,33,73,57,64,20,62,62,42,77,41,57,78,35,70,69,45,47,70,74,66,67,70,50,39,53,27,28,21,64,24,9,46,33,69,41,36,51,29,27,38,57,65,78,53,42,53,57,51,56,48,62,51,70,76,59,67,68,,72,63,50,54,80,91,99,67,70,49,72,78,83,82,72,22,64,76,76,57,,51,58,57,46,49,31,57,61,59,13,34,10,16,59,12,5,18,61,68,69,54,48,23,15,12,36,10,42,84,41,21,38,33,23,17,44,12,71,62,52,70,52,33,81,46,51,53,47,70,68,21,31,29,30,19,34,46,52,47,27,48,35,37,46,69,74,44,66,64,56,45,29,62,51,57,58,41,22,52,51,48,45,37,50,32,39,46,24,41,24,70,57,58,55,35,39,34,37,28,22,44,31,26,40,56,47,51,34,33,51,38,35,31,22,20,34,25,24,24,14,7,25,29,23,23,15,14,17,33,29,20,48,13,49,49,7,21,6,22,43,46,65,38,52,51,63,29,46,80,33,26,36,47,32,44,44,21,60,14,44,47,17,37,35,82,70,83,36,40,24,50,43,55,45,32,79,59,
20201209,20,NO2_24h,61,71,70,72,62,58,69,37,54,71,57,60,61,61,51,50,42,43,47,50,54,50,30,44,55,47,47,55,41,27,33,45,40,65,48,31,41,60,51,22,16,59,46,43,65,15,18,46,49,68,58,52,43,50,32,55,51,59,59,37,25,40,39,16,40,48,24,35,39,47,38,44,51,78,55,46,56,29,39,34,60,50,17,59,51,50,68,53,49,53,57,47,49,67,30,60,26,23,23,31,29,16,23,27,25,21,29,43,25,48,46,41,62,57,47,32,41,41,57,33,26,62,24,52,50,37,47,57,55,48,55,50,32,37,41,40,22,16,25,22,16,34,31,52,29,31,38,23,19,24,47,48,52,35,51,25,24,47,44,30,55,44,67,68,57,52,62,,54,52,31,36,58,48,51,48,39,44,46,50,40,56,54,19,56,60,55,45,,42,34,38,37,40,63,49,53,49,15,29,8,11,43,16,8,13,46,32,47,42,41,30,32,25,27,13,30,60,31,20,25,25,48,17,40,21,51,44,45,62,42,24,67,42,52,52,35,58,62,15,28,23,15,16,27,37,46,40,30,45,40,32,42,61,55,43,53,43,49,39,39,53,36,42,50,45,33,45,38,36,30,39,37,34,31,40,25,40,20,31,23,28,28,27,24,24,27,20,25,37,20,23,40,42,25,29,33,27,35,19,31,34,16,15,23,23,16,25,18,13,29,15,17,19,22,12,14,24,18,25,29,12,22,31,24,21,9,10,34,52,35,40,23,44,31,22,30,35,17,20,22,41,25,34,23,24,35,21,25,41,20,22,26,59,39,69,46,40,28,64,40,35,18,16,72,69,
20201209,20,O3,3,5,6,5,7,5,3,30,10,5,8,4,8,65,10,13,29,16,39,47,4,4,47,43,6,4,2,3,3,19,18,47,10,3,26,56,19,7,49,61,68,3,8,8,2,65,53,3,18,6,4,6,3,36,51,70,17,34,48,37,56,28,39,104,5,4,8,46,24,12,35,42,21,22,5,4,18,64,34,28,11,14,43,34,7,6,5,13,23,28,8,5,8,4,52,6,29,55,105,65,16,70,38,64,26,41,40,31,39,7,47,14,22,31,68,14,17,26,11,37,6,11,35,2,2,3,28,4,3,6,15,7,6,16,6,45,27,45,46,38,125,9,17,26,3,12,8,38,12,62,20,6,15,21,26,29,35,43,26,32,3,30,3,7,10,6,5,,6,6,23,14,9,2,1,23,24,46,4,7,5,4,5,64,22,8,2,9,,20,6,23,43,25,47,27,9,10,72,56,52,64,20,65,66,56,16,10,10,26,23,43,52,52,44,54,15,17,21,52,35,43,66,40,40,43,12,4,4,10,7,32,11,7,15,20,3,2,22,63,26,31,35,47,3,6,3,4,50,9,17,6,16,7,3,8,9,5,9,4,42,4,7,2,5,14,22,6,2,10,4,12,14,33,15,24,28,30,27,12,66,80,60,80,27,42,76,55,91,5,8,9,15,3,5,27,20,3,7,15,20,57,54,4,7,11,21,18,16,52,19,57,35,43,52,46,38,6,57,42,17,69,42,44,75,58,80,38,7,59,7,38,34,30,32,58,46,22,49,54,17,28,50,48,54,72,18,54,18,56,70,50,51,25,18,12,50,43,,28,45,32,,1,6,27,
20201209,20,O3_24h,18,36,21,30,44,39,19,63,30,22,35,31,39,79,40,44,55,52,57,74,35,64,89,65,22,48,61,72,46,52,48,65,40,38,74,89,69,49,81,87,92,29,38,35,9,80,88,10,56,42,49,11,21,92,96,105,76,73,92,101,90,69,108,122,28,24,32,82,74,40,81,78,64,33,14,9,55,81,61,56,47,47,86,44,46,37,15,48,43,43,33,32,40,22,59,31,96,76,117,101,67,86,80,98,83,80,87,64,77,24,67,68,39,68,74,56,50,44,50,68,46,38,60,27,32,18,49,40,38,42,37,29,68,46,23,60,51,69,126,76,132,48,43,83,19,37,31,44,35,90,41,53,87,72,42,74,78,82,43,70,23,76,26,20,34,17,20,,17,41,56,46,31,79,58,77,80,72,42,75,57,70,38,101,36,23,39,59,,45,33,74,75,73,53,50,22,66,83,73,65,78,58,75,76,86,60,52,41,63,57,65,62,65,62,70,54,48,47,67,64,68,74,42,50,48,55,42,34,19,23,54,38,36,36,30,37,17,45,81,36,61,69,63,18,30,16,40,72,30,22,20,44,27,37,29,25,34,28,25,47,20,54,50,14,31,22,18,22,39,24,22,44,55,22,48,48,40,49,94,129,131,116,134,74,80,105,107,116,26,22,39,26,14,28,57,31,19,28,62,49,94,55,40,42,20,24,30,88,75,87,87,71,78,73,82,60,59,99,75,58,95,80,77,84,70,87,68,28,78,67,68,78,36,79,81,67,79,72,76,51,67,83,90,87,85,82,80,57,89,78,81,81,55,60,44,63,72,,38,75,57,72,37,39,39,
20201209,20,O3_8h,8,14,11,14,21,24,9,49,16,12,20,19,20,58,27,31,38,28,43,56,15,35,68,50,11,11,28,36,10,27,34,51,24,19,46,72,45,22,63,74,78,16,24,25,4,73,72,6,37,24,28,7,9,71,78,88,56,55,74,75,75,54,83,114,12,11,10,66,57,26,60,58,48,27,8,6,39,74,51,41,30,29,69,23,29,21,10,28,32,31,13,11,17,4,44,7,72,66,107,91,47,78,63,85,64,63,70,51,65,16,58,48,28,52,65,35,32,34,30,52,21,19,45,9,9,6,38,19,22,23,26,19,28,25,14,54,35,63,99,60,122,30,16,57,5,14,19,36,18,80,30,31,60,51,32,58,61,67,35,55,11,55,10,11,18,9,10,,8,11,32,22,17,45,33,35,46,39,18,32,33,36,22,83,25,14,20,41,,31,22,54,61,53,34,38,14,49,79,63,58,73,40,67,68,81,34,31,29,42,36,46,51,56,50,59,31,30,33,56,52,56,66,35,40,40,21,13,12,12,14,43,18,9,23,24,11,5,33,73,28,52,55,57,10,15,9,19,59,19,17,9,33,13,20,18,15,23,19,16,34,9,28,8,8,16,15,11,12,24,11,15,32,45,17,35,36,25,42,64,105,112,92,114,58,61,56,85,101,16,15,11,17,7,18,40,23,11,17,39,36,76,46,13,21,16,16,19,21,68,49,76,61,67,64,62,52,44,77,59,41,80,61,63,78,67,82,59,19,65,33,51,62,29,65,72,60,54,61,67,32,46,70,77,69,78,67,65,47,78,75,74,71,44,46,29,50,59,,27,60,47,57,23,15,33,
20201209,20,O3_8h_24h,12,18,12,19,31,26,12,49,22,14,23,23,23,58,29,34,47,38,46,61,32,52,73,55,12,46,49,49,44,51,37,51,29,29,61,76,57,37,66,79,87,22,30,29,6,74,81,7,46,27,30,8,10,75,80,89,61,56,76,77,76,59,85,114,26,11,31,67,59,27,72,61,50,27,10,7,40,75,53,45,38,38,77,23,30,27,10,37,35,31,15,21,32,5,45,9,77,67,107,92,49,78,65,86,72,64,72,53,66,18,59,54,28,55,66,47,38,38,35,59,34,26,51,18,21,14,38,26,23,25,27,23,53,30,15,54,36,64,100,63,122,31,42,57,18,35,21,38,30,80,30,34,66,51,33,61,75,68,35,55,14,60,15,13,21,10,11,,15,40,51,36,21,65,50,55,60,59,37,48,57,46,31,87,26,18,28,46,,31,27,55,62,63,34,38,17,52,80,64,61,74,44,69,73,83,40,48,35,48,44,52,51,56,54,60,37,39,38,60,53,63,66,35,41,40,39,36,32,15,17,43,37,30,27,26,32,7,35,76,31,54,62,60,12,18,11,24,61,23,17,12,36,18,24,21,17,25,20,20,34,14,47,30,11,21,15,12,14,24,13,16,34,46,20,39,38,36,44,72,107,112,94,114,60,61,59,86,101,19,20,35,17,9,20,41,23,11,18,44,42,76,46,36,35,17,16,29,21,68,56,78,65,67,64,64,54,45,83,60,42,82,63,63,78,67,82,60,20,66,59,68,76,29,71,72,63,65,65,67,36,58,73,80,70,78,76,65,50,80,75,76,74,45,49,33,50,62,,27,60,49,57,25,16,33,
20201209,20,CO,1.06,1.58,2.29,1.45,1.84,1.18,1.55,1.10,2.83,1.30,2.10,1.40,2.70,0.45,1.73,1.27,1.14,1.08,1.17,0.53,1.02,0.86,0.63,0.80,0.93,0.55,0.97,1.10,0.60,0.85,0.64,0.63,0.63,0.99,0.61,0.40,0.67,0.63,0.57,0.50,0.50,1.00,1.03,1.07,1.20,0.84,0.77,1.13,1.02,0.85,1.64,1.26,1.32,1.00,0.81,0.80,0.94,0.90,1.03,0.90,0.86,0.70,1.11,0.70,1.08,0.86,0.93,0.53,1.77,0.93,1.40,0.75,1.12,3.20,1.12,1.13,0.97,0.66,1.42,1.10,1.57,2.13,0.50,1.00,1.50,1.07,1.60,1.34,0.80,1.17,0.94,0.93,0.97,1.53,1.03,1.35,1.02,0.75,0.67,0.97,1.05,0.83,1.10,0.90,1.30,0.90,1.10,1.00,0.80,1.07,0.52,1.72,1.17,1.07,0.65,1.70,1.58,1.40,2.06,1.13,1.70,1.72,0.92,1.33,0.88,1.01,1.10,1.35,1.48,1.70,1.60,1.47,1.20,1.20,1.14,1.23,0.93,1.05,1.23,0.80,0.60,1.10,0.82,1.80,0.93,1.00,0.90,0.94,0.86,0.45,0.93,1.30,2.10,0.90,0.97,1.35,0.70,1.03,1.06,0.77,1.25,1.20,1.20,1.60,1.20,1.95,1.45,,1.80,1.15,0.75,1.00,2.25,1.05,0.80,0.67,0.65,0.80,1.20,0.87,0.90,1.15,0.85,0.65,1.30,1.00,0.80,0.90,,1.20,1.60,0.45,1.58,0.96,0.70,1.23,1.13,0.80,0.60,0.63,0.45,0.70,0.95,0.37,0.35,0.30,1.94,2.15,1.38,1.55,0.97,1.25,0.50,1.25,1.05,0.50,1.30,2.00,1.17,0.50,0.80,0.82,0.65,0.30,1.10,0.50,0.82,0.98,0.70,1.13,1.10,1.17,1.05,0.83,0.90,1.20,1.05,1.20,0.80,0.52,0.63,0.67,0.77,0.65,0.95,1.45,1.20,0.88,1.38,0.95,1.03,0.95,1.10,1.40,1.95,1.13,1.67,1.73,1.40,0.88,0.97,1.32,1.23,1.38,1.40,1.43,0.80,0.95,1.33,1.07,0.75,1.38,1.25,1.60,0.97,1.07,1.40,1.10,0.70,2.42,1.13,1.03,1.23,1.05,1.10,1.00,1.00,0.90,0.65,1.10,0.80,0.90,0.93,1.13,1.05,0.95,0.87,1.23,1.05,1.15,0.50,0.45,1.03,1.13,1.30,0.70,0.85,0.90,1.00,0.50,1.10,0.80,0.65,0.90,0.70,0.83,0.75,0.75,0.80,0.85,1.25,0.45,1.75,0.75,0.50,1.05,0.45,1.20,1.37,0.93,1.65,0.70,0.55,0.60,0.95,0.60,0.55,1.40,1.00,0.55,1.20,1.00,0.80,1.00,1.00,0.40,0.80,0.30,1.20,0.70,0.43,0.60,0.95,5.05,1.80,2.55,0.80,0.60,1.50,1.27,1.15,1.57,,0.90,1.85,2.20,
20201209,20,CO_24h,0.81,1.13,1.47,1.10,1.64,1.18,1.08,0.90,1.95,1.02,1.37,1.03,1.52,1.79,1.62,1.29,0.85,0.88,0.87,0.53,0.90,0.60,0.63,0.72,0.97,0.53,0.66,0.77,0.53,0.80,0.46,0.45,0.63,0.89,0.74,0.45,0.67,0.67,0.60,0.53,0.53,0.83,1.03,1.10,1.07,0.74,0.67,1.20,1.04,0.76,1.19,1.24,1.24,0.86,0.78,0.85,0.81,0.77,0.97,0.78,0.80,0.63,0.93,0.77,0.84,0.77,0.92,0.78,1.08,1.13,0.85,0.95,1.38,2.50,1.23,1.03,2.17,0.80,1.07,1.33,1.30,1.43,0.50,0.93,1.17,0.97,1.43,1.20,0.76,0.92,1.06,0.83,0.90,1.33,0.77,1.03,0.90,0.72,0.78,0.90,0.80,0.83,0.85,0.80,1.05,0.75,0.95,0.90,1.20,0.90,1.02,1.38,2.17,1.28,1.78,1.23,1.22,1.35,1.92,0.90,0.78,1.26,0.76,0.93,0.73,0.97,0.97,1.25,1.30,1.10,1.27,1.23,1.08,1.23,1.14,1.38,0.97,0.90,1.10,0.92,0.60,0.77,0.88,1.94,0.90,0.80,0.75,0.86,0.74,0.55,1.00,1.27,1.70,0.81,1.43,0.95,0.80,1.83,0.96,0.73,0.95,1.20,1.50,1.05,1.20,1.45,1.35,,1.35,1.00,0.60,0.85,1.70,0.70,0.80,0.77,0.50,0.50,1.15,0.77,0.70,1.00,0.75,0.60,1.20,0.80,0.75,0.80,,1.15,1.18,0.45,1.20,0.94,1.97,1.70,1.23,0.90,0.73,0.60,0.40,0.65,0.70,0.50,0.50,0.50,1.28,1.15,1.32,1.70,0.90,1.25,1.15,1.80,0.90,0.45,0.80,1.23,0.77,0.50,0.65,0.47,1.25,0.35,0.60,0.60,0.58,0.80,0.67,1.13,1.15,0.93,0.85,0.77,0.70,1.08,0.85,1.10,0.73,0.65,0.63,0.53,0.60,0.65,0.85,1.27,1.07,0.85,1.38,0.90,1.17,1.03,1.10,1.17,1.07,1.02,1.50,1.27,1.30,0.82,1.03,1.10,1.07,1.20,1.27,1.23,0.95,0.95,1.13,1.10,0.45,1.42,1.05,1.63,0.93,0.92,1.55,1.25,0.80,1.15,0.77,1.03,0.93,0.95,1.00,0.80,0.95,0.85,0.70,0.83,0.70,0.82,0.93,1.03,0.90,0.63,0.90,0.90,0.93,0.70,0.40,0.93,1.05,0.93,1.10,0.75,0.80,0.95,1.10,0.55,1.75,0.55,0.55,0.70,0.85,0.73,0.70,0.65,0.75,0.80,0.95,0.50,1.10,0.70,1.20,1.75,0.55,0.65,1.13,1.10,1.05,0.95,0.50,1.30,0.85,0.60,0.50,0.85,0.90,0.50,0.70,1.40,0.70,0.90,0.80,0.60,0.70,0.70,1.20,0.70,0.50,0.50,0.90,3.00,1.05,2.50,1.00,0.90,1.50,2.43,1.80,1.30,1.70,0.90,2.25,2.60,
20201209,21,AQI,86,145,153,133,114,144,128,85,108,115,186,187,186,39,110,148,157,81,135,31,67,62,47,70,89,64,70,79,70,49,115,61,83,83,40,37,65,58,35,44,21,95,66,76,126,42,36,104,111,65,229,118,100,65,65,83,77,78,75,75,69,54,77,60,57,69,28,42,108,104,58,74,95,304,136,108,82,49,101,94,106,160,50,125,202,124,150,129,131,118,71,114,105,78,109,163,63,29,54,81,60,31,68,88,65,58,74,64,35,153,52,119,93,84,30,156,161,96,164,106,97,154,68,93,76,98,141,200,262,184,194,167,207,109,74,184,78,68,96,56,50,61,53,73,65,63,57,61,26,42,148,151,118,105,108,74,40,108,149,75,94,126,115,72,64,115,88,,156,67,54,70,110,76,54,44,58,34,73,69,71,75,79,43,92,94,79,54,,138,245,54,135,85,43,140,96,82,40,68,30,48,68,31,21,40,156,146,126,85,78,81,41,59,65,52,84,197,81,57,68,56,51,58,136,16,104,136,105,108,106,78,89,113,125,95,116,141,93,34,51,37,32,49,61,110,84,101,62,76,91,98,91,186,197,229,259,247,248,161,151,88,151,238,120,177,86,96,66,157,57,113,129,163,74,80,63,106,50,86,105,79,70,60,75,78,75,59,68,56,48,65,42,65,64,71,49,69,75,66,47,59,51,11,64,11,46,33,18,33,48,52,46,46,23,54,54,65,33,63,70,37,59,32,30,76,23,45,110,123,189,79,64,90,78,56,64,105,57,46,49,57,66,84,93,105,55,40,51,55,29,50,54,189,94,259,71,81,123,129,76,119,70,32,313,279,
20201209,21,PM2.5,64,111,117,101,86,110,97,63,81,87,140,141,140,23,83,113,120,60,103,20,42,35,33,51,66,45,43,58,50,34,87,44,61,46,21,19,38,37,16,23,10,63,47,56,96,29,22,78,84,37,179,89,75,42,47,61,48,57,55,55,50,38,50,43,36,50,19,15,81,78,40,54,71,254,104,81,33,18,76,70,80,122,27,95,152,94,115,98,100,89,52,86,79,57,82,124,45,20,38,60,43,22,49,65,47,41,54,43,21,117,21,90,69,62,13,119,123,72,125,80,54,118,44,69,56,73,108,150,212,139,146,127,157,82,54,139,57,49,72,40,35,35,37,53,47,45,36,44,18,17,113,116,89,79,81,47,28,81,114,32,70,96,87,43,43,87,65,,119,41,36,43,83,41,22,25,27,19,53,50,42,55,58,30,60,57,58,34,,105,195,18,103,63,30,107,65,46,18,49,21,21,49,22,11,28,119,112,96,63,52,60,29,41,47,29,62,148,54,36,49,40,36,41,104,7,78,104,79,81,80,57,66,85,95,71,88,108,69,17,28,23,18,34,44,83,62,76,42,56,68,73,68,140,148,179,209,197,198,123,116,65,116,188,91,134,64,72,48,120,26,85,98,124,54,59,45,80,34,51,75,58,51,43,48,57,55,42,41,36,31,47,26,47,46,50,34,50,55,48,19,42,36,8,46,6,32,23,12,23,20,29,26,32,12,38,38,30,21,26,44,26,42,9,21,56,5,20,83,93,142,58,46,67,57,40,35,79,35,28,34,27,48,62,69,79,21,26,18,19,20,30,38,131,70,209,52,48,93,98,37,90,29,19,263,229,
20201209,21,PM2.5_24h,45,73,86,67,61,88,71,44,49,74,82,90,71,93,79,61,61,42,62,20,46,27,22,28,53,31,30,39,38,23,47,27,38,41,19,24,27,31,21,25,9,46,48,56,78,16,11,82,77,34,116,89,120,42,45,49,40,49,47,49,45,33,40,51,24,51,21,29,32,95,36,59,86,181,128,122,72,37,55,46,56,66,15,54,91,79,87,84,56,51,58,59,82,43,38,72,42,24,57,53,42,39,43,46,34,37,44,36,21,93,49,85,113,65,60,62,67,51,109,35,23,75,25,71,62,88,97,112,149,90,123,123,144,88,90,123,50,35,53,38,29,36,51,51,39,40,41,39,12,19,104,104,65,84,100,29,35,116,103,49,66,85,66,42,51,78,61,,72,42,22,32,47,30,22,25,25,18,49,35,28,48,52,22,63,50,50,33,,113,130,20,82,59,78,116,65,47,37,43,16,23,46,20,15,42,83,60,54,58,36,43,36,35,34,24,37,79,35,29,23,33,79,27,64,12,58,88,61,63,88,39,58,88,72,67,70,80,63,13,40,32,16,20,30,82,58,68,42,53,62,55,67,91,93,138,163,168,161,95,121,62,121,165,77,155,85,62,50,121,21,99,85,139,42,63,58,87,48,31,45,45,41,43,36,30,43,38,39,32,31,40,47,40,33,36,41,27,46,29,14,41,31,16,52,15,15,21,21,17,49,18,19,23,24,24,26,26,18,22,29,18,19,11,27,41,7,14,66,58,132,109,32,51,55,38,37,45,40,28,20,27,38,66,30,50,23,26,16,11,46,39,52,74,47,203,59,50,78,124,51,73,31,17,277,260,
20201209,21,PM10,109,144,193,171,138,178,172,95,140,154,235,210,201,39,151,165,177,82,103,31,84,74,39,52,102,77,89,100,90,47,95,61,79,116,40,37,79,66,35,44,20,140,81,86,108,42,36,118,125,79,224,122,56,80,77,109,103,89,87,72,87,58,104,54,64,79,28,42,131,101,66,73,106,251,117,112,114,49,106,92,75,162,50,124,215,150,136,130,148,125,87,83,129,105,104,150,73,25,43,111,66,31,75,85,66,55,69,77,35,182,53,130,103,78,30,178,155,90,186,111,144,148,86,89,95,85,135,195,245,211,197,157,186,116,78,87,95,64,122,54,42,71,42,85,69,55,64,60,26,42,107,181,105,105,108,98,38,90,138,99,106,144,144,94,77,145,111,,148,84,58,89,139,101,58,44,65,34,93,83,91,98,81,42,133,137,101,57,,134,198,57,136,107,43,146,141,113,40,78,24,48,80,31,14,38,197,133,116,87,105,83,37,68,74,53,85,235,112,63,68,47,42,57,130,16,118,156,133,138,61,78,111,107,125,101,134,121,61,34,51,37,32,45,67,112,109,69,74,90,94,119,113,185,221,214,189,236,255,131,146,105,170,214,118,117,110,104,73,139,63,92,124,149,59,88,75,110,50,122,159,108,86,57,99,104,73,66,86,61,48,52,42,73,76,92,40,75,72,62,47,64,46,10,63,9,36,29,18,24,48,53,46,38,23,50,50,80,33,76,89,29,66,32,15,8,8,45,90,87,188,90,77,94,80,60,77,93,64,46,48,63,82,84,107,155,60,40,52,59,24,50,53,328,135,332,92,112,125,129,101,107,90,32,334,324,
20201209,21,PM10_24h,79,94,147,117,108,149,124,76,95,125,135,134,117,145,125,106,89,61,74,31,80,43,34,44,90,60,57,62,62,42,61,53,52,87,36,42,51,60,41,46,19,96,71,96,93,24,16,113,123,69,146,110,84,68,73,86,72,73,75,65,67,48,70,68,42,75,33,61,58,116,57,76,128,192,140,139,121,63,79,71,70,105,21,88,149,129,123,116,99,89,100,77,120,83,58,109,56,33,75,86,51,48,55,59,47,51,62,57,41,153,108,119,170,104,94,121,111,81,151,54,65,114,50,70,78,102,134,149,177,141,171,130,161,123,117,91,79,42,75,55,43,52,61,78,43,50,63,50,17,33,111,137,77,101,141,62,58,151,133,90,108,129,125,97,90,123,105,,100,77,46,63,79,57,43,40,44,31,67,59,63,74,72,34,125,113,82,55,,152,132,37,123,104,129,155,118,111,66,64,20,58,67,37,27,54,130,98,92,90,68,64,66,91,56,47,55,126,82,47,42,46,126,47,86,31,86,126,105,107,95,56,90,119,97,104,106,99,61,23,50,39,25,28,54,114,103,56,72,83,86,89,99,128,139,163,175,214,210,102,168,92,166,163,99,149,127,94,58,145,42,121,94,158,46,87,82,118,74,57,67,70,64,66,62,55,60,54,84,45,40,43,64,64,49,56,47,35,59,39,40,63,42,18,70,22,22,27,27,25,86,32,37,38,37,37,44,57,26,50,63,28,39,29,47,51,12,24,79,67,136,123,52,80,75,53,68,69,59,43,33,62,59,75,57,81,35,53,45,36,59,51,59,182,79,296,101,106,101,173,111,89,44,20,356,345,
20201209,21,SO2,5,17,22,22,28,14,18,22,26,16,17,23,30,7,20,27,16,24,29,5,9,8,4,13,9,7,9,11,5,7,6,4,4,7,11,7,7,7,6,4,5,9,8,6,8,5,4,7,22,14,11,9,7,10,6,11,12,10,11,12,12,6,9,7,10,8,11,10,12,11,15,21,13,9,8,8,26,10,10,18,17,33,4,30,11,13,28,28,15,18,20,16,28,20,10,13,7,8,6,16,6,7,10,15,8,14,14,11,8,10,22,28,18,27,10,27,30,26,82,17,24,24,14,18,16,7,9,9,9,12,11,11,8,9,9,7,3,15,9,13,6,9,7,22,11,5,4,4,25,9,8,34,15,6,8,7,10,32,6,5,32,15,25,23,19,31,28,,14,28,8,8,14,10,7,8,9,10,14,12,13,11,10,6,4,4,7,7,,5,8,5,20,20,13,30,15,13,7,13,5,5,35,6,8,9,55,27,20,23,18,17,13,16,13,11,22,27,15,12,12,11,13,11,11,13,10,9,5,8,15,7,7,5,5,5,6,7,14,5,18,4,9,3,17,16,40,11,14,15,18,7,25,10,14,6,15,8,7,6,5,12,6,10,8,4,2,10,9,7,8,10,28,2,5,12,6,5,6,14,12,11,11,14,10,8,9,9,16,4,7,4,3,7,5,11,7,6,5,19,8,10,10,19,4,8,7,6,6,6,10,8,4,11,10,8,6,9,6,4,13,12,12,7,7,12,11,9,13,36,11,7,12,12,11,17,26,11,19,13,22,11,9,25,37,8,17,21,20,17,10,9,13,25,5,6,11,7,10,5,23,21,1,8,12,5,
20201209,21,SO2_24h,7,19,20,19,29,22,19,27,29,18,32,23,23,42,24,33,16,22,24,6,9,8,5,14,14,8,9,10,8,8,7,7,6,8,10,7,9,10,8,5,5,9,5,6,10,4,4,9,22,13,13,9,8,9,7,9,10,12,11,13,11,7,12,10,8,8,12,12,6,14,12,21,13,9,8,8,34,15,13,27,31,26,3,34,18,18,39,25,21,16,22,29,27,18,7,28,10,9,22,31,6,9,11,11,9,10,15,19,9,13,36,20,63,52,25,18,26,27,47,17,34,18,11,14,10,7,10,15,12,12,14,13,8,17,13,9,3,12,12,21,6,6,7,25,13,4,3,3,15,8,11,25,10,8,14,24,22,46,6,5,22,16,24,20,20,23,24,,10,23,8,6,11,10,7,20,9,8,13,11,12,11,11,7,5,4,10,8,,6,10,5,18,26,83,21,21,22,10,19,4,6,24,10,10,8,66,18,24,30,19,18,28,19,14,12,15,17,16,14,14,9,11,16,17,23,14,10,8,10,10,6,13,8,6,7,9,8,9,4,14,7,8,4,19,33,41,17,16,18,32,6,15,15,14,10,15,8,7,7,7,14,7,10,10,9,3,13,9,6,7,16,19,3,6,11,10,8,6,15,12,15,12,12,16,8,9,10,13,5,7,4,6,7,7,10,7,5,5,15,7,13,9,19,3,10,6,39,7,6,24,8,4,10,15,9,6,9,6,12,13,8,9,7,6,9,10,8,18,21,17,15,31,13,6,17,8,9,9,9,13,11,8,20,27,16,16,20,31,17,16,6,10,16,7,7,23,7,10,6,22,17,3,4,11,5,
20201209,21,NO2,75,88,81,87,77,70,77,46,61,84,75,81,87,25,59,64,47,54,63,55,69,92,40,44,51,54,92,85,59,33,46,38,46,80,56,41,78,86,52,25,21,74,72,44,67,22,42,49,53,74,82,53,46,91,51,61,93,83,86,69,44,60,65,12,52,55,21,33,71,59,73,61,75,94,61,51,61,24,63,41,73,69,37,60,58,56,73,60,60,68,56,52,56,75,35,74,50,27,17,47,54,19,55,43,55,33,44,48,28,49,37,73,48,58,16,61,60,43,75,37,56,78,33,67,68,43,44,66,68,65,63,70,44,37,53,28,28,24,54,20,11,43,31,64,40,37,49,34,27,40,65,62,80,51,46,38,49,57,57,54,61,63,67,75,59,67,68,,70,59,53,47,80,88,102,66,53,62,73,72,78,79,67,15,60,74,73,57,,53,60,68,44,44,25,53,60,56,12,23,7,12,57,10,5,21,56,68,70,45,59,27,15,11,33,8,40,79,40,21,46,28,22,16,41,14,66,62,52,65,49,31,75,47,53,51,46,68,69,20,30,36,31,15,32,45,51,45,26,47,39,35,48,67,72,44,59,64,55,43,31,61,41,54,56,39,18,48,47,46,36,37,52,36,39,50,27,39,24,70,61,59,38,25,39,27,41,20,18,41,30,25,41,53,43,46,32,29,48,27,32,31,23,21,30,21,17,26,15,7,21,19,22,31,19,12,13,31,25,21,42,26,46,54,23,39,12,14,43,60,53,42,51,68,52,44,74,67,29,35,36,51,32,47,44,15,50,28,42,44,16,38,41,91,72,85,45,51,24,51,64,61,33,26,79,70,
20201209,21,NO2_24h,61,71,71,72,63,59,69,36,54,72,58,61,62,58,51,49,42,43,47,51,55,53,31,44,54,47,50,57,43,27,33,45,39,66,50,32,44,60,51,22,16,59,47,43,65,15,18,46,48,68,58,52,43,51,33,54,52,60,60,39,26,40,40,16,40,48,24,35,40,47,38,45,51,78,55,46,55,28,40,33,60,51,18,58,51,50,68,53,49,53,57,47,50,69,31,61,27,24,22,32,30,16,24,28,25,21,29,43,25,47,45,43,61,56,44,33,42,41,57,32,28,63,24,53,52,37,46,58,54,49,56,51,32,37,41,39,21,18,26,22,15,34,31,52,29,31,39,23,20,24,47,48,52,35,50,26,26,46,44,31,55,43,67,69,56,53,62,,55,52,32,38,59,49,54,48,40,46,47,52,41,57,54,19,56,60,55,45,,43,34,39,38,39,61,50,53,49,13,29,8,11,44,16,8,13,46,33,47,41,41,29,31,24,28,13,30,61,32,20,26,25,46,17,40,21,52,45,45,62,43,25,67,43,52,51,35,59,62,15,28,23,16,16,27,37,46,40,30,46,40,32,42,61,55,42,53,44,49,39,38,54,36,42,50,44,32,45,38,36,30,39,37,34,31,40,25,40,20,32,24,29,29,27,24,24,28,20,23,37,20,22,40,42,26,30,33,27,35,19,31,33,17,15,23,22,16,25,18,12,27,15,17,19,22,12,14,23,18,24,28,13,22,29,23,22,10,9,34,51,37,39,25,45,30,23,31,36,17,20,22,41,25,34,25,22,34,20,26,41,20,23,26,59,40,69,45,40,28,63,40,36,19,16,72,69,
20201209,21,O3,2,4,7,5,7,4,4,34,9,5,7,3,7,61,9,12,30,19,35,46,4,6,44,45,8,7,2,4,2,28,19,52,10,5,28,49,5,4,43,58,68,3,10,11,3,59,42,3,18,7,4,5,3,15,47,59,7,18,28,20,50,19,48,104,5,3,10,35,33,10,18,40,16,24,4,4,16,61,23,16,7,17,34,20,10,6,6,13,18,24,13,10,12,4,53,5,19,57,102,62,11,65,27,56,18,39,29,29,40,6,39,11,32,31,70,13,15,26,11,39,5,11,35,2,2,4,27,5,3,5,14,5,7,21,4,40,26,40,62,37,122,9,18,23,4,9,7,34,10,50,11,5,8,20,22,34,30,32,24,25,3,13,4,6,10,5,5,,6,11,18,20,7,2,1,19,30,32,4,6,5,4,4,71,18,12,2,5,,18,4,11,44,26,52,22,6,7,72,62,56,67,20,65,66,84,16,8,11,31,16,43,57,53,43,52,15,18,20,50,21,48,66,41,41,41,12,3,4,10,11,26,12,8,10,19,3,,21,62,27,19,29,49,2,4,3,3,46,6,10,8,11,5,3,6,5,5,7,6,33,4,10,2,5,17,32,5,2,9,3,8,8,24,14,19,23,32,20,8,47,72,72,83,23,45,94,53,94,5,7,10,12,4,5,29,19,3,6,21,20,48,42,4,7,12,32,17,12,53,23,63,32,28,48,45,41,6,57,45,18,59,34,38,58,36,73,43,5,48,6,27,23,12,27,34,14,26,50,43,12,23,47,38,45,69,17,42,18,51,65,42,47,12,11,9,45,20,,31,24,24,42,6,6,18,
20201209,21,O3_24h,18,36,18,30,44,39,19,63,30,22,35,31,39,79,40,44,55,52,57,73,35,64,89,65,22,48,61,72,46,52,48,65,40,38,72,89,64,49,81,87,90,29,38,35,9,80,88,10,56,42,49,11,16,92,96,105,76,73,92,101,90,69,108,122,28,20,32,82,74,40,81,78,64,33,14,9,55,81,61,56,47,47,86,44,46,37,15,48,43,43,33,27,39,17,60,31,96,76,117,101,67,86,80,98,83,80,87,64,77,24,67,68,41,68,74,56,50,44,50,68,46,38,60,27,31,18,49,40,38,42,37,29,66,39,23,60,51,67,126,76,132,48,43,83,19,36,31,43,35,90,41,53,87,72,42,74,78,82,43,70,23,76,26,20,34,17,20,,17,41,56,43,31,79,58,77,80,72,39,75,57,70,38,101,36,23,39,59,,45,33,74,75,73,55,50,22,66,83,73,65,78,58,75,76,86,60,52,41,63,57,65,62,65,62,70,54,48,47,67,64,68,74,42,50,48,55,42,34,19,21,54,38,33,35,30,36,15,45,81,36,61,69,63,18,30,16,40,72,30,22,20,44,27,37,29,25,34,28,25,47,20,52,45,14,31,32,18,22,39,24,22,44,55,21,48,48,40,49,94,129,131,116,134,74,80,110,107,116,25,22,39,26,14,28,57,31,19,28,62,49,94,56,37,42,20,32,30,88,75,87,87,71,78,73,82,60,59,99,75,58,95,80,77,84,70,87,68,28,78,67,68,78,36,79,81,67,79,72,76,51,67,83,90,87,85,82,80,57,89,78,81,81,55,60,44,63,72,,40,75,57,72,37,39,39,
20201209,21,O3_8h,6,12,10,11,17,22,8,48,14,11,18,16,17,62,25,28,35,24,41,53,12,27,63,48,11,9,21,27,7,25,32,51,20,15,42,68,35,17,59,70,75,12,22,22,3,71,63,5,32,21,25,7,8,64,75,87,49,53,69,69,73,51,80,113,11,10,9,62,54,24,54,53,44,26,7,6,37,71,46,36,25,26,62,24,26,18,9,24,30,30,11,10,15,4,44,7,64,64,108,87,43,77,58,81,57,60,64,48,62,15,55,42,28,48,65,30,30,32,25,49,16,17,42,6,6,5,37,15,20,21,25,17,23,25,13,52,34,57,96,55,124,28,16,55,5,13,18,36,16,78,29,26,52,47,30,56,57,63,34,54,8,47,9,10,17,8,9,,7,10,30,22,16,37,27,28,39,36,14,23,23,30,17,81,24,12,16,35,,31,20,48,59,47,39,37,13,42,77,62,57,73,37,66,67,80,29,28,25,39,30,43,50,54,48,57,27,27,29,54,50,53,65,36,39,40,19,11,10,11,13,41,17,8,20,23,9,4,31,71,26,47,50,56,8,12,7,16,57,17,16,8,30,11,18,16,13,20,18,14,35,7,25,7,7,17,18,9,10,23,8,15,28,42,16,33,34,27,38,56,100,108,91,112,54,60,66,82,102,14,14,11,16,7,16,39,23,10,16,36,35,76,46,11,19,15,18,19,22,67,44,74,57,60,62,57,50,44,75,58,38,76,57,62,77,59,83,57,17,63,28,48,56,28,60,68,54,48,59,64,32,41,67,71,67,76,58,63,43,73,74,69,68,41,43,25,52,55,,28,60,43,55,20,14,31,
20201209,21,O3_8h_24h,12,18,12,19,31,26,12,49,22,14,23,23,23,62,29,34,47,38,46,61,32,52,73,55,12,46,49,49,44,51,37,51,30,29,61,76,54,37,66,79,87,22,30,29,6,74,81,7,47,27,30,8,10,75,80,89,61,56,76,77,76,59,85,114,26,11,31,67,59,27,72,61,50,28,10,7,40,75,53,45,38,38,77,25,30,27,10,37,35,32,15,21,32,5,46,9,77,67,108,92,49,78,65,86,72,64,72,53,66,18,59,54,29,55,66,47,38,38,35,59,34,26,51,18,21,14,38,26,22,25,27,23,53,30,15,54,37,62,100,63,124,31,42,57,18,35,21,38,30,80,30,34,66,51,33,61,75,68,35,56,14,60,15,13,21,10,11,,15,40,51,36,21,65,50,55,60,59,37,48,57,46,31,87,26,18,28,46,,31,27,55,62,63,39,39,17,52,80,64,61,74,44,69,73,83,40,48,35,48,44,52,51,56,54,60,37,39,38,60,53,63,66,36,41,41,39,36,32,15,17,43,37,30,27,26,32,7,35,76,31,54,62,60,12,18,11,24,61,23,17,12,36,18,24,21,17,25,20,20,35,14,47,30,11,21,18,12,14,24,13,16,34,46,20,39,38,36,44,72,107,113,94,114,60,61,71,86,102,19,20,35,17,9,20,41,23,11,18,44,42,77,46,36,35,17,18,29,22,68,56,78,65,67,64,64,54,47,83,60,42,82,63,63,78,67,83,60,20,66,59,68,76,29,71,72,63,65,65,67,36,58,73,80,70,78,76,65,50,80,75,76,74,45,49,33,52,62,,28,60,49,57,25,16,33,
20201209,21,CO,1.07,1.62,1.96,1.47,1.76,1.15,1.67,1.05,2.75,1.33,2.00,1.50,2.65,0.51,1.86,1.43,1.19,0.99,1.17,0.52,1.08,0.84,0.65,0.85,0.89,0.50,1.03,1.08,0.55,0.73,0.62,0.57,0.63,0.99,0.63,0.40,0.85,0.70,0.57,0.50,0.53,1.03,1.20,1.07,1.18,0.84,0.73,1.16,1.00,0.90,1.72,1.19,1.31,1.11,0.77,0.82,0.96,0.90,1.10,0.95,0.90,0.73,1.06,0.68,1.08,0.87,0.89,0.58,1.92,1.02,1.30,0.80,1.13,3.20,1.25,1.05,1.52,0.64,1.60,1.55,1.67,2.15,0.50,1.05,1.50,1.20,1.73,1.46,0.84,1.23,0.86,0.97,0.97,1.37,1.07,1.32,1.04,0.75,0.65,1.00,1.05,0.83,1.15,0.90,1.35,0.80,1.08,1.10,0.70,1.07,0.64,1.90,1.17,0.95,0.57,1.90,1.80,1.30,2.38,1.12,1.78,1.86,0.94,1.23,1.35,1.03,1.04,1.48,1.47,1.97,1.60,1.77,1.22,1.20,1.20,1.25,0.93,1.07,1.20,0.75,0.65,1.15,0.80,1.66,0.97,1.03,0.95,0.94,0.90,0.50,1.17,1.33,3.10,0.86,0.97,1.05,0.50,1.13,0.98,0.77,1.15,1.20,1.30,1.45,1.35,1.60,1.65,,1.80,1.00,0.85,0.95,2.25,0.95,0.80,0.60,0.75,0.60,1.25,0.70,0.95,1.30,0.90,0.60,1.40,0.80,0.75,0.90,,1.32,1.68,0.45,1.44,0.96,0.63,1.27,1.13,0.73,0.53,0.50,0.40,0.60,1.00,0.33,0.30,0.55,1.88,2.30,1.48,1.27,1.07,1.10,0.70,1.25,1.05,0.50,1.20,2.33,0.97,0.53,0.95,0.72,0.65,0.30,0.95,0.55,0.82,0.98,0.77,1.12,1.10,1.13,1.05,0.90,0.87,1.23,1.10,1.15,0.87,0.52,0.60,0.67,0.70,0.60,1.00,1.45,1.27,0.88,1.40,0.90,1.10,0.82,1.20,1.37,2.15,1.20,1.60,1.55,1.56,0.85,1.00,1.30,1.13,1.40,1.27,1.77,0.70,0.90,1.37,1.07,0.80,1.40,1.32,1.60,1.02,1.10,1.40,1.00,0.70,1.90,1.17,0.93,1.07,0.90,1.15,0.90,1.00,0.80,0.65,1.00,0.73,0.95,0.87,1.10,0.97,0.93,0.87,1.20,1.10,1.25,0.55,0.45,1.00,1.10,1.25,0.65,0.65,0.85,1.00,0.50,1.00,0.70,0.70,0.95,0.75,0.73,0.60,0.70,0.75,0.80,1.05,1.20,1.45,0.85,0.90,3.00,0.60,1.00,1.40,1.13,1.35,0.75,0.55,1.00,0.95,0.95,1.10,1.30,1.05,0.60,1.10,1.05,0.90,0.90,1.00,0.30,0.90,0.60,1.20,0.70,0.53,0.70,2.30,5.45,2.25,2.60,0.80,0.80,1.30,1.27,1.25,1.73,1.20,0.90,1.85,2.20,
20201209,21,CO_24h,0.84,1.17,1.53,1.12,1.64,1.20,1.12,0.90,2.00,1.08,1.40,1.10,1.60,1.70,1.65,1.28,0.87,0.89,0.89,0.53,0.91,0.60,0.63,0.75,0.97,0.53,0.69,0.82,0.53,0.80,0.46,0.47,0.63,0.89,0.76,0.45,0.70,0.67,0.60,0.53,0.53,0.83,1.03,1.10,1.08,0.74,0.67,1.20,1.04,0.78,1.21,1.26,1.24,0.87,0.78,0.85,0.81,0.77,0.97,0.78,0.80,0.60,0.94,0.75,0.86,0.77,0.92,0.77,1.10,1.09,0.88,1.00,1.36,2.55,1.23,1.03,2.18,0.76,1.10,1.30,1.30,1.40,0.50,0.93,1.17,1.00,1.47,1.22,0.76,0.93,1.06,0.83,0.90,1.40,0.77,1.08,0.90,0.72,0.78,0.90,0.80,0.83,0.85,0.80,1.05,0.75,0.95,0.90,1.17,0.90,0.98,1.38,2.13,1.27,1.68,1.23,1.22,1.35,1.92,0.90,0.82,1.26,0.76,0.93,0.75,0.97,0.99,1.25,1.33,1.13,1.30,1.27,1.10,1.23,1.14,1.38,0.93,0.93,1.10,0.92,0.55,0.77,0.88,1.94,0.90,0.83,0.77,0.86,0.78,0.55,1.00,1.27,1.77,0.79,1.37,0.95,0.80,1.77,0.96,0.73,1.00,1.20,1.50,1.05,1.20,1.50,1.40,,1.35,1.00,0.65,0.85,1.70,0.70,0.80,0.70,0.50,0.50,1.15,0.77,0.70,1.00,0.75,0.60,1.20,0.80,0.70,0.80,,1.18,1.18,0.45,1.26,0.94,1.93,1.67,1.23,0.90,0.67,0.60,0.40,0.65,0.70,0.50,0.50,0.50,1.32,1.20,1.35,1.65,0.97,1.25,1.10,1.75,0.90,0.45,0.80,1.27,0.80,0.50,0.65,0.50,1.25,0.35,0.60,0.60,0.62,0.82,0.67,1.13,1.15,0.93,0.85,0.77,0.70,1.10,0.85,1.10,0.73,0.63,0.63,0.57,0.63,0.65,0.88,1.27,1.07,0.85,1.38,0.90,1.17,1.00,1.10,1.17,1.15,1.02,1.50,1.27,1.30,0.82,1.03,1.10,1.07,1.20,1.27,1.25,0.95,0.95,1.17,1.07,0.50,1.44,1.05,1.63,0.93,0.95,1.52,1.25,0.80,1.18,0.80,1.03,0.97,0.95,1.00,0.80,0.95,0.85,0.70,0.87,0.70,0.82,0.93,1.00,0.90,0.63,0.90,0.90,0.93,0.65,0.40,0.90,1.05,0.93,1.10,0.70,0.80,0.95,1.10,0.55,1.65,0.55,0.55,0.70,0.85,0.73,0.70,0.65,0.75,0.80,0.90,0.55,1.05,0.65,1.15,1.85,0.55,0.65,1.13,1.07,1.10,0.95,0.50,1.30,0.85,0.60,0.50,0.85,0.90,0.55,0.80,1.40,0.70,0.90,0.80,0.50,0.70,0.70,1.30,0.70,0.50,0.50,0.95,3.05,1.05,2.50,1.00,0.90,1.50,2.40,1.75,1.33,1.70,0.90,2.20,2.60,
20201209,22,AQI,86,153,141,129,111,148,124,81,99,110,206,202,177,46,116,153,163,74,131,33,66,59,53,74,89,63,74,88,69,40,109,59,95,84,37,39,67,64,35,40,22,95,72,78,121,43,41,83,108,60,201,115,101,69,65,91,80,79,75,75,70,71,70,59,58,71,30,46,123,105,64,76,96,290,133,99,85,49,103,96,108,146,46,124,186,128,160,128,131,118,70,119,111,73,110,164,64,30,55,76,68,29,69,89,68,55,60,63,47,154,52,125,84,71,28,148,160,100,177,106,102,148,66,90,74,100,138,202,260,174,196,160,208,99,81,193,83,66,91,54,54,62,58,73,69,60,63,61,25,43,153,140,108,105,99,72,21,96,149,73,91,131,105,67,70,120,85,,170,62,60,74,124,77,52,44,54,43,71,70,74,74,83,39,87,86,75,54,,126,246,50,126,75,39,149,93,81,34,64,29,51,71,29,20,44,169,143,138,79,79,83,43,60,62,47,68,218,120,53,65,64,49,56,129,17,105,161,121,103,104,70,88,123,115,99,120,133,93,31,47,37,35,37,62,106,85,94,58,80,91,89,94,180,202,223,261,254,247,171,151,89,130,240,119,184,81,99,69,160,57,113,136,159,76,84,68,104,49,90,109,83,64,59,76,64,78,53,65,56,52,65,65,67,63,71,49,68,75,65,30,54,46,11,68,9,31,33,19,27,40,36,47,51,29,53,47,61,29,58,64,50,67,55,47,84,23,32,120,131,176,76,65,80,76,85,71,44,58,57,53,56,69,91,86,73,73,68,54,37,44,48,51,167,113,258,75,92,96,116,75,121,15,36,285,282,
20201209,22,PM2.5,64,117,108,98,84,113,94,60,74,83,156,152,134,29,88,117,124,54,100,22,44,30,37,54,66,43,46,65,50,24,82,42,71,48,19,20,40,39,16,19,10,66,48,57,92,29,25,61,81,34,151,87,76,45,47,68,51,58,53,55,50,52,49,42,36,52,20,18,93,79,38,56,72,240,101,74,39,19,77,72,81,112,27,94,140,97,122,97,100,89,51,90,84,51,83,125,43,21,39,54,46,20,50,66,49,39,43,45,28,118,23,95,62,52,10,113,122,75,134,80,64,113,46,67,54,75,105,152,210,132,147,122,158,74,60,145,61,48,68,38,38,39,41,53,50,43,41,44,17,19,117,107,81,79,74,46,15,72,114,35,68,100,79,40,48,91,63,,129,37,35,48,94,42,21,26,23,20,51,51,45,54,61,27,60,52,55,32,,96,196,18,96,55,27,114,69,47,18,46,20,17,52,20,7,31,128,109,105,58,57,61,30,39,42,30,48,168,67,37,47,46,34,40,98,7,79,123,92,77,78,51,65,93,87,74,91,101,69,15,29,23,22,26,41,80,63,70,41,59,68,66,70,136,152,173,211,204,197,130,116,66,99,190,90,139,60,74,50,122,27,85,104,121,56,62,49,78,34,54,72,60,46,42,49,44,57,37,46,35,35,47,47,46,45,49,34,49,55,47,15,38,32,7,49,3,22,23,13,19,16,23,27,36,15,37,33,32,18,27,37,35,46,23,33,62,10,15,91,100,133,56,46,59,56,63,42,31,41,34,36,24,50,68,64,53,53,49,22,17,31,29,33,98,85,208,53,51,72,88,47,92,,25,235,232,
20201209,22,PM2.5_24h,45,76,88,69,63,91,72,44,50,75,86,94,75,90,80,63,66,42,64,20,45,27,22,29,54,30,30,39,37,23,49,28,39,42,19,24,27,32,21,24,9,46,48,56,80,17,11,81,79,34,118,89,118,42,45,50,41,49,48,49,45,34,41,51,25,51,20,29,34,93,35,58,85,184,127,119,71,35,57,45,57,66,15,57,95,81,90,86,58,54,58,60,84,44,40,76,41,25,56,53,42,37,43,47,34,36,44,36,20,93,47,85,111,65,56,66,68,52,108,37,25,76,26,71,61,88,98,115,152,93,125,123,146,88,87,124,50,35,54,38,29,36,51,50,39,40,41,38,12,18,105,104,66,83,98,30,35,112,104,48,67,88,66,43,50,80,57,,75,41,23,33,49,30,21,24,25,18,48,35,29,47,52,22,63,49,49,32,,112,131,20,83,57,76,116,66,47,32,44,16,21,47,21,14,40,85,64,56,56,37,44,36,35,35,24,37,83,37,29,24,35,77,28,66,12,59,90,62,64,88,40,57,88,73,67,71,81,64,13,39,31,16,21,30,82,58,68,42,54,62,56,68,95,97,141,166,169,163,97,122,62,120,167,78,155,84,63,50,121,21,99,87,138,42,63,57,87,47,31,45,46,41,43,37,31,43,39,39,32,31,40,48,40,33,36,41,28,46,29,13,41,30,16,52,13,15,20,20,17,46,18,19,22,23,24,26,26,18,22,29,19,20,11,28,41,8,14,67,59,133,106,32,52,53,40,37,45,40,28,21,26,39,66,32,50,24,26,16,11,44,38,50,75,48,201,59,50,78,123,51,74,31,17,275,260,
20201209,22,PM10,112,146,183,164,139,193,171,85,128,138,246,198,200,46,155,169,181,75,101,32,82,67,43,55,104,75,97,106,88,40,98,60,81,118,37,39,83,77,35,40,18,139,93,80,96,43,41,92,122,70,204,116,58,88,77,123,109,91,99,73,90,70,90,46,66,83,30,46,142,103,77,72,113,227,113,89,120,49,107,97,83,159,46,134,200,150,145,124,157,129,74,88,121,96,108,151,77,27,43,101,85,27,77,84,68,56,59,74,47,187,54,127,91,63,28,168,162,93,181,113,153,163,81,76,95,85,127,210,232,218,200,169,180,104,79,104,96,60,107,51,46,74,46,81,60,52,76,60,25,43,129,154,101,101,101,94,15,96,141,96,107,149,134,84,89,147,112,,150,73,70,97,131,103,51,44,57,35,91,82,98,98,83,37,123,121,100,57,,137,205,50,128,96,38,150,134,111,34,64,21,51,72,27,19,38,187,126,129,70,107,90,43,70,73,47,85,254,190,54,59,49,42,54,122,17,115,154,133,125,59,70,100,105,124,93,134,112,59,31,47,37,35,36,74,103,107,54,61,91,94,105,106,185,227,216,183,244,263,133,153,102,145,215,110,114,86,102,85,137,64,95,126,143,66,87,76,104,46,129,168,115,74,63,101,78,87,55,79,62,53,44,64,83,72,92,40,75,64,60,30,56,31,8,73,6,31,30,19,23,40,36,47,49,29,44,41,71,29,66,78,43,84,60,33,48,12,32,107,97,161,81,79,85,70,97,91,32,58,64,55,62,76,79,90,78,50,77,58,37,40,48,51,284,141,330,99,134,117,131,99,114,,34,310,336,
20201209,22,PM10_24h,80,97,152,119,110,153,126,76,97,126,142,139,122,139,126,107,95,62,76,31,78,43,34,44,90,59,58,63,62,42,63,54,53,88,36,42,51,61,40,45,19,96,72,96,93,27,17,112,125,69,150,110,82,68,73,88,73,74,76,65,68,50,71,68,44,76,33,62,60,114,57,75,127,194,139,135,123,59,82,69,70,105,22,90,154,131,125,117,101,92,100,78,122,85,61,112,57,33,73,86,52,46,56,60,48,51,62,58,40,154,104,119,167,102,88,125,111,81,152,57,70,116,51,71,78,102,134,153,180,146,173,132,162,122,113,92,80,44,77,55,43,53,61,77,43,49,63,49,17,33,112,138,79,100,138,63,57,146,135,90,108,132,126,97,90,126,103,,103,77,48,66,81,57,43,40,44,31,65,60,63,73,72,34,125,112,81,54,,151,133,38,125,102,126,155,120,112,59,65,20,56,68,37,27,52,132,101,94,88,70,64,64,89,57,47,57,132,88,47,42,46,121,48,88,32,88,129,105,108,94,57,90,119,98,104,107,99,61,24,50,37,25,28,54,113,103,56,71,84,86,90,101,133,144,166,177,215,213,103,168,93,165,166,100,147,125,94,59,144,43,121,96,158,46,88,81,118,72,60,71,72,65,65,64,56,61,54,79,46,40,43,64,64,50,57,47,36,59,40,39,62,42,18,70,19,22,26,26,25,81,31,37,40,37,37,45,55,26,50,62,28,37,28,46,52,12,24,80,68,139,120,52,81,73,55,68,69,58,44,34,60,60,75,59,80,34,54,46,36,57,50,58,184,82,296,100,106,102,171,111,91,41,20,354,346,
20201209,22,SO2,4,18,20,20,26,14,17,19,23,17,16,21,24,9,20,31,14,23,26,5,8,7,4,13,9,7,9,11,6,7,6,4,4,8,10,7,8,7,5,5,5,10,7,6,7,5,5,6,23,14,11,9,7,10,6,12,13,11,13,12,13,8,11,6,9,8,12,10,9,10,14,20,12,9,9,8,27,9,9,19,19,29,4,35,9,13,26,30,14,19,23,14,27,20,11,13,7,8,7,16,6,7,12,18,9,14,12,12,11,16,27,28,21,17,12,25,37,25,118,15,22,27,13,19,20,8,8,9,10,13,11,12,8,9,8,8,3,13,9,13,6,10,7,18,9,4,5,6,28,8,8,28,13,6,8,5,6,28,6,4,30,14,28,24,20,32,18,,14,28,8,8,14,11,7,8,9,8,13,10,13,11,9,6,4,4,7,6,,5,8,5,15,15,12,24,15,15,7,14,4,6,28,5,6,9,57,27,21,29,22,17,14,18,10,10,37,33,14,17,11,9,13,10,11,6,11,8,5,8,14,5,12,5,4,5,6,6,15,4,20,4,10,2,22,15,45,16,12,18,18,8,26,10,14,6,14,8,7,5,4,13,6,10,7,3,2,8,10,7,8,18,28,2,5,15,6,5,7,19,16,16,10,11,9,10,8,10,23,3,8,4,7,8,5,10,6,6,5,19,7,10,8,19,4,7,6,4,6,6,8,8,4,8,8,8,5,9,6,4,12,11,13,9,8,25,10,8,14,60,11,9,11,13,5,18,17,8,26,15,31,10,10,22,55,10,20,21,21,17,38,8,12,19,5,7,12,5,10,5,22,28,1,8,16,6,
20201209,22,SO2_24h,7,19,21,20,29,22,19,27,29,18,32,24,23,40,23,32,15,22,24,6,9,8,5,14,13,7,8,10,8,8,7,7,7,8,10,7,9,10,8,5,5,9,5,6,10,5,4,9,22,13,13,9,8,9,7,9,11,12,11,13,11,7,12,10,8,8,12,12,6,14,12,20,13,9,8,8,34,14,13,26,31,26,3,35,18,17,38,24,20,17,22,29,27,19,7,27,10,9,21,30,6,9,11,11,9,10,15,18,9,13,34,20,60,52,24,19,25,28,50,17,33,19,11,14,11,8,10,14,12,12,14,13,8,16,12,9,3,12,12,21,6,6,8,25,13,4,4,3,15,8,11,25,10,8,13,22,22,44,6,5,22,16,24,21,20,24,17,,10,23,8,7,11,10,7,20,9,8,13,11,12,11,10,7,5,4,10,7,,6,10,5,18,24,78,21,21,22,9,19,4,6,25,10,10,8,66,19,23,30,19,17,27,19,14,12,16,18,16,14,14,9,11,16,17,22,13,10,8,11,11,6,13,7,6,7,8,8,9,4,14,7,8,4,20,34,41,17,16,18,32,6,16,15,14,10,15,8,7,7,7,14,7,10,10,9,3,13,9,6,7,16,19,3,6,11,10,8,6,15,12,16,12,12,16,8,9,10,14,5,8,5,6,8,7,10,7,5,5,15,7,13,9,19,3,9,6,39,7,6,22,8,4,8,15,9,6,9,6,11,13,8,9,7,5,10,10,8,18,23,17,14,31,13,6,17,9,9,10,9,14,11,8,20,29,15,16,20,31,17,16,6,9,16,7,7,23,7,10,6,22,18,2,4,12,5,
20201209,22,NO2,74,90,78,87,75,71,77,34,59,85,76,79,83,33,61,67,43,55,62,66,64,84,40,49,50,54,94,76,56,37,46,34,49,80,52,36,83,95,56,26,18,70,71,41,62,21,45,47,53,74,73,50,44,93,47,67,93,88,89,77,43,61,54,11,50,55,20,39,71,59,77,55,74,91,59,51,58,22,60,45,72,57,36,73,54,55,71,59,59,67,57,48,54,74,30,74,50,28,18,42,59,16,56,43,57,33,38,59,39,47,33,64,47,43,19,61,63,39,71,33,52,74,32,68,69,42,40,63,66,64,60,66,42,38,51,29,30,22,47,20,16,41,29,65,39,36,47,38,28,36,67,58,74,49,46,33,37,55,55,62,59,63,66,71,57,65,58,,71,56,52,62,78,87,103,61,48,86,68,61,77,71,64,15,57,57,71,49,,49,59,72,33,32,25,56,60,58,14,25,7,11,46,9,5,13,60,69,73,47,62,26,14,13,35,8,39,79,43,23,40,27,24,15,41,8,65,61,55,62,48,33,69,45,52,47,44,60,70,18,29,33,37,10,29,43,47,43,29,51,42,37,51,63,66,44,59,61,51,43,38,64,35,54,49,41,20,42,47,44,32,38,51,36,40,47,29,40,29,66,55,54,29,28,40,19,37,20,18,38,30,25,52,50,42,42,30,25,45,26,18,28,15,19,28,18,14,22,17,8,16,15,22,22,20,11,12,29,23,37,38,31,54,66,28,47,9,9,40,65,45,48,53,61,56,47,61,45,34,49,44,49,36,36,50,15,51,25,40,61,26,38,40,82,63,87,70,54,25,59,49,59,22,7,76,60,
20201209,22,NO2_24h,62,72,72,72,64,60,69,36,53,72,59,62,63,57,51,49,41,44,48,52,55,54,31,43,54,47,52,58,44,27,34,44,39,66,50,32,45,62,51,22,17,59,48,43,64,15,19,46,48,68,59,52,43,52,33,54,53,61,61,40,27,41,40,15,41,48,23,34,41,46,38,45,51,79,55,46,55,26,41,33,60,52,18,59,51,50,67,52,50,54,57,48,51,69,31,62,28,24,22,32,32,16,25,29,26,21,29,43,25,46,43,44,60,55,41,34,42,40,56,32,29,63,24,54,53,37,45,58,54,50,56,51,33,37,41,38,22,18,28,21,14,34,30,51,29,31,39,24,20,23,48,49,53,36,50,26,26,45,45,33,55,44,68,69,56,54,56,,55,52,34,39,60,51,57,49,41,48,48,52,43,57,54,19,56,60,56,44,,43,34,40,38,38,59,50,53,49,11,29,8,10,44,16,7,13,47,36,48,41,41,28,29,23,29,13,31,61,32,20,27,25,44,17,40,20,53,46,45,62,43,26,68,43,51,51,36,60,62,15,28,23,17,15,27,37,47,40,30,47,40,33,42,61,56,42,53,44,49,39,38,54,36,43,50,44,31,45,38,36,30,39,38,33,32,41,24,40,20,33,25,30,29,27,24,24,28,20,22,37,20,23,40,42,27,30,33,27,35,19,30,32,16,15,24,21,16,24,18,12,26,14,17,20,22,12,14,22,17,24,28,14,21,30,22,22,10,9,34,50,38,40,26,45,30,24,32,37,18,22,23,40,25,34,26,22,33,20,26,42,19,23,26,59,40,70,46,39,27,62,40,36,19,15,72,68,
20201209,22,O3,3,4,6,5,6,4,3,45,9,5,7,2,7,50,7,8,33,18,33,34,4,11,42,38,8,6,3,4,2,21,17,52,7,4,33,50,3,3,37,55,69,3,7,10,3,61,38,4,16,7,5,5,3,9,43,48,5,9,21,10,46,16,53,106,5,3,12,26,22,9,11,37,9,22,4,4,17,61,21,11,6,23,33,6,8,5,6,10,18,22,11,8,10,4,59,4,12,54,101,52,4,68,23,50,14,36,31,11,19,7,44,18,31,41,66,11,12,29,11,41,5,10,34,3,2,5,30,5,2,4,17,5,5,21,4,36,22,41,64,36,109,9,18,17,4,11,4,30,8,47,8,6,7,19,25,36,39,23,22,16,3,11,3,11,10,6,4,,5,12,16,8,7,2,1,21,33,11,4,11,5,4,4,68,21,13,2,4,,18,3,4,50,37,51,18,5,3,67,59,55,66,26,65,65,88,13,7,9,29,9,44,58,53,38,50,13,20,16,48,21,47,64,41,41,45,13,3,2,11,9,20,12,9,8,20,4,,21,64,27,18,21,52,2,4,3,4,41,5,7,6,7,5,3,5,1,4,7,5,26,4,10,3,4,15,30,4,2,9,3,7,7,21,14,19,19,29,16,7,49,73,76,77,16,46,29,47,88,6,7,13,2,3,6,28,19,2,6,17,29,44,24,7,9,21,32,25,8,52,32,68,31,30,44,44,41,5,57,19,17,46,28,28,49,36,74,49,5,41,6,17,14,7,14,13,16,39,45,25,3,20,40,45,42,67,14,42,17,32,50,40,50,9,15,10,17,11,,25,35,21,47,34,6,26,
20201209,22,O3_24h,18,36,17,30,44,39,19,63,30,22,35,31,39,79,40,44,55,52,57,73,35,64,89,66,18,48,60,72,45,52,48,65,40,38,72,89,69,49,81,87,90,29,38,35,9,83,88,10,56,42,49,11,15,92,96,105,76,73,92,101,90,69,108,122,28,20,32,82,74,40,81,78,64,33,14,9,55,81,61,56,47,47,86,44,46,37,15,48,43,44,33,23,39,7,64,25,96,76,117,101,67,86,80,98,83,80,87,64,77,24,67,68,43,68,74,56,50,44,50,68,46,38,60,27,27,18,49,40,38,42,37,29,60,37,23,60,51,67,126,76,132,48,43,83,19,36,31,43,35,90,41,53,87,72,43,74,77,82,43,70,23,76,26,20,34,16,19,,17,41,56,43,31,79,58,77,80,65,39,75,57,70,38,101,36,23,39,59,,45,33,74,75,73,55,50,22,66,83,73,65,78,58,75,76,86,60,52,41,63,57,65,62,65,62,70,54,48,47,67,64,68,74,42,50,50,51,39,34,19,21,54,38,33,35,30,36,12,45,81,36,61,69,63,18,30,16,40,72,30,22,17,44,27,37,29,25,34,28,25,47,20,52,38,14,30,32,18,22,39,24,21,44,55,21,48,48,40,49,94,129,131,116,134,74,80,110,107,116,25,22,39,26,14,28,57,31,19,28,62,49,94,56,36,42,21,32,30,88,75,87,87,71,75,73,82,60,59,99,75,58,95,80,77,84,70,87,68,28,78,67,68,78,36,79,81,67,79,72,76,51,67,83,90,87,85,82,80,57,89,78,81,81,55,60,44,63,72,,40,75,57,72,37,39,39,
20201209,22,O3_8h,4,10,8,8,12,19,6,47,12,9,16,12,13,61,21,25,34,19,38,48,8,23,59,48,10,8,14,19,4,22,29,50,19,11,37,63,30,12,54,67,72,9,18,19,3,70,57,4,28,17,22,6,7,55,70,81,40,47,62,60,68,44,75,112,9,9,9,56,49,22,47,49,39,26,6,5,34,70,42,31,19,23,56,23,22,13,9,20,27,29,9,9,14,4,45,7,54,62,107,81,37,76,53,76,50,56,57,42,56,13,52,37,28,45,65,25,26,30,21,46,12,14,40,4,4,5,35,11,17,18,23,15,18,25,12,50,32,50,91,51,123,25,16,49,4,12,15,36,14,73,26,21,43,42,30,53,53,57,32,50,7,39,6,9,16,7,6,,7,8,27,20,13,28,19,22,34,30,11,18,16,22,13,77,22,12,11,28,,30,17,41,56,43,41,34,10,35,75,61,56,71,34,65,66,79,23,22,21,36,25,42,50,53,46,55,23,24,25,52,44,50,64,37,38,41,17,8,8,10,12,37,15,8,17,22,8,3,29,68,26,43,45,54,6,10,6,11,53,14,15,7,26,9,15,13,10,17,16,12,34,6,20,6,6,17,20,8,8,21,5,14,24,39,16,31,31,27,34,47,94,103,88,108,48,58,64,77,102,11,12,11,13,6,15,38,24,8,15,30,34,72,44,10,17,16,20,19,22,64,37,73,53,50,59,55,48,44,72,51,34,71,53,59,74,55,81,55,15,58,22,44,49,25,52,60,48,45,56,59,29,35,62,66,62,74,49,57,38,66,69,64,63,37,38,22,49,52,,28,57,40,53,21,13,30,
20201209,22,O3_8h_24h,12,18,12,19,31,26,12,49,22,14,23,23,23,63,29,34,47,38,46,61,32,52,73,56,12,46,48,49,44,51,37,51,29,29,61,76,57,37,66,79,87,22,30,29,6,76,81,7,47,27,30,8,10,75,80,89,61,56,76,77,76,59,85,114,26,11,31,67,59,27,72,61,50,28,10,7,40,75,53,45,38,38,77,25,30,27,10,37,35,32,15,21,32,5,47,9,77,67,108,92,49,78,65,86,72,64,72,53,66,18,59,54,30,55,66,47,38,38,35,59,34,26,51,18,21,14,38,26,22,25,27,23,53,30,15,54,37,62,100,63,124,31,42,57,18,35,21,38,30,80,30,34,66,51,33,61,75,68,35,56,14,60,15,13,21,10,10,,15,40,51,36,21,65,50,55,60,59,37,48,57,46,31,87,26,18,28,46,,32,27,55,62,63,41,39,17,52,80,64,61,74,44,69,73,83,40,48,35,48,44,52,51,56,54,60,37,39,38,60,53,63,66,37,41,42,39,36,32,15,17,43,37,30,27,26,32,7,35,76,31,54,62,60,12,18,11,24,61,23,17,12,36,18,24,21,17,25,20,20,35,14,47,30,11,21,20,12,14,24,13,16,34,46,20,39,38,36,44,72,107,113,94,114,60,61,71,86,102,19,20,35,17,9,20,41,24,11,18,44,42,77,46,36,35,17,20,29,22,68,56,78,65,64,64,64,54,48,83,60,42,82,63,63,78,67,83,60,20,66,59,68,76,29,71,72,63,65,65,67,36,58,73,80,70,78,76,65,50,80,75,76,74,45,49,33,52,62,,29,60,49,57,25,16,33,
20201209,22,CO,1.11,1.66,1.67,1.43,1.66,1.20,1.73,0.90,2.70,1.40,1.97,1.63,2.60,0.53,2.03,1.70,1.19,0.90,1.14,0.58,1.06,0.69,0.65,0.85,0.94,0.45,1.11,0.88,0.50,0.70,0.64,0.52,0.63,1.04,0.61,0.38,0.87,0.73,0.57,0.50,0.50,1.03,1.20,0.97,1.11,0.78,0.70,1.05,1.00,0.97,1.56,1.11,1.30,1.17,0.77,0.87,0.99,0.97,1.10,0.97,0.86,0.60,1.03,0.72,1.07,0.97,0.88,0.62,1.86,1.00,1.47,0.80,1.38,3.13,1.24,1.07,1.62,0.60,1.73,1.57,1.77,2.08,0.50,1.13,1.43,1.13,1.90,1.62,0.76,1.20,0.88,0.90,0.93,1.17,1.07,1.47,1.00,0.77,0.67,1.00,1.25,0.83,1.10,0.85,1.30,0.80,1.10,1.20,1.40,1.00,0.54,1.84,1.20,0.67,0.65,2.07,2.00,1.32,2.24,1.08,2.12,2.10,0.92,1.10,1.45,1.04,0.97,1.50,1.47,2.03,1.35,1.60,1.18,1.17,1.16,1.27,1.03,1.07,1.07,0.90,0.65,1.18,0.76,1.70,0.93,1.00,1.02,0.90,0.94,0.45,1.23,1.27,2.37,0.84,0.97,0.95,0.35,1.10,0.98,0.83,1.15,1.30,1.50,1.50,1.50,1.70,1.30,,1.95,1.10,0.90,1.10,2.65,0.80,0.90,0.63,0.45,0.50,1.20,0.67,0.95,1.20,0.80,0.55,1.30,0.80,0.75,0.90,,1.32,1.77,0.50,1.24,0.80,0.88,1.30,1.07,0.73,0.57,0.47,0.45,0.60,0.90,0.30,0.30,0.55,2.00,2.23,1.55,1.25,1.03,1.00,0.75,1.25,0.95,0.40,1.00,2.97,1.17,0.70,0.70,0.70,0.65,0.30,0.80,0.45,0.85,0.96,0.83,1.13,1.10,1.20,1.00,0.93,0.87,1.15,1.10,1.15,0.80,0.52,0.53,0.67,0.73,0.50,0.95,1.45,1.23,0.85,1.48,0.90,1.07,0.82,1.17,1.60,2.45,1.23,1.63,1.48,1.52,0.88,1.03,1.28,1.03,1.45,1.17,1.90,0.70,0.85,1.23,1.03,0.55,1.42,1.25,1.55,1.02,1.05,1.45,1.10,0.75,1.55,1.20,0.97,0.97,1.00,1.10,0.80,0.95,0.85,0.65,0.87,0.77,0.92,0.93,1.07,0.97,1.00,0.87,1.10,1.05,1.15,0.60,0.45,1.13,1.07,1.15,0.65,0.65,0.80,1.00,0.50,0.95,0.60,0.65,0.80,0.80,0.73,0.60,0.65,0.75,0.85,1.00,1.30,2.25,1.25,1.15,2.30,0.55,0.80,1.60,1.20,1.25,0.75,0.50,1.10,1.15,1.00,0.85,0.55,1.25,0.85,1.60,1.25,1.00,0.80,1.20,0.40,1.00,0.50,1.10,1.00,0.63,0.70,2.25,4.65,1.95,2.80,1.40,0.50,1.10,1.37,1.30,1.80,0.80,0.70,1.70,2.30,
20201209,22,CO_24h,0.85,1.20,1.57,1.13,1.70,1.20,1.15,0.90,2.03,1.08,1.43,1.13,1.65,1.64,1.65,1.30,0.89,0.89,0.90,0.53,0.92,0.60,0.63,0.75,0.96,0.53,0.69,0.80,0.53,0.80,0.48,0.47,0.63,0.89,0.75,0.43,0.67,0.70,0.60,0.53,0.53,0.83,1.07,1.10,1.09,0.73,0.67,1.19,1.03,0.78,1.24,1.26,1.27,0.88,0.78,0.85,0.81,0.77,0.97,0.78,0.80,0.60,0.94,0.75,0.87,0.77,0.92,0.77,1.10,1.06,0.85,1.00,1.36,2.58,1.22,1.03,2.20,0.74,1.13,1.27,1.33,1.43,0.50,0.95,1.20,1.00,1.53,1.22,0.76,0.95,1.04,0.87,0.90,1.40,0.80,1.08,0.90,0.72,0.78,0.90,0.85,0.83,0.90,0.80,1.05,0.75,0.95,0.90,1.17,0.90,0.94,1.40,2.13,1.20,1.57,1.28,1.25,1.33,1.94,0.92,0.88,1.28,0.78,0.93,0.80,0.97,1.00,1.25,1.33,1.20,1.30,1.30,1.08,1.27,1.14,1.35,0.93,0.93,1.10,0.92,0.55,0.82,0.86,1.94,0.90,0.83,0.80,0.86,0.80,0.55,1.00,1.27,1.83,0.80,1.33,0.95,0.80,1.70,0.94,0.73,1.00,1.20,1.50,1.05,1.20,1.55,1.10,,1.35,1.00,0.65,0.85,1.70,0.75,0.80,0.70,0.50,0.50,1.15,0.77,0.70,1.00,0.75,0.60,1.20,0.80,0.70,0.80,,1.20,1.18,0.45,1.26,0.88,1.88,1.67,1.23,0.90,0.63,0.60,0.40,0.65,0.75,0.47,0.50,0.45,1.36,1.25,1.38,1.60,0.97,1.25,1.05,1.75,0.90,0.45,0.80,1.33,0.80,0.50,0.65,0.50,1.15,0.35,0.60,0.60,0.63,0.82,0.67,1.12,1.15,0.93,0.85,0.77,0.70,1.10,0.85,1.10,0.73,0.63,0.63,0.57,0.63,0.65,0.88,1.27,1.10,0.85,1.40,0.90,1.13,1.00,1.10,1.20,1.20,1.02,1.50,1.27,1.30,0.82,1.03,1.16,1.07,1.20,1.27,1.28,0.95,0.95,1.20,1.07,0.50,1.44,1.10,1.63,0.93,0.97,1.52,1.25,0.80,1.20,0.80,1.03,0.93,0.95,1.00,0.80,0.95,0.85,0.70,0.87,0.70,0.82,0.93,1.00,0.90,0.65,0.90,0.90,0.93,0.65,0.40,0.85,1.05,0.93,1.10,0.70,0.80,0.95,1.10,0.55,1.55,0.50,0.55,0.70,0.85,0.73,0.70,0.65,0.75,0.80,0.90,0.60,1.05,0.65,1.10,1.85,0.55,0.65,1.13,1.07,1.15,0.85,0.50,1.30,0.85,0.65,0.45,0.85,0.90,0.55,0.80,1.30,0.70,0.90,0.80,0.50,0.70,0.70,1.20,0.70,0.50,0.50,1.00,3.10,1.10,2.50,1.00,0.85,1.50,2.33,1.75,1.37,1.70,0.90,2.15,2.60,
20201209,23,AQI,84,154,149,144,115,150,121,69,101,118,181,200,196,50,123,157,170,74,124,36,66,56,47,78,96,59,84,90,70,46,110,63,91,88,36,40,77,68,38,38,23,94,86,76,120,44,45,70,110,60,151,113,100,74,65,89,80,80,74,76,69,64,69,60,57,74,29,55,93,103,71,75,105,256,124,99,89,49,90,104,114,121,45,128,179,123,160,130,131,104,74,115,118,73,105,167,62,31,58,74,83,37,63,88,58,51,58,68,53,159,52,116,106,56,29,130,160,106,174,94,112,150,66,91,81,105,138,206,269,146,157,153,205,95,86,190,74,63,90,53,61,64,58,75,66,56,73,60,28,44,156,133,96,101,99,61,16,90,134,77,105,133,96,59,72,115,85,,174,61,55,72,110,76,48,44,44,47,69,73,73,69,78,36,83,83,73,53,,130,242,51,106,63,39,151,87,84,34,54,23,46,61,29,21,40,148,140,140,76,81,69,44,63,65,46,68,241,119,55,51,63,46,53,126,14,104,163,108,110,91,70,93,130,121,95,123,123,94,31,46,33,40,32,61,109,83,91,63,79,89,78,95,191,204,218,261,255,246,176,166,89,111,237,136,193,76,99,69,157,56,115,141,150,80,90,62,104,50,88,101,87,66,60,80,55,76,54,66,52,52,64,66,63,63,69,41,58,69,56,26,78,20,11,66,10,29,30,24,34,31,34,39,52,22,47,40,75,31,59,65,65,81,51,63,85,23,28,120,133,163,75,60,84,104,83,64,39,61,56,54,63,73,88,93,76,54,59,53,42,39,50,80,149,108,257,86,86,79,115,68,125,56,31,265,293,
20201209,23,PM2.5,62,118,114,110,87,115,92,50,76,89,137,150,147,31,93,120,129,54,94,22,46,29,33,57,72,41,55,67,51,30,83,45,68,53,18,20,49,36,17,19,11,65,64,56,91,31,26,51,83,34,116,85,75,48,47,66,53,59,50,56,50,46,50,43,36,54,20,26,69,77,44,55,79,206,94,74,50,21,67,78,86,92,25,97,135,93,122,99,100,78,54,87,89,53,79,127,42,22,41,52,41,26,45,65,41,36,41,49,27,121,23,88,80,40,12,99,122,80,132,70,74,115,47,68,60,79,105,156,219,112,120,117,155,71,64,143,54,45,67,37,44,41,41,55,48,40,49,43,15,23,119,101,72,76,74,40,11,67,102,43,79,101,72,38,47,87,63,,132,36,34,46,83,43,22,26,23,21,50,53,47,49,57,25,57,52,51,29,,99,192,20,80,45,25,116,63,55,21,37,16,19,44,20,4,27,113,107,107,56,60,50,28,45,47,29,49,191,66,39,36,45,27,37,96,6,78,124,81,83,68,51,69,99,92,71,93,93,70,14,32,23,23,22,41,82,61,68,45,58,66,57,71,144,154,168,211,205,196,133,126,66,84,187,104,145,56,74,50,120,31,87,108,115,59,67,44,78,33,57,76,63,48,41,50,39,56,38,48,35,36,46,48,45,45,46,29,41,50,40,11,57,12,4,48,2,20,21,15,24,13,19,21,35,14,33,28,40,22,32,38,47,60,27,45,63,8,13,91,101,124,55,38,62,78,61,44,27,31,39,35,23,53,65,69,56,38,42,23,11,27,35,59,114,81,207,64,61,58,87,43,95,21,22,215,243,
20201209,23,PM2.5_24h,46,78,92,72,65,93,74,44,51,76,90,99,80,86,81,65,70,43,66,19,43,26,23,30,54,30,30,40,37,23,51,29,41,42,19,23,28,32,20,24,9,46,49,56,81,17,12,80,81,34,119,89,115,42,45,51,41,50,48,49,45,34,42,51,26,52,20,28,35,92,35,58,85,185,125,117,71,34,59,46,57,66,15,59,99,83,93,88,60,56,58,61,85,45,42,80,41,25,55,53,42,36,43,48,35,36,45,37,20,95,45,85,111,64,52,69,69,53,106,39,28,78,26,71,60,88,99,118,157,94,124,123,147,88,84,125,51,36,56,38,29,36,51,50,39,39,41,38,12,18,106,103,66,82,95,31,35,108,104,48,68,90,66,42,50,81,58,,78,42,24,33,50,29,21,24,24,18,46,35,29,46,52,22,62,48,48,31,,111,132,20,83,55,74,115,66,48,28,45,16,20,47,21,13,39,86,67,59,55,37,43,36,36,36,24,38,87,38,29,24,36,74,29,68,12,60,93,63,65,88,40,57,89,74,67,72,81,64,13,38,30,15,21,31,81,58,69,42,54,62,56,69,99,100,143,169,170,166,100,123,62,118,169,80,156,83,64,50,121,21,99,88,136,42,63,56,87,46,31,47,47,42,43,38,32,44,39,39,32,31,41,48,41,33,36,40,29,47,28,13,42,30,15,51,11,15,20,19,17,41,17,19,23,23,25,26,25,18,22,29,19,20,10,28,40,8,13,68,61,134,102,31,53,52,41,36,45,38,29,22,24,39,65,34,51,24,26,17,11,42,36,49,76,50,200,59,51,78,120,51,75,31,17,272,260,
20201209,23,PM10,107,148,183,165,138,193,162,71,118,139,211,201,209,50,154,168,186,75,93,33,81,61,38,58,104,68,118,109,88,46,105,58,84,126,36,40,104,85,38,38,19,137,119,86,90,43,45,71,122,70,155,111,55,98,78,121,110,110,97,80,87,56,82,50,63,87,28,59,110,97,91,71,122,171,108,81,127,49,101,102,93,141,45,153,194,148,146,125,145,127,80,88,126,91,98,157,74,26,43,97,115,28,69,69,58,43,46,74,55,179,54,115,110,42,29,149,156,100,176,100,173,154,82,79,98,86,127,206,231,173,170,149,181,100,82,102,86,55,117,48,59,77,44,79,50,47,96,64,28,44,141,135,87,94,95,72,9,86,139,103,118,146,124,67,94,131,108,,156,72,59,93,131,101,45,44,44,38,87,85,95,88,78,34,115,115,96,55,,128,215,51,111,73,39,156,123,117,34,57,22,46,61,23,12,40,179,126,132,71,101,78,44,76,72,46,72,286,188,53,48,49,46,49,113,13,113,154,141,128,54,70,98,111,130,96,133,104,63,31,45,32,40,32,71,107,108,48,64,91,91,90,109,187,229,216,183,235,268,132,153,103,122,215,116,125,74,102,69,138,62,97,115,135,69,89,74,103,50,125,134,123,67,70,109,60,86,54,79,53,53,52,63,63,72,88,34,61,65,57,26,84,20,6,68,4,24,27,24,20,31,34,39,53,22,41,36,100,28,67,80,48,78,51,59,45,7,28,104,120,131,75,69,98,96,78,78,21,72,62,58,75,75,76,111,47,49,67,55,42,39,45,73,237,116,353,112,121,102,135,86,112,61,20,281,332,
20201209,23,PM10_24h,81,99,156,123,114,157,129,75,98,127,149,144,127,134,128,110,101,63,78,30,77,44,34,44,90,58,60,64,62,42,65,54,54,90,36,42,54,62,39,44,18,97,74,95,94,27,18,111,127,70,150,110,81,69,73,89,74,75,78,65,69,50,72,67,45,76,32,61,60,112,58,74,127,194,137,132,124,57,84,70,71,105,23,93,159,133,128,118,102,95,100,78,124,86,63,116,58,34,72,85,54,45,56,61,48,50,62,59,41,155,100,118,165,99,82,128,111,81,150,59,74,117,53,72,79,102,135,157,184,149,173,133,164,122,109,92,80,45,80,55,44,53,61,76,43,49,65,49,17,33,114,137,79,99,134,64,56,140,135,91,109,134,126,95,90,129,105,,106,78,49,68,84,59,43,40,44,31,65,60,64,72,71,34,124,112,80,53,,150,135,39,125,97,122,154,121,113,54,65,20,54,68,37,26,51,136,105,95,87,71,64,62,88,58,46,58,138,93,47,42,46,118,49,90,31,89,131,107,110,93,57,89,119,99,103,108,99,62,25,49,36,26,29,55,112,104,56,70,85,86,90,102,138,149,169,178,217,216,105,168,93,164,169,101,146,123,95,60,143,44,121,97,157,47,89,79,118,70,62,74,74,65,66,65,57,60,55,75,47,40,44,64,64,51,58,46,38,60,39,38,63,41,17,69,17,22,26,25,25,75,31,37,38,36,38,45,54,26,50,61,29,36,28,46,48,12,24,80,71,141,117,52,83,72,56,68,68,59,45,36,59,60,74,61,78,34,54,46,35,54,48,56,184,84,298,100,105,103,169,109,92,43,20,350,348,
20201209,23,SO2,4,18,18,23,28,13,17,18,21,16,15,23,24,9,20,35,15,22,25,5,8,7,5,13,9,6,10,11,5,10,6,7,4,8,9,7,9,8,5,4,5,10,7,6,7,6,4,5,22,15,13,8,8,11,7,9,15,11,14,13,13,6,14,6,9,8,11,11,9,11,17,19,10,9,9,8,33,10,7,24,92,32,5,33,10,17,27,28,14,19,26,13,26,17,11,15,9,8,7,18,6,7,12,16,8,16,13,11,15,18,30,22,20,14,13,24,37,26,132,15,33,26,8,18,25,9,8,9,9,17,12,12,8,8,8,8,3,12,9,17,5,10,8,16,8,5,6,3,27,8,8,27,12,6,10,15,9,25,6,5,34,12,23,23,20,30,20,,13,28,9,9,13,11,6,9,8,8,12,11,11,10,9,6,4,4,9,6,,6,9,5,15,17,13,18,12,16,7,10,4,6,22,5,5,8,57,29,20,29,24,16,12,16,9,10,30,31,15,20,10,9,13,10,13,10,10,8,5,9,14,4,8,6,4,5,5,6,26,4,23,9,9,2,14,14,37,16,18,21,15,6,22,12,15,6,14,7,6,4,5,12,6,11,7,8,2,7,9,6,8,21,29,2,5,16,7,6,7,62,14,15,11,10,10,8,8,15,31,3,9,4,7,8,5,9,6,5,5,18,7,10,7,22,3,7,6,4,6,6,7,8,4,9,9,10,7,10,6,4,14,9,11,7,5,21,10,8,12,51,8,9,11,12,9,17,18,10,12,14,26,10,8,18,59,9,19,19,34,16,50,6,28,22,4,7,12,10,10,5,19,28,1,7,21,4,
20201209,23,SO2_24h,7,19,21,20,29,22,20,26,29,18,31,24,24,37,23,32,16,22,24,6,9,8,5,13,13,7,9,10,8,8,7,7,7,8,10,7,9,10,7,5,5,9,5,6,10,4,4,9,21,13,13,9,8,9,7,9,11,12,11,13,11,7,12,10,8,8,11,12,6,14,12,20,13,9,8,8,34,13,13,27,34,26,3,35,18,17,37,24,20,17,22,28,27,19,8,25,10,9,21,29,6,9,11,11,9,11,15,18,9,13,33,20,56,51,22,19,26,28,54,17,32,19,11,14,12,8,10,14,11,12,14,13,9,15,12,8,3,12,12,20,6,6,8,25,13,4,4,3,16,8,11,25,10,7,13,20,22,42,6,5,22,15,24,21,19,25,17,,11,23,8,7,11,10,7,20,9,8,13,11,12,11,10,7,5,4,10,7,,6,10,5,18,22,75,21,21,22,8,19,4,6,25,9,10,8,66,19,22,30,19,17,26,19,14,12,17,19,16,14,14,10,12,16,18,22,13,10,8,10,11,6,13,7,6,7,8,8,10,4,14,7,8,4,19,34,42,17,16,18,31,6,15,15,14,9,15,8,7,7,7,13,7,10,10,9,3,13,9,6,7,16,19,3,6,11,9,8,6,16,12,15,12,12,16,8,9,11,14,4,8,5,6,8,7,10,7,5,5,15,7,13,8,19,3,9,7,39,7,6,19,8,4,10,15,10,6,9,6,11,13,8,9,7,5,11,10,8,18,25,16,13,31,13,6,17,10,9,10,9,14,10,8,20,31,15,16,20,31,17,17,6,10,16,7,7,23,7,10,6,22,18,2,5,12,5,
20201209,23,NO2,73,88,78,86,74,70,75,33,58,84,71,81,78,41,62,68,37,53,55,71,60,80,35,54,52,52,94,71,53,41,49,32,48,82,52,36,86,90,68,26,12,70,66,41,59,21,39,45,52,72,56,49,43,95,50,78,91,97,86,80,41,58,50,12,48,55,19,49,70,58,74,36,73,86,55,50,60,20,56,44,75,58,36,72,53,53,69,58,57,65,57,50,54,69,31,77,43,25,20,47,54,19,52,35,47,31,36,57,38,44,32,54,59,43,20,62,64,40,68,33,50,70,34,63,69,42,39,61,65,61,51,63,40,39,49,26,27,20,60,24,43,43,27,62,37,35,47,42,27,43,66,50,70,45,53,30,26,45,55,46,58,45,63,62,57,62,56,,65,54,42,45,73,78,95,69,51,94,60,65,72,67,59,12,51,57,65,47,,41,58,69,34,31,30,54,56,57,17,21,6,10,31,8,3,11,58,69,72,42,62,30,14,10,33,8,40,77,42,23,28,24,24,15,36,10,64,60,55,62,44,24,65,47,52,45,43,56,67,17,31,24,37,7,27,40,45,43,29,54,42,38,57,66,65,43,61,58,49,40,34,61,33,56,45,39,17,37,43,41,31,39,49,37,43,44,25,43,25,76,43,48,29,29,43,16,35,22,16,39,26,26,50,48,40,37,26,22,43,23,14,37,15,18,28,15,18,21,14,8,14,15,24,26,14,11,14,27,20,36,40,23,42,47,32,46,7,8,34,88,39,42,45,56,57,31,63,41,25,58,39,54,38,56,47,14,41,23,46,44,24,25,64,79,63,89,76,78,28,47,39,44,39,8,71,70,
20201209,23,NO2_24h,62,73,72,73,65,60,70,35,54,73,60,63,63,55,51,50,42,44,48,53,55,56,32,42,53,47,54,58,45,28,35,44,39,67,51,33,47,64,52,23,17,60,49,42,64,15,20,45,48,68,58,52,43,53,34,54,54,62,62,42,28,41,40,15,41,48,23,34,41,46,39,45,51,78,54,46,55,25,41,33,60,52,19,59,51,50,67,53,50,55,58,48,51,69,32,63,29,25,22,31,33,16,26,29,27,21,30,44,25,45,42,45,60,54,40,36,43,40,56,32,31,63,25,54,54,38,44,57,54,50,56,52,33,37,42,37,22,18,30,21,15,34,30,51,30,31,40,24,21,24,48,48,53,36,49,27,27,44,45,34,54,44,67,68,56,54,57,,57,51,35,40,60,53,60,51,42,51,49,54,45,58,53,19,56,60,56,44,,43,34,41,38,36,58,49,52,49,10,29,8,10,44,16,7,13,47,38,49,41,41,27,28,22,29,13,31,63,33,20,27,26,42,18,40,20,54,48,46,62,43,26,68,44,51,50,36,60,62,15,29,23,18,15,27,37,47,40,30,47,40,33,42,62,56,42,53,44,48,39,38,54,36,44,50,43,30,44,38,36,30,39,38,33,32,41,23,40,20,34,26,31,29,26,25,23,28,20,21,37,20,23,41,42,28,30,32,27,36,19,28,32,16,15,24,20,16,24,17,12,26,14,17,18,21,11,14,22,17,25,28,14,21,30,20,22,11,9,33,51,38,39,28,45,30,24,33,38,18,23,24,39,26,35,28,22,34,20,26,42,19,23,27,59,40,69,48,40,27,60,41,36,20,14,72,68,
20201209,23,O3,3,4,5,5,6,4,3,41,9,5,6,2,7,39,5,5,39,17,37,28,4,13,48,30,5,7,3,4,2,9,14,52,7,4,30,47,3,3,21,52,73,3,9,12,3,54,41,5,16,10,16,6,3,6,37,32,4,4,19,5,43,13,54,90,5,3,12,15,15,8,10,53,8,18,4,4,13,61,21,9,7,19,29,7,5,5,5,9,19,22,11,8,8,5,55,4,14,54,97,40,4,58,24,58,23,38,32,8,14,8,42,22,16,40,64,9,10,26,13,41,7,10,29,2,1,4,29,4,1,6,26,4,5,15,5,37,27,42,41,32,62,4,19,12,4,12,2,28,7,33,6,8,5,18,17,37,52,31,21,29,3,27,2,23,10,6,4,,5,13,27,20,8,3,6,12,27,5,4,8,4,4,4,69,23,9,3,4,,21,3,5,48,37,44,15,5,3,64,60,56,70,38,66,66,92,13,5,9,33,10,34,59,56,37,49,13,20,15,47,34,49,62,42,43,45,12,4,2,11,13,23,11,7,7,25,3,,21,63,24,32,14,54,2,4,3,4,35,2,6,4,4,5,3,4,,2,6,5,26,4,8,3,4,11,30,6,2,7,3,5,7,18,12,20,21,24,12,7,59,76,72,74,14,47,7,40,86,5,8,12,4,4,5,25,20,2,7,17,30,31,21,14,14,33,26,28,11,48,43,64,24,21,48,42,39,9,56,16,10,44,28,37,27,29,75,50,4,15,5,19,15,6,14,35,12,45,51,10,4,11,34,7,46,64,18,34,13,50,56,47,19,10,12,10,11,7,,34,44,30,32,30,7,14,
20201209,23,O3_24h,18,36,17,30,44,39,19,63,30,22,35,31,39,79,40,44,55,52,57,73,35,64,89,66,18,48,60,72,45,52,48,65,40,38,72,89,69,49,81,87,90,29,38,35,9,80,88,11,56,42,49,11,15,92,96,105,76,73,92,101,90,69,108,122,28,19,32,82,74,41,81,78,64,33,14,9,55,81,61,56,47,47,86,44,46,37,15,48,43,44,33,22,39,6,64,21,96,76,117,101,67,86,80,98,83,80,87,64,77,24,67,68,43,68,74,56,50,44,50,68,46,38,60,27,24,17,49,40,38,42,38,29,55,36,23,60,51,67,126,76,132,48,43,83,19,36,31,43,32,90,41,53,87,72,43,74,77,82,43,70,23,76,26,27,34,16,19,,16,41,51,42,31,79,58,77,80,65,39,75,57,70,38,101,36,23,39,59,,45,33,74,75,73,55,50,22,66,83,73,65,78,58,75,76,87,60,52,41,63,57,65,62,65,62,70,54,48,47,67,64,68,74,42,50,50,45,37,34,20,21,54,38,32,35,33,35,12,45,81,36,61,69,63,18,30,16,40,72,30,22,15,44,27,37,29,25,34,28,24,47,20,50,34,14,29,32,18,21,39,24,20,44,55,21,48,48,40,49,94,129,131,116,134,74,80,110,107,116,25,22,39,26,14,28,57,31,19,26,62,49,94,56,36,42,33,32,30,88,75,87,87,71,78,73,82,60,59,99,75,58,95,80,77,84,70,87,68,28,78,67,68,77,36,79,81,67,79,72,76,51,67,83,90,87,85,82,80,57,89,78,81,81,55,60,44,63,72,,43,75,57,72,37,22,39,
20201209,23,O3_8h,3,6,7,5,9,15,4,44,10,7,12,9,9,58,17,20,32,16,37,43,6,18,54,44,9,6,9,12,3,19,26,48,16,7,33,58,21,8,47,63,71,6,15,16,2,66,53,4,24,13,19,6,5,44,63,72,32,40,54,48,62,37,70,108,7,7,9,46,42,19,40,49,32,24,5,5,29,68,37,26,16,20,50,22,17,11,8,16,26,27,8,8,12,4,46,6,44,60,104,73,29,72,46,73,42,52,51,37,48,12,49,32,25,42,64,20,23,29,16,42,8,12,36,3,3,4,33,7,12,14,23,12,14,23,10,47,30,49,81,46,114,19,17,41,4,12,12,34,13,67,23,16,35,36,27,49,51,51,31,45,5,34,4,10,13,5,5,,6,8,26,18,10,18,13,18,28,23,8,12,8,14,9,73,20,10,8,21,,27,14,33,53,40,40,29,9,27,73,58,55,71,32,64,66,79,19,16,18,32,21,40,50,52,43,54,18,20,22,50,41,48,63,37,38,41,15,6,6,11,11,33,13,7,15,22,7,2,26,67,26,39,38,53,5,6,4,8,48,11,13,6,21,8,11,10,7,14,15,10,33,5,15,5,5,16,22,7,6,17,4,12,20,36,15,28,28,27,30,36,87,98,83,101,41,55,63,70,99,10,11,11,11,5,12,35,23,7,13,25,32,65,41,9,15,18,21,20,22,60,31,70,47,47,56,51,45,36,67,43,29,66,50,54,67,50,80,53,12,50,18,39,41,23,45,55,41,41,54,51,25,29,55,56,57,71,40,51,33,64,66,59,56,31,32,17,45,46,,29,54,38,48,20,11,28,
20201209,23,O3_8h_24h,12,18,12,19,31,26,12,49,22,14,23,23,23,64,29,34,46,38,46,61,32,52,73,56,12,46,48,49,44,51,37,51,29,29,61,76,57,37,66,79,87,22,30,29,6,74,81,7,47,27,30,8,10,75,80,89,61,56,76,77,76,59,85,114,26,11,31,67,59,28,72,61,50,28,10,7,40,75,53,45,38,38,77,25,30,27,10,37,35,32,15,21,32,5,48,9,77,67,108,92,49,78,65,86,72,64,72,53,66,18,59,54,30,55,66,47,38,38,35,59,34,26,51,18,21,14,38,26,22,25,27,23,53,30,15,54,37,62,100,63,124,31,42,57,18,35,21,38,30,80,30,34,66,51,33,61,75,68,35,56,14,60,15,13,21,10,10,,15,40,51,36,21,65,50,55,60,59,37,48,57,46,31,87,26,18,28,46,,32,27,55,62,63,41,39,17,52,80,64,61,74,44,69,73,83,40,48,35,48,44,52,51,56,54,60,37,39,38,60,53,63,66,37,41,43,39,36,32,15,17,43,37,30,27,26,32,7,35,76,31,54,62,60,12,18,11,24,61,23,17,12,36,18,24,21,17,25,20,20,35,14,47,30,11,21,22,12,14,24,13,16,34,46,20,39,38,36,44,72,107,113,94,114,60,61,71,86,102,19,20,35,17,9,20,41,24,11,18,44,42,77,46,36,35,18,21,29,22,68,56,78,65,67,64,64,54,48,83,60,42,82,63,63,78,67,83,60,20,66,59,68,76,29,71,72,63,65,65,67,36,58,73,80,70,78,76,65,50,80,75,76,74,45,49,33,52,62,,29,60,49,57,25,16,33,
20201209,23,CO,1.14,1.64,1.70,1.55,1.64,1.25,1.68,0.88,2.70,1.35,1.90,1.47,2.67,0.51,2.14,2.07,1.12,0.92,1.08,0.60,0.94,0.67,0.63,0.82,0.96,0.45,1.18,0.90,0.53,0.80,0.60,0.53,0.65,1.07,0.65,0.38,0.93,0.67,0.63,0.50,0.50,1.03,1.17,0.97,1.11,0.85,0.70,0.96,0.99,0.96,1.31,1.10,1.27,1.23,0.77,0.92,1.01,1.03,1.07,1.02,0.86,0.60,1.01,0.72,1.02,1.01,0.92,0.77,2.10,0.99,1.85,0.90,1.82,2.87,1.22,1.07,1.70,0.58,1.40,1.73,1.80,1.80,0.50,1.20,1.33,1.10,1.70,1.50,0.78,1.13,0.90,0.90,0.93,0.97,1.03,1.52,0.88,0.75,0.68,1.03,1.10,0.83,1.10,0.80,1.15,0.70,1.08,1.20,1.83,0.93,0.60,1.78,1.43,0.52,0.68,2.07,2.07,1.35,2.38,1.02,3.06,1.98,0.92,1.03,1.57,1.06,0.94,1.55,1.50,1.70,1.15,1.53,1.18,1.23,1.14,1.18,0.90,1.03,1.13,0.90,0.75,1.25,0.74,1.58,0.83,1.00,1.00,0.94,0.90,0.45,1.17,1.17,2.27,0.79,1.13,0.85,0.30,1.07,0.94,0.67,1.35,1.20,1.50,1.35,1.85,1.60,1.70,,2.20,1.00,0.75,0.95,2.30,0.80,0.80,0.63,0.50,0.60,1.05,0.63,0.75,1.10,0.90,0.55,1.30,0.70,0.70,0.90,,1.18,1.78,0.50,1.10,0.82,0.80,1.37,0.97,0.70,0.57,0.43,0.40,0.55,0.55,0.30,0.30,0.40,1.88,2.52,1.57,1.23,1.00,1.10,0.70,1.25,0.90,0.40,0.97,3.07,1.27,0.83,0.60,0.65,0.65,0.30,0.65,0.45,0.83,0.94,0.83,1.13,1.10,1.15,0.95,0.90,0.80,1.13,1.15,1.15,0.80,0.57,0.53,0.53,0.73,0.50,0.90,1.55,1.20,0.82,1.48,0.93,1.07,0.82,1.33,1.60,2.43,1.18,1.70,1.47,1.46,0.88,1.03,1.30,0.97,1.45,1.03,1.77,0.70,0.80,1.13,1.00,0.50,1.46,1.35,1.52,1.00,1.05,1.38,1.15,0.75,1.37,1.20,0.97,0.93,0.95,1.05,0.80,1.00,1.00,0.65,0.83,0.73,0.92,0.93,1.00,0.95,0.95,0.87,1.00,1.05,0.95,0.60,0.65,1.05,1.07,1.00,0.65,0.65,0.80,1.00,0.50,0.95,0.60,0.70,0.80,0.70,0.70,0.65,0.70,0.70,0.85,0.95,0.85,2.05,1.00,1.25,4.50,0.50,0.70,1.67,1.50,1.10,0.70,0.45,0.95,1.90,0.75,1.05,0.55,0.95,0.95,1.40,1.40,0.90,0.80,1.10,0.40,0.80,0.40,1.40,0.80,0.53,0.65,1.65,6.30,1.60,3.05,2.40,1.80,1.40,1.20,1.20,1.53,1.40,0.80,1.70,2.50,
20201209,23,CO_24h,0.88,1.22,1.61,1.15,1.74,1.25,1.20,0.90,2.05,1.10,1.50,1.13,1.75,1.57,1.67,1.31,0.89,0.91,0.93,0.53,0.93,0.60,0.63,0.75,0.94,0.53,0.70,0.80,0.53,0.80,0.48,0.47,0.63,0.88,0.75,0.43,0.70,0.70,0.60,0.50,0.53,0.87,1.07,1.10,1.08,0.76,0.67,1.16,1.03,0.79,1.24,1.26,1.27,0.91,0.77,0.85,0.81,0.77,0.97,0.80,0.80,0.60,0.94,0.75,0.89,0.77,0.92,0.78,1.12,1.06,0.90,1.00,1.38,2.58,1.22,1.03,2.18,0.74,1.13,1.27,1.33,1.38,0.50,0.95,1.20,1.00,1.53,1.28,0.76,0.95,1.04,0.90,0.90,1.43,0.80,1.15,0.90,0.72,0.77,0.90,0.85,0.83,0.90,0.80,1.05,0.75,0.97,0.90,1.17,0.90,0.92,1.46,2.13,1.18,1.50,1.32,1.25,1.33,1.86,0.90,1.00,1.34,0.78,0.97,0.82,0.97,1.00,1.27,1.37,1.23,1.32,1.30,1.10,1.27,1.14,1.35,0.93,0.93,1.10,0.92,0.55,0.82,0.84,1.96,0.90,0.83,0.82,0.86,0.80,0.50,1.03,1.27,1.80,0.80,1.27,0.95,0.80,1.60,0.94,0.77,1.00,1.20,1.50,1.10,1.20,1.55,1.10,,1.45,1.00,0.65,0.85,1.80,0.75,0.80,0.70,0.50,0.50,1.10,0.77,0.70,1.00,0.75,0.60,1.20,0.80,0.70,0.80,,1.20,1.20,0.45,1.26,0.86,1.82,1.63,1.23,0.87,0.57,0.60,0.40,0.60,0.75,0.47,0.50,0.45,1.38,1.33,1.38,1.57,0.97,1.25,1.05,1.65,0.90,0.40,0.80,1.40,0.80,0.50,0.65,0.50,1.10,0.35,0.60,0.55,0.63,0.84,0.67,1.12,1.13,0.93,0.85,0.77,0.70,1.10,0.85,1.10,0.73,0.60,0.63,0.57,0.63,0.65,0.88,1.30,1.10,0.88,1.40,0.90,1.13,1.00,1.10,1.20,1.27,1.02,1.50,1.27,1.34,0.82,1.03,1.16,1.07,1.20,1.27,1.35,0.95,0.95,1.17,1.07,0.50,1.46,1.13,1.63,0.93,0.97,1.52,1.25,0.80,1.22,0.83,1.03,0.93,0.95,1.00,0.80,0.95,0.85,0.70,0.87,0.70,0.85,0.93,1.00,0.90,0.65,0.90,0.90,0.93,0.70,0.40,0.85,1.03,0.93,1.10,0.70,0.80,0.95,1.10,0.55,1.40,0.50,0.55,0.70,0.80,0.73,0.70,0.65,0.75,0.80,0.90,0.60,1.00,0.65,1.05,1.90,0.55,0.65,1.17,1.03,1.15,0.85,0.50,1.30,0.85,0.65,0.45,0.85,0.90,0.55,0.80,1.25,0.80,0.90,0.90,0.50,0.70,0.70,1.30,0.70,0.50,0.50,1.00,3.20,1.10,2.45,1.10,0.90,1.50,2.27,1.75,1.40,1.60,0.90,2.15,2.60,