date,hour,type,北京,天津,石家庄,唐山,秦皇岛,邯郸,保定,张家口,承德,廊坊,沧州,衡水,邢台,太原,呼和浩特,沈阳,大连,长春,哈尔滨,上海,南京,苏州,南通,连云港,徐州,扬州,无锡,常州,镇江,泰州,淮安,盐城,宿迁,杭州,宁波,温州,绍兴,湖州,嘉兴,台州,舟山,金华,衢州,丽水,合肥,福州,厦门,南昌,济南,青岛,郑州,武汉,长沙,广州,深圳,珠海,佛山,中山,江门,东莞,惠州,肇庆,南宁,海口,重庆,成都,贵阳,昆明,拉萨,西安,兰州,西宁,银川,乌鲁木齐,湘潭,株洲,包头,鄂尔多斯,营口,丹东,盘锦,葫芦岛,泉州,临沂,德州,聊城,滨州,淄博,枣庄,烟台,潍坊,济宁,泰安,日照,威海,东营,韶关,汕头,湛江,茂名,梅州,汕尾,河源,阳江,清远,潮州,揭阳,云浮,玉溪,菏泽,大同,长治,临汾,阳泉,赤峰,鞍山,抚顺,本溪,锦州,吉林,齐齐哈尔,牡丹江,大庆,芜湖,马鞍山,九江,洛阳,安阳,开封,焦作,平顶山,三门峡,宜昌,荆州,岳阳,常德,张家界,桂林,北海,柳州,三亚,绵阳,宜宾,攀枝花,泸州,自贡,德阳,南充,遵义,曲靖,咸阳,铜川,延安,宝鸡,渭南,金昌,嘉峪关,石嘴山,克拉玛依,库尔勒,寿光,章丘,即墨,胶南,胶州,莱西,平度,蓬莱,招远,莱州,荣成,文登,乳山,吴江,昆山,常熟,张家港,太仓,句容,江阴,宜兴,金坛,溧阳,海门,临安,富阳,义乌,诸暨,瓦房店,信阳,周口,漳州,晋城,朔州,晋中,运城,忻州,吕梁,乌海,通辽,呼伦贝尔,巴彦淖尔,乌兰察布,兴安盟,锡林郭勒盟,阿拉善盟,阜新,辽阳,铁岭,朝阳,四平,辽源,通化,白山,松原,白城,延边州,鸡西,鹤岗,双鸭山,伊春,佳木斯,七台河,黑河,绥化,大兴安岭地区,蚌埠,淮南,淮北,铜陵,安庆,黄山,滁州,阜阳,宿州,六安,亳州,池州,宣城,莆田,三明,南平,龙岩,宁德,景德镇,萍乡,新余,鹰潭,赣州,吉安,宜春,抚州,上饶,鹤壁,新乡,濮阳,许昌,漯河,南阳,商丘,驻马店,黄石,十堰,襄阳,鄂州,荆门,孝感,黄冈,咸宁,随州,恩施州,衡阳,邵阳,益阳,郴州,永州,怀化,娄底,湘西州,梧州,防城港,钦州,贵港,玉林,百色,贺州,河池,来宾,崇左,广元,遂宁,内江,乐山,眉山,广安,达州,雅安,巴中,资阳,阿坝州,甘孜州,凉山州,六盘水,安顺,铜仁地区,毕节,黔西南州,黔东南州,黔南州,保山,昭通,丽江,普洱,临沧,楚雄州,红河州,文山州,西双版纳州,大理州,德宏州,怒江州,迪庆州,昌都,山南,日喀则,那曲地区,阿里地区,林芝,汉中,榆林,安康,商洛,白银,天水,武威,张掖,平凉,酒泉,庆阳,定西,陇南,临夏州,甘南州,海东地区,海北州,黄南州,海南州,果洛州,玉树州,海西州,吴忠,中卫,固原,吐鲁番地区,哈密地区,昌吉州,博州,阿克苏地区,克州,喀什地区,和田地区,伊犁哈萨克州,塔城地区,阿勒泰地区,石河子,五家渠,三沙
20180815,0,AQI,29,14,33,26,16,47,31,48,44,29,16,39,36,68,36,21,29,18,20,27,34,30,40,29,46,38,37,36,43,34,34,29,52,30,19,20,27,22,27,23,22,21,25,20,48,13,17,36,31,37,51,36,30,26,21,24,29,18,31,34,26,34,30,17,72,70,59,75,51,70,37,58,57,59,33,33,60,60,20,13,18,17,20,27,21,20,20,31,53,23,18,31,24,39,17,27,29,21,25,24,26,32,23,33,39,35,26,64,61,34,56,48,108,70,26,22,19,15,14,27,17,24,24,35,28,58,50,34,57,57,59,75,60,36,34,38,42,24,29,53,25,83,90,66,80,89,70,74,37,73,72,42,48,75,91,110,31,62,54,96,20,17,26,31,25,36,19,27,21,22,22,23,21,31,33,30,23,24,51,25,25,28,23,25,30,36,32,17,10,39,52,32,51,98,53,78,53,56,52,51,29,93,33,23,17,82,13,28,32,33,30,16,13,19,30,27,20,27,28,30,31,51,22,37,54,13,46,54,37,43,36,18,34,50,49,52,29,28,35,12,19,16,36,17,43,62,54,34,44,53,58,56,41,40,47,23,55,61,51,53,46,54,41,55,37,56,38,43,39,34,41,30,31,45,48,53,53,28,48,73,27,33,37,44,60,57,64,44,19,55,75,57,62,67,68,64,33,51,57,16,31,49,70,61,71,70,51,46,66,20,51,43,26,27,74,56,59,26,40,22,54,28,48,23,33,39,34,13,37,86,45,50,33,61,134,52,48,30,34,58,53,37,26,63,64,25,54,29,46,121,56,38,57,83,18,83,90,192,185,141,98,75,22,20,55,41,
20180815,0,PM2.5,16,10,17,18,7,29,20,18,17,14,11,27,25,42,12,12,13,10,8,10,13,9,13,20,25,14,14,17,18,12,17,14,21,13,8,5,8,9,10,7,7,15,13,5,22,4,11,20,15,12,28,21,14,14,10,7,17,11,22,18,15,24,21,8,50,51,36,46,16,42,20,28,32,16,17,18,22,30,13,7,11,9,14,16,9,11,10,16,20,7,7,12,12,9,8,13,20,12,14,14,18,13,13,23,27,21,13,46,29,18,21,27,81,42,16,10,9,7,9,12,12,11,15,15,13,22,30,18,30,36,35,55,30,16,23,20,22,17,18,33,8,61,67,44,59,66,51,54,25,53,36,24,21,47,52,24,8,29,17,40,8,7,15,12,13,13,13,15,5,8,14,8,7,9,8,11,11,11,28,13,9,15,9,11,15,14,10,8,7,27,34,12,25,36,37,57,32,35,29,25,20,69,23,14,7,47,9,13,10,13,21,11,1,6,18,13,7,11,16,17,22,24,10,16,38,9,25,33,26,25,16,5,18,20,34,28,12,14,12,7,10,11,17,7,20,32,31,15,25,30,39,29,14,17,32,16,33,44,30,23,24,38,27,34,25,31,25,24,19,19,29,17,20,15,26,30,21,15,28,53,19,19,26,29,33,29,33,25,12,29,55,34,42,42,49,46,23,29,23,11,22,34,49,44,14,51,12,30,38,9,27,14,10,19,54,34,40,10,17,12,15,14,14,9,18,19,15,7,26,40,27,28,13,44,53,24,29,10,18,29,37,26,15,45,29,14,38,11,10,47,23,10,27,26,6,21,31,101,67,35,25,45,8,8,19,23,
20180815,0,PM2.5_24h,27,9,27,21,8,28,26,24,23,21,12,29,22,40,12,12,12,8,14,10,12,8,12,16,15,17,10,14,14,16,14,12,16,14,10,7,9,11,12,9,8,13,12,7,21,8,13,16,10,10,29,15,17,16,11,10,22,18,21,18,14,33,35,9,45,38,45,43,10,41,27,28,25,10,17,17,20,31,11,11,8,11,13,12,7,11,11,13,15,6,8,12,13,10,12,8,32,12,17,26,17,12,16,37,29,13,13,25,32,17,26,34,71,42,18,5,9,7,10,8,14,15,11,15,13,24,29,30,29,32,33,41,24,17,17,21,22,32,16,45,7,37,48,37,33,44,37,43,24,53,39,31,19,39,40,28,40,27,13,21,10,11,10,11,10,16,11,14,9,8,15,8,8,10,9,11,10,10,24,14,10,10,11,12,15,10,11,9,10,23,23,17,35,35,41,50,29,45,38,23,13,30,21,17,8,33,15,5,11,17,15,10,4,11,17,15,8,15,15,23,18,18,15,13,19,6,21,21,18,21,14,8,16,16,21,16,10,16,16,11,23,20,21,9,17,21,34,21,34,32,27,24,20,25,29,27,32,30,27,12,22,26,28,27,17,21,17,14,11,16,27,22,23,16,25,33,23,18,28,36,27,28,40,48,27,26,32,38,16,15,36,22,35,19,32,44,15,27,22,10,17,36,48,47,14,40,16,31,36,8,25,12,7,15,35,33,39,7,13,11,7,9,19,9,8,29,7,7,28,33,29,28,22,31,54,64,34,49,21,27,29,31,18,38,25,15,18,15,8,14,19,19,16,22,11,13,14,57,33,40,21,21,7,7,11,10,
20180815,0,PM10,29,14,33,26,11,47,31,48,44,29,16,30,32,85,36,21,29,18,20,27,34,30,40,27,46,38,37,36,43,34,34,29,54,30,19,20,27,22,27,23,22,19,25,20,48,13,14,36,31,37,51,36,30,26,19,12,29,16,30,34,26,33,30,17,93,84,68,99,52,90,37,65,64,68,33,33,70,69,20,13,18,17,17,,21,20,12,31,56,23,8,31,24,39,17,27,,20,22,16,15,32,20,,36,35,26,20,72,34,61,48,138,89,26,21,19,15,14,27,16,24,24,35,28,66,50,34,63,64,68,71,70,36,34,38,42,19,22,56,25,101,89,81,104,91,87,88,37,80,93,42,48,100,132,169,9,74,57,142,17,12,26,31,25,36,16,27,21,22,22,23,21,31,33,30,23,24,51,25,25,28,23,25,30,36,32,17,8,35,53,32,52,145,53,71,55,62,54,51,25,90,28,23,17,114,12,28,32,33,29,15,13,19,30,27,20,27,28,30,31,52,22,37,48,9,46,58,34,43,36,18,34,50,,54,29,28,35,10,19,15,36,17,43,74,57,34,44,56,65,61,41,40,47,22,60,57,51,55,46,57,41,60,37,62,38,43,39,34,41,30,31,45,48,55,55,22,48,71,26,33,36,44,69,64,78,44,19,60,97,63,73,83,83,77,30,52,63,16,25,49,90,67,92,77,52,46,81,20,52,43,26,27,48,61,67,26,40,22,58,28,48,20,33,39,27,13,36,122,45,50,20,72,217,54,48,16,34,65,56,34,21,55,77,25,,29,46,191,61,22,63,116,11,115,130,334,320,231,145,100,22,,60,41,
20180815,0,PM10_24h,27,14,41,33,17,48,36,46,50,37,25,33,38,64,34,21,30,18,29,31,27,28,33,30,30,39,31,28,33,36,38,30,40,28,22,21,25,26,26,22,23,24,26,16,44,18,19,33,21,44,53,30,32,28,20,15,38,31,38,33,26,52,62,15,82,64,86,76,31,78,57,57,55,36,33,30,51,69,17,16,15,19,23,32,16,21,21,24,34,23,26,21,22,39,26,25,45,21,27,42,32,34,33,54,43,23,29,39,58,33,59,57,103,64,32,13,17,17,15,18,28,26,19,33,30,51,56,48,57,48,55,74,48,39,30,36,47,46,36,73,23,66,68,61,63,63,78,66,42,85,78,56,48,75,86,183,260,53,35,84,18,20,34,37,30,32,30,36,26,41,35,24,27,27,30,28,33,25,41,30,25,21,19,23,31,26,27,16,27,41,42,31,69,76,60,81,48,65,79,52,17,63,30,25,21,61,24,13,27,31,23,13,8,28,31,30,21,27,35,47,30,43,51,40,29,12,36,34,29,44,29,21,34,38,20,40,28,29,35,23,37,38,38,22,32,42,57,40,59,57,50,48,42,45,47,44,56,48,46,26,36,48,43,55,34,48,26,34,23,30,48,42,40,35,50,54,61,29,41,61,45,48,68,80,53,51,60,67,40,34,60,44,53,46,66,71,25,46,60,14,28,55,90,74,63,66,45,46,54,26,62,32,14,22,46,58,64,20,29,19,25,24,59,21,28,66,13,11,51,66,52,50,51,54,234,128,48,394,42,59,42,41,22,56,37,24,27,30,35,52,49,38,41,63,19,30,30,156,412,139,101,38,18,8,33,32,
20180815,0,SO2,2,5,6,26,8,7,5,9,3,6,8,5,12,5,8,9,6,3,6,8,6,3,12,5,14,10,10,14,9,5,5,5,6,7,7,5,7,8,3,3,4,7,8,4,5,4,7,5,11,4,4,5,7,6,7,3,6,6,6,6,7,10,11,4,8,8,5,16,7,10,6,17,6,7,10,14,7,11,5,6,8,9,6,6,7,6,2,10,19,6,8,5,5,4,5,5,8,7,5,9,8,7,5,8,11,15,7,10,10,7,15,9,14,16,7,8,10,8,6,7,6,3,7,7,8,13,13,8,9,5,14,7,8,8,13,11,5,6,7,16,4,10,8,22,45,8,16,11,4,19,11,10,10,4,4,7,3,42,6,6,12,8,6,4,8,3,4,5,7,7,14,4,5,7,9,15,4,12,4,15,7,6,12,13,6,8,2,5,2,7,7,14,10,20,6,11,31,11,7,4,3,9,20,4,8,9,4,11,5,7,3,5,7,6,4,4,4,2,6,2,3,6,5,6,7,4,16,13,12,16,8,11,11,13,15,7,15,4,4,7,8,9,8,3,5,21,17,17,11,30,14,25,30,15,11,8,19,10,3,4,15,11,8,8,5,14,8,5,2,5,5,16,8,3,6,3,34,11,2,10,18,11,8,16,10,9,9,14,6,25,14,10,7,11,4,7,16,4,10,8,10,9,13,12,1,9,8,10,55,4,11,17,5,7,15,16,11,5,4,7,12,9,6,4,3,3,4,3,5,9,8,3,10,11,4,3,4,9,8,5,12,12,9,11,26,12,7,9,9,13,7,9,5,7,5,8,13,7,7,9,7,13,4,7,8,9,
20180815,0,SO2_24h,4,3,7,24,8,5,5,10,3,4,11,6,10,6,10,12,5,3,7,5,6,3,13,5,12,8,9,11,6,5,7,4,8,8,5,5,5,8,4,3,5,8,4,4,5,5,4,6,7,4,5,6,8,7,6,4,7,8,7,7,7,8,11,4,9,9,6,15,10,9,11,13,7,8,9,9,11,11,4,6,7,17,6,7,5,8,4,5,12,6,9,3,6,4,5,5,10,6,6,14,9,8,8,8,9,11,8,17,9,6,13,12,16,9,11,5,10,8,7,6,6,3,6,6,8,13,15,8,7,6,18,10,7,10,9,10,5,10,7,16,4,10,8,53,15,9,12,11,6,21,12,10,9,4,5,22,11,10,6,6,12,10,5,3,8,3,5,5,6,7,10,4,4,9,9,12,5,11,4,11,7,15,15,13,5,6,3,5,3,7,7,3,14,16,5,18,23,16,37,5,3,12,17,4,10,9,6,9,6,12,2,9,4,9,3,6,4,2,6,8,4,5,8,6,8,4,11,10,9,15,7,10,12,9,21,6,11,6,7,8,10,10,8,4,7,18,18,16,20,27,11,18,16,16,10,8,8,9,6,4,12,11,12,10,7,12,8,4,3,4,8,14,10,3,10,5,21,8,3,13,10,11,10,24,8,7,9,11,6,26,10,12,6,13,5,14,16,5,12,8,10,12,16,20,2,11,9,9,24,5,20,18,6,7,12,24,9,5,5,12,12,11,7,4,2,3,4,4,9,9,8,3,49,9,5,2,6,8,8,4,11,14,9,10,17,12,6,7,9,15,7,9,5,6,6,7,11,8,5,9,7,10,4,7,11,13,
20180815,0,NO2,39,15,13,31,13,29,16,25,27,27,12,16,19,43,51,32,6,21,21,21,25,23,11,8,37,26,26,35,29,13,7,7,15,15,19,15,16,13,13,8,5,16,21,15,27,19,27,21,16,2,30,23,21,27,17,16,30,17,30,25,12,32,32,9,71,70,23,66,22,78,45,34,31,56,33,27,55,45,26,8,22,25,20,20,13,23,7,15,26,3,11,17,3,6,4,18,16,9,11,11,20,3,9,27,37,12,14,23,27,17,21,10,53,52,13,26,18,16,17,29,10,8,17,14,14,23,21,22,17,36,22,12,34,12,15,10,24,11,18,29,10,48,30,39,40,21,25,65,20,42,53,29,27,44,71,2,11,48,38,43,7,9,4,3,12,4,7,13,8,4,19,5,13,20,17,26,16,28,32,27,11,27,20,7,21,14,11,8,11,14,22,24,14,70,40,9,55,39,17,5,13,32,17,5,11,6,13,23,22,14,17,9,8,14,12,3,16,23,11,15,11,21,22,6,26,7,28,22,29,19,15,7,18,20,44,37,18,13,19,14,13,13,27,15,8,19,17,12,13,14,13,23,14,30,56,13,21,20,11,25,12,38,9,23,20,13,3,12,19,14,15,17,10,25,23,13,24,10,14,25,22,19,13,20,24,19,29,26,9,43,52,32,52,53,44,13,18,27,25,6,29,11,40,14,25,34,42,22,24,8,19,9,18,12,41,18,31,11,31,11,14,15,19,9,3,5,8,7,14,84,15,30,4,26,13,6,55,13,10,39,7,12,14,32,14,4,8,8,22,9,24,6,27,92,26,85,32,82,36,23,7,85,10,,43,61,
20180815,0,NO2_24h,22,21,13,38,24,18,15,15,23,27,21,17,14,31,28,27,9,22,24,15,15,18,11,9,17,21,17,22,16,13,10,7,15,16,11,10,9,10,11,7,4,17,19,12,27,15,17,18,20,3,22,25,14,29,18,24,30,22,32,25,14,22,36,12,46,40,28,43,16,44,38,31,22,26,20,14,31,31,24,10,14,15,15,18,10,22,12,14,16,4,9,14,8,4,5,11,16,8,12,12,17,8,19,22,24,7,13,24,21,16,19,14,29,21,21,16,17,18,17,20,13,16,12,12,10,18,24,17,11,17,20,20,24,14,10,10,23,16,13,25,10,33,24,36,27,25,34,33,23,29,22,25,26,29,34,8,14,22,16,12,9,17,6,4,11,5,8,15,9,4,10,4,12,15,16,19,15,19,13,20,9,17,14,5,19,13,12,7,10,12,16,18,17,22,19,16,29,33,30,9,9,19,13,7,7,7,16,11,20,18,18,14,13,18,9,11,14,21,10,18,9,16,28,8,13,6,21,16,11,24,17,12,17,15,25,22,11,20,17,11,15,10,23,10,6,13,18,12,16,10,14,12,9,18,21,13,18,14,14,11,12,24,16,22,16,12,3,8,11,11,13,15,11,14,18,19,18,11,9,23,18,20,20,25,17,15,16,20,11,23,28,27,30,33,29,37,13,23,27,5,21,16,33,25,14,24,26,24,15,10,18,11,15,12,21,14,21,10,22,9,13,12,15,9,3,5,5,6,16,40,15,19,22,20,17,4,26,10,9,26,13,9,16,36,9,5,16,12,14,8,14,17,14,30,20,29,11,20,10,27,12,23,6,30,24,27,
20180815,0,O3,8,28,42,26,50,49,36,70,7,19,39,26,55,53,39,9,40,53,37,12,25,8,18,28,51,7,5,6,6,18,29,33,40,15,8,19,4,13,10,23,16,13,24,17,73,28,55,65,56,33,74,77,75,61,68,77,43,59,43,57,67,28,45,34,58,39,69,44,53,46,31,54,78,39,44,45,35,64,19,18,18,15,33,86,25,46,64,67,64,26,57,49,59,35,27,45,61,68,79,76,67,99,75,38,29,76,64,41,41,46,52,95,64,26,57,9,9,13,33,25,41,51,49,41,36,67,78,55,80,48,82,107,44,84,67,76,52,67,92,25,39,68,53,49,80,94,80,34,67,34,62,37,44,46,30,110,100,74,49,28,63,54,33,39,31,30,29,18,28,36,27,23,31,16,12,15,5,11,22,6,20,15,27,20,23,38,10,16,13,70,75,37,96,14,59,135,20,31,134,62,34,90,68,38,55,146,37,7,7,38,39,10,27,10,38,43,36,23,43,12,13,10,60,27,36,41,62,77,39,64,64,37,46,46,56,87,42,68,38,37,37,13,16,22,33,83,61,59,43,78,80,27,40,49,63,53,77,71,103,56,96,39,119,78,52,77,84,55,32,86,48,65,70,40,43,50,65,90,9,30,40,48,75,57,18,47,34,32,61,31,32,77,19,48,52,94,37,35,76,14,78,68,69,104,37,28,34,73,61,22,101,62,16,29,48,66,47,14,30,12,13,60,32,72,63,27,108,26,62,4,60,15,104,107,90,104,12,96,73,36,88,72,82,79,57,63,104,83,51,111,81,120,63,10,58,4,47,24,67,118,107,15,47,63,44,13,
20180815,0,O3_24h,107,56,144,32,54,133,112,170,76,57,82,94,136,160,134,45,64,93,76,43,114,59,57,83,129,155,75,107,130,111,127,63,133,104,38,47,84,100,62,40,30,85,98,53,157,77,80,120,94,46,149,124,122,97,87,97,118,121,143,98,88,133,165,89,242,207,143,154,106,248,174,165,141,115,145,122,175,161,54,44,53,64,77,126,81,100,93,92,142,52,60,120,92,55,41,72,119,110,129,111,92,122,93,95,112,114,103,99,141,124,132,157,241,167,94,63,45,42,57,100,77,51,84,129,136,145,169,141,123,154,169,187,138,103,118,106,122,108,144,109,55,228,194,164,183,197,251,151,168,143,254,185,139,170,186,112,130,160,101,107,64,90,42,48,40,36,54,41,43,47,44,34,47,67,57,64,69,58,100,94,121,77,126,45,106,97,48,63,21,153,127,79,189,156,168,252,177,154,161,90,77,166,131,62,106,186,49,53,38,81,54,118,48,85,76,90,90,56,61,85,70,51,84,69,66,88,133,148,118,104,152,52,118,115,133,143,101,160,108,92,82,99,76,46,70,126,138,124,129,158,128,129,104,133,132,112,137,116,156,112,129,173,171,128,132,106,112,124,97,121,127,125,81,91,117,80,104,106,95,114,102,109,141,134,93,123,103,179,128,155,176,215,133,190,168,200,131,130,192,65,121,132,144,168,128,160,156,124,142,88,153,84,59,70,140,165,133,70,106,60,59,65,84,99,83,63,137,62,159,153,171,142,113,162,121,130,139,122,117,107,127,106,122,154,96,95,120,139,105,141,181,142,114,69,86,123,100,124,142,140,122,137,94,72,118,121,
20180815,0,O3_8h,32,29,84,21,46,77,53,104,34,25,48,31,83,102,91,11,45,42,42,20,75,22,26,46,74,55,26,38,53,42,74,40,103,45,16,25,51,38,24,24,18,34,42,28,87,36,63,81,76,38,94,82,88,47,67,72,45,57,48,55,70,72,64,42,114,117,100,94,75,141,58,92,111,91,77,75,97,111,32,17,26,39,47,88,48,73,79,80,81,32,49,77,75,38,32,50,93,86,94,89,68,111,56,69,58,97,84,65,97,86,89,99,159,80,57,27,17,15,37,50,49,40,61,94,93,90,115,93,103,88,109,125,81,84,92,92,89,76,90,38,46,130,103,98,129,144,180,80,98,78,153,94,68,105,109,110,104,115,78,82,54,70,34,43,34,30,32,25,31,37,34,27,36,29,15,18,15,19,66,25,53,60,67,30,52,62,18,31,15,102,104,47,123,82,118,173,94,72,139,73,51,118,96,48,82,161,37,24,11,56,32,18,23,16,54,53,45,38,42,32,31,27,49,35,51,54,90,99,69,73,91,43,78,81,90,104,63,65,78,54,52,31,38,37,29,106,94,74,62,96,106,51,78,100,94,75,110,90,128,75,106,96,117,98,84,87,95,94,59,108,75,88,73,71,70,56,72,89,37,58,62,71,88,86,53,67,53,66,77,81,106,101,79,119,96,99,75,66,107,36,95,101,103,126,75,63,82,85,100,43,121,68,38,47,100,96,89,28,60,25,20,56,55,86,66,41,125,41,93,87,84,52,102,122,95,110,65,106,89,69,87,86,81,104,73,70,103,105,80,118,113,121,85,46,68,86,82,101,120,127,109,99,79,67,89,81,
20180815,0,O3_8h_24h,71,33,124,21,46,107,83,136,62,40,64,56,112,144,128,33,50,78,61,37,104,50,46,69,109,123,65,92,106,87,111,53,113,87,32,39,68,84,51,36,26,72,84,45,138,60,71,102,80,38,130,96,108,85,75,81,98,93,107,82,74,120,119,72,190,180,131,135,93,200,128,138,133,104,121,109,155,149,39,32,41,47,71,104,70,91,83,84,107,39,50,103,85,48,37,56,109,96,119,105,82,115,79,89,99,103,95,91,133,116,124,132,222,147,78,41,38,31,47,89,67,43,77,109,113,122,152,123,119,130,147,160,116,98,103,100,115,101,117,93,49,196,160,144,165,177,219,129,143,133,223,165,120,158,176,110,124,144,95,104,54,76,38,44,36,32,34,36,40,43,39,31,42,58,44,45,46,42,92,70,105,68,109,42,81,80,40,52,17,135,116,61,156,137,153,227,159,123,151,78,72,152,123,56,102,167,44,42,30,68,43,110,35,63,64,75,82,48,55,74,63,46,67,62,62,78,123,123,99,85,135,47,107,97,127,125,89,124,99,83,75,75,60,42,58,119,123,111,109,141,118,108,99,121,122,98,129,108,139,100,123,144,144,112,117,97,107,115,86,114,111,110,76,85,108,68,98,92,86,101,88,90,127,120,79,104,93,143,101,135,166,173,107,169,143,156,100,118,165,53,112,114,136,155,117,134,144,113,130,68,137,79,53,61,121,147,126,49,79,44,55,58,78,89,79,58,126,57,136,143,142,112,102,130,113,123,120,119,107,98,119,95,106,135,76,85,114,131,100,130,144,136,104,64,77,119,96,119,138,136,117,124,89,69,107,113,
20180815,0,CO,0.93,0.98,0.61,1.85,0.20,0.50,0.68,0.40,0.53,0.97,0.33,0.90,0.78,0.81,0.82,0.93,0.63,0.66,0.43,0.39,0.50,0.30,0.28,0.47,1.03,0.73,0.51,0.52,0.85,0.57,0.22,0.57,0.50,0.65,0.64,0.53,0.47,0.47,0.67,0.33,0.57,0.37,0.43,0.43,0.64,0.58,0.50,0.76,0.57,0.25,0.67,0.82,0.64,0.68,0.55,0.60,0.61,0.60,0.77,0.72,0.62,0.77,0.85,0.55,1.02,1.00,0.59,0.72,0.37,1.19,0.80,1.03,0.62,0.72,0.68,0.55,0.62,0.88,0.93,0.47,0.73,0.63,0.23,0.43,0.70,0.65,0.63,1.13,0.44,0.17,0.20,0.55,0.35,,0.25,0.50,0.70,0.65,0.60,0.70,0.75,0.73,0.75,0.70,0.75,0.80,0.90,0.70,1.70,0.77,1.23,1.00,1.42,1.00,0.53,2.18,0.48,0.77,0.98,0.72,0.33,0.24,0.54,0.77,0.55,0.73,1.07,0.93,0.80,1.17,0.83,0.87,1.02,0.85,1.02,0.63,1.07,0.57,0.97,1.02,0.50,0.90,1.08,1.28,0.80,0.77,0.83,0.84,0.57,1.15,1.13,1.13,1.15,0.77,0.80,0.10,0.25,0.90,1.02,0.73,0.45,0.40,0.30,0.35,0.15,0.60,0.25,0.45,0.30,0.75,0.30,0.35,0.30,0.53,0.45,0.70,0.30,0.50,0.55,0.80,0.65,0.80,0.75,0.40,0.40,0.60,0.20,0.80,0.25,0.43,0.82,0.60,0.60,1.18,0.77,0.98,0.75,0.93,0.60,0.47,0.35,0.55,0.30,0.30,0.20,0.65,0.48,0.55,0.55,0.65,0.77,0.80,0.50,0.55,0.45,0.25,0.57,0.60,0.60,0.37,0.45,0.50,0.20,0.45,0.50,0.30,0.48,0.68,0.63,0.52,0.47,0.60,0.30,0.97,0.40,0.67,0.85,0.50,0.33,0.55,0.67,0.60,0.60,0.80,0.68,0.70,0.50,0.42,1.60,0.50,0.55,1.10,0.70,0.97,0.75,0.77,1.03,0.58,0.74,0.77,0.50,1.22,0.53,1.00,0.87,0.85,0.65,0.85,0.87,0.87,1.15,0.62,0.55,1.05,1.65,0.52,1.35,2.05,0.40,0.85,1.03,0.87,0.63,1.10,1.20,1.00,0.75,1.05,0.70,0.50,0.77,0.80,1.50,0.87,0.93,0.47,0.43,0.73,0.75,0.50,0.40,1.07,0.83,0.73,0.45,1.10,1.10,0.90,0.70,0.35,0.60,1.20,0.85,0.95,0.90,0.63,0.60,0.60,0.65,0.80,1.00,0.50,0.55,0.40,0.50,0.35,0.30,0.30,0.63,1.53,0.70,0.65,0.70,0.50,0.40,0.30,0.60,0.40,0.80,0.35,0.60,0.75,0.60,1.20,0.80,1.00,0.30,0.30,0.50,0.50,0.43,0.75,0.90,1.10,0.80,1.05,0.70,1.15,1.30,0.45,0.30,1.57,1.00,0.80,0.50,0.60,
20180815,0,CO_24h,0.76,0.96,0.60,1.80,0.26,0.57,0.62,0.55,0.75,1.00,0.27,0.70,0.78,0.96,0.92,0.96,0.56,0.64,0.60,0.38,0.34,0.26,0.30,0.53,0.81,0.67,0.49,0.38,0.65,0.65,0.38,0.55,0.57,0.68,0.50,0.53,0.57,0.50,0.77,0.37,0.53,0.47,0.47,0.43,0.71,0.56,0.43,0.83,0.60,0.32,0.88,0.86,0.66,0.66,0.55,0.57,0.66,0.67,0.80,0.66,0.62,0.83,0.96,0.58,0.93,0.79,0.70,0.72,0.35,1.13,0.85,1.20,0.72,0.55,0.62,0.47,0.82,0.96,0.88,0.52,0.73,0.50,0.40,0.45,0.53,0.75,0.70,1.10,0.38,0.13,0.20,0.50,0.40,0.10,0.27,0.28,0.82,0.63,0.53,0.80,0.70,0.77,0.80,0.85,0.90,0.75,0.93,0.75,1.30,0.83,1.20,1.24,1.26,0.98,0.53,0.80,0.60,1.02,0.64,0.70,0.38,0.36,0.54,0.80,0.60,0.73,1.03,1.20,0.90,0.93,0.93,0.83,0.94,0.85,0.94,0.65,1.03,0.63,0.83,1.18,0.45,0.70,0.84,1.64,0.67,0.67,0.80,0.74,0.60,1.15,1.13,1.30,1.15,0.71,0.83,0.15,0.30,0.50,0.78,0.33,0.40,0.70,0.30,0.35,0.15,0.35,0.30,0.45,0.25,0.75,0.30,0.35,0.30,0.53,0.45,0.55,0.30,0.50,0.35,0.70,0.65,0.60,0.90,0.40,0.45,0.60,0.30,0.80,0.25,0.50,0.75,0.60,1.22,1.18,0.77,1.58,0.90,1.20,1.10,0.53,0.30,0.55,0.40,0.27,0.15,0.60,0.54,0.38,0.63,0.77,0.80,0.90,0.70,0.75,0.50,0.30,0.60,0.53,0.57,1.17,0.45,0.53,0.40,0.55,0.50,0.20,0.60,0.52,0.57,0.55,0.50,0.60,0.40,0.43,0.30,0.60,0.70,0.70,0.40,0.58,0.83,0.67,0.67,0.60,0.80,0.68,0.67,0.50,1.68,0.55,0.63,1.15,0.75,1.20,0.95,0.85,1.10,0.58,0.76,0.73,0.50,1.00,0.60,0.82,0.90,0.70,0.55,0.80,0.87,0.67,1.05,0.70,0.60,0.95,1.60,0.65,1.30,1.82,0.70,0.90,1.07,0.87,0.77,1.35,1.00,1.05,0.75,0.95,0.75,0.50,0.53,0.77,0.90,0.70,0.80,0.70,0.43,0.73,0.68,0.45,0.35,1.05,0.93,0.77,0.50,0.95,1.00,0.90,0.70,0.45,0.65,1.10,0.80,0.85,0.80,0.60,0.70,0.55,0.65,0.50,0.90,0.50,0.60,0.50,0.45,0.40,0.35,0.25,0.70,1.27,0.70,0.60,1.25,0.40,0.50,0.30,0.35,0.35,0.75,0.35,0.60,0.75,0.70,1.30,0.80,1.00,0.40,0.40,0.40,0.70,0.27,0.85,0.85,0.70,1.10,0.40,0.30,0.60,1.00,0.50,0.30,0.63,0.80,0.90,0.50,0.50,
20180815,1,AQI,26,18,29,28,15,39,29,45,47,25,19,39,29,73,41,20,29,17,19,25,31,29,43,29,45,41,31,35,39,30,34,35,51,30,18,22,26,25,25,23,24,20,22,17,43,10,27,34,24,37,53,38,34,22,21,28,24,20,42,46,23,33,33,13,72,73,61,72,35,74,37,54,57,66,39,32,55,55,18,13,24,20,14,29,19,19,18,27,42,21,15,26,19,29,22,46,29,30,26,21,27,33,22,31,38,31,35,68,61,22,60,49,81,69,22,26,19,14,29,23,23,20,19,27,25,53,50,35,57,55,58,79,57,39,35,27,38,24,31,54,24,89,79,66,83,91,71,71,29,71,70,40,58,74,87,120,33,67,53,111,19,14,27,32,27,29,21,53,20,23,41,21,23,26,24,29,25,32,51,27,24,31,22,21,29,34,23,12,13,37,55,38,54,99,53,65,48,56,55,52,30,66,27,26,19,78,19,33,22,25,30,13,14,17,34,23,16,42,28,31,32,47,52,33,30,20,38,51,36,38,37,23,29,51,43,53,42,30,26,11,19,25,51,34,27,59,56,31,46,53,55,54,41,39,52,33,63,78,50,45,43,58,44,58,34,56,38,49,35,35,45,31,32,49,44,52,58,35,40,54,36,34,41,37,53,54,50,47,23,52,79,54,64,54,71,33,31,47,53,19,30,47,68,39,63,68,49,43,66,27,54,28,18,37,58,40,58,32,31,28,43,28,41,20,29,38,33,12,37,85,36,60,56,60,122,49,43,31,35,51,51,43,28,55,65,28,50,32,30,162,60,36,55,79,16,75,60,284,196,316,266,78,40,19,51,52,
20180815,1,PM2.5,17,12,16,16,6,18,17,13,15,16,13,27,19,41,11,13,13,11,8,11,11,10,12,20,25,17,10,17,16,13,16,13,17,12,7,8,8,8,9,7,6,14,13,5,20,6,11,14,14,11,28,22,15,14,10,6,15,13,23,17,16,23,20,7,50,53,39,52,11,43,18,24,29,18,17,17,21,24,12,6,10,14,10,14,9,11,9,17,20,8,4,14,11,8,9,15,20,11,16,9,15,15,15,22,20,21,16,49,32,11,18,28,60,40,15,12,7,5,9,9,9,12,12,13,11,19,31,19,25,38,36,58,31,22,21,19,19,17,18,33,7,66,58,42,61,68,52,52,17,51,34,26,20,46,48,24,9,34,19,47,12,9,19,20,12,18,12,26,3,8,10,8,10,9,11,9,11,11,28,10,8,15,9,13,14,11,8,7,7,24,30,16,28,40,37,47,25,40,29,23,20,41,18,18,9,49,13,23,10,8,21,6,7,9,18,12,7,13,16,18,16,21,8,12,18,14,20,36,22,22,13,12,14,26,30,29,18,14,12,6,11,11,19,6,15,30,29,14,23,29,36,28,13,15,31,17,35,57,25,27,24,36,28,34,21,32,26,17,19,14,23,18,18,18,28,27,25,18,22,38,20,21,29,26,30,24,23,26,12,27,58,33,43,29,52,16,22,26,28,13,21,32,47,21,20,49,15,30,44,10,22,11,10,26,41,28,38,12,18,13,10,15,11,8,8,20,11,8,26,36,23,28,13,42,50,21,29,10,20,34,36,30,18,39,24,8,35,10,8,59,28,16,25,30,8,29,21,113,48,77,62,57,3,2,25,19,
20180815,1,PM2.5_24h,26,9,27,20,8,28,25,23,22,20,12,29,22,40,12,12,12,8,13,10,11,8,12,17,16,17,10,14,14,16,15,12,17,14,10,7,9,10,11,9,8,13,12,7,22,8,13,16,10,10,29,15,17,16,11,10,21,18,21,18,14,31,35,8,46,39,44,43,10,42,27,29,25,11,17,17,20,31,11,10,8,10,12,12,7,10,11,13,16,6,7,12,13,9,12,9,31,12,17,25,17,13,16,35,28,14,13,26,33,17,26,33,71,41,17,5,8,7,10,8,14,15,11,15,13,24,29,29,29,32,33,42,24,17,18,20,22,30,15,43,7,38,48,37,35,45,37,43,23,53,40,31,19,40,41,28,39,28,13,23,10,11,11,11,10,17,11,15,9,8,15,8,8,10,9,11,10,10,24,14,10,12,11,12,15,10,10,9,10,24,23,17,34,36,40,51,29,45,37,23,14,31,20,17,8,33,15,6,11,16,15,9,5,10,17,15,8,16,15,23,18,18,14,13,19,7,22,22,18,21,14,8,16,17,21,16,11,16,15,11,22,20,21,9,17,22,34,21,33,32,28,25,19,24,29,26,33,33,27,13,22,27,28,28,18,21,17,15,11,16,26,22,23,16,25,32,23,17,27,37,27,27,38,47,27,26,30,37,16,15,37,23,34,20,32,42,16,27,22,10,17,36,48,44,14,40,15,30,35,8,26,11,7,15,36,33,40,7,14,11,7,9,18,9,8,27,7,7,28,34,29,28,22,31,56,64,34,48,21,27,29,30,18,38,25,14,19,15,8,16,19,18,17,22,11,14,16,60,35,41,23,22,6,7,12,10,
20180815,1,PM10,26,18,29,28,12,39,29,45,47,25,18,31,29,95,41,20,29,17,19,25,31,29,43,26,45,41,31,35,39,30,34,35,52,30,18,22,26,25,25,23,24,15,22,17,43,10,27,34,24,37,55,38,34,22,19,10,24,20,42,46,21,31,33,13,94,87,72,93,35,98,37,58,64,82,39,32,60,60,18,13,24,20,,22,19,19,13,27,42,21,6,26,19,29,22,46,22,30,16,15,27,30,22,,38,31,35,50,72,22,69,49,98,87,22,26,19,14,29,23,23,20,19,27,25,56,50,35,63,59,66,73,63,39,35,25,38,24,31,57,24,100,85,81,103,93,85,86,29,91,89,40,66,98,123,189,15,84,55,171,11,13,27,32,27,29,21,56,20,23,41,21,23,26,24,29,25,32,52,27,24,31,22,21,29,34,23,12,13,37,59,38,58,148,48,64,48,59,59,54,30,82,27,23,19,105,17,32,22,25,22,13,14,17,34,23,16,42,28,31,32,47,53,33,30,,38,50,36,38,37,23,29,52,,55,42,30,26,9,19,25,51,34,27,67,62,31,46,56,59,58,41,39,54,33,76,64,50,45,43,65,44,65,34,61,38,49,35,35,45,31,32,49,44,54,65,35,40,54,36,34,37,28,55,57,50,47,23,53,102,57,78,58,92,29,28,47,56,14,29,47,85,35,76,75,49,43,82,27,58,28,18,23,56,36,65,32,31,28,43,28,41,16,29,38,16,12,35,120,36,69,61,69,193,49,43,14,35,51,44,35,18,53,79,28,37,32,30,274,69,17,60,107,11,99,69,409,342,433,396,101,40,8,51,53,
20180815,1,PM10_24h,26,14,41,32,16,48,36,47,49,36,24,33,38,66,35,21,30,17,28,31,27,29,34,30,32,40,31,29,33,36,38,30,42,28,22,21,25,26,26,22,23,24,26,16,44,18,20,33,21,44,52,31,32,27,20,15,37,31,38,34,25,50,61,15,83,65,83,77,30,80,57,58,54,38,33,30,51,69,17,16,15,18,23,33,15,20,21,25,34,23,26,21,22,39,26,26,45,21,27,41,33,34,32,52,43,23,29,38,59,32,59,56,104,64,32,13,17,16,15,18,28,25,20,32,30,52,56,47,58,48,56,74,49,40,31,35,46,45,34,69,22,68,69,61,65,64,78,66,40,87,80,56,49,76,87,191,255,58,37,90,18,19,33,37,30,32,30,36,26,41,36,24,27,28,30,28,33,26,41,30,25,24,19,23,32,27,27,16,25,41,44,31,68,81,59,81,48,63,78,52,18,64,30,25,21,63,24,14,26,31,23,12,9,26,31,29,20,26,35,47,31,42,49,40,29,12,36,35,29,44,30,21,33,39,20,41,28,30,34,22,36,37,38,23,32,44,57,40,57,56,51,49,41,45,48,44,59,50,46,27,36,49,43,56,35,49,28,35,23,31,47,41,40,36,50,53,60,30,41,61,45,45,58,78,53,51,59,64,39,35,62,45,53,46,65,68,26,46,61,14,27,55,89,70,63,66,44,45,54,27,63,31,15,22,47,58,65,20,29,20,27,24,58,21,28,62,13,11,50,69,52,50,50,54,241,129,48,390,43,59,42,40,21,56,39,24,27,30,35,64,50,37,43,64,17,34,32,169,416,152,116,41,19,7,34,34,
20180815,1,SO2,2,7,7,30,8,7,5,9,3,6,9,7,12,5,9,9,6,3,6,9,7,4,12,5,13,10,10,13,8,5,6,5,6,6,6,6,8,9,3,3,4,8,4,4,5,4,7,4,16,4,4,6,8,6,7,2,7,6,6,5,6,11,10,4,9,8,5,38,6,11,4,15,8,8,10,12,9,9,5,5,10,37,6,5,5,8,2,13,26,5,7,7,5,5,6,5,9,7,5,22,10,8,6,8,7,14,7,12,10,6,16,8,14,17,6,7,9,8,6,6,6,3,5,7,9,11,11,12,7,5,16,9,9,8,20,12,5,6,7,16,4,9,8,21,53,9,14,13,4,15,11,10,9,4,4,6,3,60,6,7,13,7,5,3,7,3,3,5,7,8,11,4,5,8,9,12,4,12,4,15,6,6,13,13,6,10,2,5,3,6,7,5,10,22,6,12,35,11,9,7,2,10,21,4,8,8,6,14,5,7,3,5,4,7,3,3,4,2,6,2,4,5,5,6,7,4,14,14,13,13,5,10,12,10,15,7,15,4,6,6,11,11,7,4,6,22,15,17,16,32,14,38,29,17,13,8,17,10,4,4,15,11,8,9,5,12,8,5,3,5,8,13,8,11,6,4,33,11,2,15,20,10,8,28,7,6,7,18,6,25,11,10,5,16,4,9,14,4,13,7,9,10,10,4,1,8,11,12,72,5,16,17,6,8,14,23,12,5,6,7,13,9,7,4,2,3,4,4,5,10,5,3,10,9,4,3,4,9,8,5,11,15,9,11,26,12,7,7,9,13,7,8,4,7,6,7,14,8,7,7,7,12,4,7,7,9,
20180815,1,SO2_24h,4,3,7,24,8,6,5,10,3,4,10,6,10,6,10,11,5,3,7,5,6,3,13,5,12,8,9,11,6,5,7,4,7,8,5,5,5,8,4,3,5,8,4,4,5,5,4,6,8,4,5,6,8,7,6,4,7,7,7,7,6,8,11,4,9,9,6,16,9,9,11,13,7,8,9,9,11,11,4,6,7,18,6,7,5,7,4,6,13,6,9,3,6,4,5,5,10,6,6,14,9,8,8,8,9,11,7,16,9,6,13,12,16,9,11,4,10,8,7,6,6,3,6,6,8,13,15,8,7,6,18,10,7,10,9,10,5,9,7,16,4,10,8,53,17,9,13,11,6,21,12,10,9,4,5,18,11,15,6,6,12,9,5,3,8,3,5,5,6,7,10,4,5,9,9,12,5,11,4,11,7,20,14,13,5,6,3,5,3,7,7,3,14,16,5,18,23,16,34,5,3,12,17,4,10,9,6,9,6,12,2,9,4,8,3,6,4,2,6,8,4,5,8,6,8,4,12,10,9,15,7,10,12,9,21,6,12,6,7,8,10,10,8,4,7,18,18,17,19,27,11,19,17,16,10,8,8,9,6,4,12,11,12,10,7,12,8,4,3,4,8,14,10,3,10,5,21,7,3,13,10,11,10,23,8,7,9,11,6,26,10,12,6,13,5,14,16,5,12,8,9,12,16,20,2,11,9,9,25,5,20,18,6,7,12,25,9,5,5,12,12,11,7,4,3,3,4,4,9,9,8,3,48,9,5,2,6,8,8,4,11,14,9,11,18,12,6,7,9,15,7,9,5,6,6,8,11,8,6,9,7,10,4,7,11,13,
20180815,1,NO2,38,19,16,36,13,26,17,16,28,24,12,21,19,51,43,31,5,22,19,22,28,23,11,7,32,24,25,34,28,14,8,7,15,15,21,21,14,12,11,8,3,17,21,14,25,18,30,25,20,2,35,28,22,26,15,7,23,19,26,22,10,32,33,11,65,72,21,65,17,71,41,29,39,60,33,27,52,42,27,6,21,23,15,17,10,22,6,14,20,3,9,19,3,5,8,18,18,8,11,9,21,4,26,23,21,11,14,38,30,17,24,17,43,47,11,24,14,16,16,26,8,6,18,13,14,20,17,31,17,26,19,13,33,17,13,9,27,10,14,25,9,39,27,41,39,27,36,48,13,41,52,24,33,43,59,2,11,50,34,39,7,11,4,3,10,5,6,11,8,3,13,5,13,20,17,20,15,24,26,28,11,23,20,8,24,17,9,8,7,15,22,29,14,80,34,7,57,27,18,4,12,29,13,3,17,6,14,24,23,11,8,7,5,16,10,3,17,29,9,17,8,20,32,5,21,5,28,21,38,17,19,11,19,18,44,24,14,12,21,11,14,13,30,15,5,14,16,11,20,13,12,20,15,26,28,21,19,24,15,21,11,40,8,20,22,12,3,11,18,13,15,14,9,26,25,13,28,13,10,36,12,14,13,15,20,7,13,25,9,40,58,24,49,40,41,17,17,28,23,5,15,10,37,6,19,29,42,24,17,7,21,11,21,13,32,18,32,11,34,4,15,10,12,9,2,5,7,6,16,80,11,26,4,28,7,3,50,11,6,39,5,10,13,33,11,5,12,8,20,7,30,6,18,82,32,79,21,85,32,27,6,60,7,,33,32,
20180815,1,NO2_24h,23,20,13,38,23,18,15,15,24,26,20,18,14,33,28,27,8,23,24,15,15,18,11,9,18,21,17,23,17,13,10,7,15,16,12,10,9,10,11,7,4,17,19,12,27,15,17,19,19,3,23,26,14,28,18,24,29,22,32,25,13,21,35,12,46,41,26,44,16,45,39,31,21,27,21,14,32,31,24,10,15,16,15,19,10,21,12,14,17,4,9,15,8,4,5,12,16,8,12,12,17,8,19,22,24,7,13,24,21,15,20,14,29,22,21,17,17,19,17,20,13,15,13,12,10,18,24,18,11,18,20,18,23,13,10,10,23,15,13,24,10,33,24,36,28,25,34,33,20,30,24,25,26,29,34,8,13,24,17,13,9,16,6,4,12,5,8,14,8,4,10,4,12,15,16,19,15,20,14,20,9,12,14,6,19,13,12,7,10,12,16,18,16,25,19,15,29,33,28,8,9,20,13,7,8,7,16,12,21,17,18,14,13,18,9,11,14,21,10,17,9,16,28,8,14,6,22,17,13,24,17,12,18,15,26,22,12,19,17,11,15,10,23,10,6,13,18,12,16,11,14,13,9,18,21,13,18,15,14,11,12,24,15,23,16,12,3,8,11,11,13,16,11,15,18,19,18,11,9,24,17,19,18,24,17,15,15,19,10,24,29,27,30,33,29,35,13,23,27,5,21,16,33,23,13,24,26,24,15,10,17,11,15,12,21,15,21,10,23,9,13,12,15,9,3,5,5,6,16,43,14,19,20,19,17,4,27,10,9,27,13,9,16,34,9,5,15,12,14,8,15,16,15,31,20,30,11,21,10,26,12,23,7,30,24,27,
20180815,1,O3,5,26,36,19,47,47,35,70,5,25,42,18,48,34,43,8,41,54,39,11,14,8,16,26,54,7,6,6,7,14,25,29,35,14,8,13,8,11,12,24,16,13,23,13,62,28,52,60,43,31,62,68,69,58,68,90,53,50,47,60,69,38,39,35,55,30,72,42,58,36,35,59,62,32,44,49,35,62,14,21,16,16,35,93,26,41,59,62,68,27,47,39,52,33,27,49,54,69,84,68,50,107,41,41,40,72,58,17,33,46,40,76,58,16,58,8,11,13,31,25,42,53,46,27,24,55,84,41,65,52,80,94,42,64,67,72,44,66,88,30,39,65,52,41,63,66,59,39,62,27,56,37,26,42,34,111,106,69,51,25,60,46,31,36,28,30,27,19,27,35,34,26,29,17,10,16,6,13,21,5,17,15,24,19,22,36,14,15,14,66,69,11,94,8,57,140,15,36,130,62,32,85,68,40,48,141,33,6,7,42,78,12,30,9,42,42,29,14,44,7,16,6,22,24,39,38,55,74,35,59,59,34,32,44,53,77,53,63,33,36,30,12,13,21,29,81,59,58,34,73,71,23,32,48,58,43,80,56,90,56,95,31,123,79,45,79,78,58,27,79,43,65,73,32,27,47,54,84,13,20,46,47,69,58,21,62,53,30,56,24,25,75,15,39,43,106,37,31,68,9,87,56,74,125,33,25,31,65,67,20,93,46,11,20,56,58,38,10,55,15,11,63,34,63,84,27,107,21,47,4,53,11,105,83,97,105,8,100,68,29,85,68,90,71,60,64,97,78,49,119,55,114,73,9,50,11,52,9,56,110,104,33,62,62,54,22,
20180815,1,O3_24h,99,57,144,33,55,133,112,166,76,54,82,75,136,159,134,45,64,93,73,43,114,59,57,83,129,155,75,107,130,111,127,63,135,104,38,47,84,100,62,40,30,85,98,53,157,77,80,120,93,46,149,124,122,97,87,98,118,121,143,98,88,133,165,89,242,207,143,154,106,248,174,165,141,115,145,122,175,161,54,44,53,64,77,126,81,100,93,92,144,52,60,120,92,55,41,72,119,110,129,111,92,122,93,95,112,114,103,99,141,124,132,157,241,167,91,63,45,42,55,100,77,54,84,129,136,145,169,141,123,154,169,187,138,103,118,106,122,108,132,109,55,228,194,164,183,197,251,151,167,143,254,185,139,170,186,113,130,161,101,107,64,90,42,48,40,36,54,41,43,47,44,34,47,67,57,64,69,58,100,94,121,110,126,45,106,97,48,63,21,153,127,79,189,156,168,252,177,154,161,86,77,166,131,62,106,186,49,53,38,81,78,118,45,85,76,90,90,56,61,85,70,51,84,69,66,88,133,148,118,104,152,52,118,115,133,143,101,160,108,92,82,99,76,46,70,126,138,124,129,158,128,129,104,133,132,112,137,116,156,112,129,173,171,128,132,108,112,124,97,121,127,125,81,91,117,79,104,102,95,114,100,108,141,134,93,123,103,179,128,155,176,215,133,190,168,200,131,130,192,65,121,132,144,168,128,160,156,124,142,88,153,84,59,70,140,165,133,70,106,60,59,65,84,99,84,63,137,62,159,153,171,142,113,162,121,130,139,122,117,107,127,106,122,154,96,95,120,139,105,141,181,142,114,69,86,123,100,124,142,140,122,137,94,72,118,121,
20180815,1,O3_8h,5,26,36,19,47,47,35,70,5,25,42,18,48,34,43,8,41,54,39,11,14,8,16,26,54,7,6,6,7,14,25,29,35,14,8,13,8,11,12,24,16,13,23,13,62,28,52,60,43,31,62,68,69,58,68,90,53,50,47,60,69,38,39,35,55,30,72,42,58,36,35,59,62,32,44,49,35,62,14,21,16,16,35,93,26,41,59,62,68,27,47,39,52,33,27,49,54,69,84,68,50,107,41,41,40,72,58,17,33,46,40,76,58,16,58,8,11,13,31,25,42,53,46,27,24,55,84,41,65,52,80,94,42,64,67,72,44,66,88,30,39,65,52,41,63,66,59,39,62,27,56,37,26,42,34,111,106,69,51,25,60,46,31,36,28,30,27,19,27,35,34,26,29,17,10,16,6,13,21,5,17,15,24,19,22,36,14,15,14,66,69,11,94,8,57,140,15,36,130,62,32,85,68,40,48,141,33,6,7,42,78,12,30,9,42,42,29,14,44,7,16,6,22,24,39,38,55,74,35,59,59,34,32,44,53,77,53,63,33,36,30,12,13,21,29,81,59,58,34,73,71,23,32,48,58,43,80,56,90,56,95,31,123,79,45,79,78,58,27,79,43,65,73,32,27,47,54,84,13,20,46,47,69,58,21,62,53,30,56,24,25,75,15,39,43,106,37,31,68,9,87,56,74,125,33,25,31,65,67,20,93,46,11,20,56,58,38,10,55,15,11,63,34,63,84,27,107,21,47,4,53,11,105,83,97,105,8,100,68,29,85,68,90,71,60,64,97,78,49,119,55,114,73,9,50,11,52,9,56,110,104,33,62,62,54,22,
20180815,1,O3_8h_24h,5,26,36,19,47,47,35,70,5,25,42,18,48,34,43,8,41,54,39,11,14,8,16,26,54,7,6,6,7,14,25,29,35,14,8,13,8,11,12,24,16,13,23,13,62,28,52,60,43,31,62,68,69,58,68,90,53,50,47,60,69,38,39,35,55,30,72,42,58,36,35,59,62,32,44,49,35,62,14,21,16,16,35,93,26,41,59,62,68,27,47,39,52,33,27,49,54,69,84,68,50,107,41,41,40,72,58,17,33,46,40,76,58,16,58,8,11,13,31,25,42,53,46,27,24,55,84,41,65,52,80,94,42,64,67,72,44,66,88,30,39,65,52,41,63,66,59,39,62,27,56,37,26,42,34,111,106,69,51,25,60,46,31,36,28,30,27,19,27,35,34,26,29,17,10,16,6,13,21,5,17,15,24,19,22,36,14,15,14,66,69,11,94,8,57,140,15,36,130,62,32,85,68,40,48,141,33,6,7,42,78,12,30,9,42,42,29,14,44,7,16,6,22,24,39,38,55,74,35,59,59,34,32,44,53,77,53,63,33,36,30,12,13,21,29,81,59,58,34,73,71,23,32,48,58,43,80,56,90,56,95,31,123,79,45,79,78,58,27,79,43,65,73,32,27,47,54,84,13,20,46,47,69,58,21,62,53,30,56,24,25,75,15,39,43,106,37,31,68,9,87,56,74,125,33,25,31,65,67,20,93,46,11,20,56,58,38,10,55,15,11,63,34,63,84,27,107,21,47,4,53,11,105,83,97,105,8,100,68,29,85,68,90,71,60,64,97,78,49,119,55,114,73,9,50,11,52,9,56,110,104,33,62,62,54,22,
20180815,1,CO,0.89,1.35,0.64,2.17,0.20,0.53,0.58,0.37,0.50,1.00,0.33,0.95,0.85,0.82,0.85,0.89,0.52,0.63,0.43,0.39,0.50,0.30,0.25,0.42,0.91,0.83,0.50,0.52,0.75,0.65,0.22,0.55,0.40,0.66,0.59,0.55,0.47,0.50,0.67,0.33,0.57,0.40,0.43,0.43,0.61,0.60,0.50,0.79,0.69,0.25,0.67,0.92,0.69,0.68,0.55,0.60,0.63,0.63,0.73,0.68,0.67,0.77,0.86,0.53,1.01,1.00,0.62,0.86,0.32,1.16,0.70,0.93,0.66,0.77,0.67,0.48,0.82,0.80,0.63,0.45,0.63,1.05,0.17,0.37,0.65,0.70,0.60,1.07,0.42,0.17,0.14,0.55,0.35,,0.30,0.50,0.72,0.62,0.68,0.77,0.70,0.73,0.75,0.55,0.70,0.80,0.85,0.70,1.23,0.80,1.90,0.96,1.08,0.98,0.50,2.12,0.47,0.83,0.88,0.68,0.33,0.24,0.54,0.77,0.55,0.71,1.04,0.97,0.83,1.30,0.87,0.87,1.00,0.85,1.00,0.65,1.07,0.57,1.00,0.92,0.45,0.80,1.02,1.22,0.87,0.87,0.85,0.84,0.50,1.15,1.10,1.13,1.15,0.73,0.73,0.10,0.35,1.40,0.92,0.95,0.45,0.40,0.30,0.35,0.15,0.60,0.25,0.45,0.25,0.70,0.30,0.35,0.30,0.57,0.50,0.50,0.30,0.50,0.55,0.77,0.65,0.80,0.75,0.40,0.40,0.60,0.20,0.80,0.25,0.45,0.82,0.70,0.72,1.28,0.75,0.96,0.75,0.93,0.63,0.47,0.30,0.50,0.40,0.27,0.20,0.65,0.54,0.68,0.65,0.60,0.57,0.80,0.50,0.55,0.45,0.20,0.60,0.57,0.53,0.40,0.40,0.47,0.30,0.45,0.50,0.30,0.48,0.68,0.70,0.58,0.43,0.60,0.30,0.70,0.40,0.67,0.75,0.50,0.30,0.53,0.70,0.60,0.63,0.70,0.68,0.70,0.50,0.42,1.65,0.57,0.55,1.07,0.65,1.13,0.63,0.77,1.10,0.58,0.76,0.77,0.50,1.10,0.57,0.90,0.87,0.77,0.65,0.85,0.80,0.93,1.15,0.62,0.55,1.10,1.67,0.50,1.35,1.60,0.30,0.85,1.03,0.80,0.60,1.15,1.10,0.95,0.60,1.25,0.70,0.53,0.73,0.80,1.10,0.77,0.95,0.47,0.43,0.70,0.80,0.35,0.35,1.02,0.67,0.60,0.40,1.00,0.95,0.90,0.70,0.40,0.60,1.20,0.85,0.90,1.00,0.57,0.60,0.60,0.65,0.70,0.95,0.55,0.50,0.40,0.45,0.35,0.35,0.25,0.60,1.23,0.65,0.60,0.70,0.50,0.40,0.30,0.50,0.40,0.70,0.40,0.40,0.70,0.70,1.20,0.90,1.10,0.40,0.30,0.40,0.50,0.50,0.75,0.85,1.10,0.85,0.85,0.50,1.45,1.30,0.45,0.20,1.33,0.80,0.80,0.50,0.50,
20180815,1,CO_24h,0.75,0.93,0.59,1.87,0.26,0.55,0.62,0.57,0.72,0.97,0.27,0.70,0.80,0.93,0.92,0.96,0.56,0.64,0.58,0.38,0.35,0.28,0.30,0.53,0.83,0.67,0.47,0.40,0.65,0.68,0.38,0.55,0.55,0.68,0.51,0.53,0.57,0.50,0.77,0.37,0.53,0.47,0.47,0.43,0.71,0.58,0.43,0.83,0.60,0.34,0.86,0.86,0.66,0.66,0.55,0.57,0.66,0.67,0.80,0.66,0.62,0.83,0.96,0.58,0.94,0.79,0.69,0.70,0.37,1.13,0.85,1.20,0.70,0.57,0.62,0.47,0.82,0.92,0.90,0.52,0.73,0.55,0.40,0.53,0.53,0.75,0.70,1.08,0.38,0.13,0.20,0.50,0.40,0.10,0.27,0.30,0.82,0.63,0.55,0.80,0.70,0.77,0.80,0.85,0.90,0.75,0.93,0.75,1.30,0.83,1.23,1.26,1.26,0.98,0.55,0.88,0.60,1.00,0.64,0.70,0.38,0.34,0.54,0.80,0.55,0.73,1.03,1.17,0.90,0.97,0.93,0.83,0.95,0.85,0.94,0.65,1.03,0.63,0.83,1.17,0.50,0.70,0.84,1.64,0.67,0.67,0.80,0.74,0.60,1.15,1.13,1.30,1.15,0.77,0.83,0.15,0.30,0.60,0.80,0.33,0.40,0.70,0.30,0.35,0.15,0.35,0.30,0.45,0.25,0.75,0.30,0.35,0.30,0.53,0.45,0.55,0.30,0.50,0.40,0.70,0.65,0.80,0.90,0.40,0.45,0.60,0.30,0.80,0.25,0.50,0.75,0.60,1.16,1.18,0.77,1.58,0.90,1.20,1.07,0.53,0.30,0.55,0.40,0.27,0.20,0.60,0.54,0.38,0.63,0.77,0.77,0.90,0.65,0.75,0.50,0.30,0.60,0.53,0.57,1.07,0.45,0.53,0.40,0.55,0.50,0.20,0.60,0.54,0.57,0.55,0.50,0.60,0.40,0.47,0.30,0.60,0.70,0.70,0.37,0.58,0.83,0.67,0.67,0.60,0.78,0.68,0.67,0.50,1.68,0.55,0.60,1.18,0.70,1.17,0.93,0.85,1.10,0.58,0.76,0.73,0.50,1.00,0.60,0.85,0.90,0.67,0.55,0.80,0.83,0.70,1.05,0.70,0.60,0.95,1.60,0.63,1.30,1.85,0.70,0.90,1.07,0.87,0.70,1.30,1.00,1.05,0.75,0.95,0.75,0.50,0.53,0.77,0.93,0.70,0.83,0.68,0.43,0.73,0.70,0.45,0.35,1.07,0.88,0.77,0.50,0.95,1.00,0.90,0.70,0.45,0.65,1.10,0.80,0.85,0.80,0.63,0.70,0.55,0.65,0.60,0.90,0.50,0.60,0.45,0.45,0.40,0.35,0.25,0.70,1.27,0.70,0.65,1.20,0.40,0.50,0.30,0.35,0.35,0.75,0.35,0.60,0.75,0.70,1.30,0.80,1.00,0.40,0.40,0.40,0.70,0.27,0.85,0.85,0.70,1.10,0.45,0.30,0.65,1.00,0.50,0.30,0.63,0.80,0.90,0.50,0.50,
20180815,2,AQI,29,18,24,34,14,40,23,28,50,29,17,39,39,77,39,20,28,24,18,26,26,28,47,28,42,42,30,35,32,29,33,33,42,29,19,24,24,25,24,21,22,20,21,17,39,11,24,34,28,38,58,39,36,19,22,28,23,20,42,27,24,29,32,16,66,75,60,75,25,73,33,51,59,72,36,34,57,53,21,12,16,21,14,26,20,25,19,26,42,20,15,31,20,26,25,36,27,24,30,20,29,35,37,29,27,36,43,72,57,20,65,53,65,69,19,28,14,14,16,21,17,17,23,40,26,47,46,42,53,58,59,79,52,45,35,36,42,24,34,44,16,84,80,67,90,89,71,66,27,64,66,48,57,74,88,122,33,70,54,121,18,17,33,31,25,33,26,41,19,31,40,26,22,19,24,28,28,23,49,28,30,25,21,21,27,32,19,11,11,37,55,37,55,91,50,58,52,56,50,53,26,64,34,26,18,90,26,48,25,17,19,13,7,15,30,19,17,53,29,28,34,43,27,29,34,20,42,50,50,38,42,19,29,47,49,55,40,30,27,11,40,14,44,22,29,54,56,30,51,52,52,55,39,42,49,32,60,68,52,54,41,58,41,53,39,56,36,45,34,33,42,39,32,53,48,58,60,31,38,54,37,36,37,34,46,47,33,44,25,52,79,55,64,54,75,28,31,40,51,20,39,47,67,37,63,68,51,40,65,28,53,33,20,29,61,44,56,31,35,17,57,19,30,19,28,35,30,15,44,107,33,49,30,58,92,40,42,33,33,54,43,44,29,63,68,24,54,23,29,386,62,36,57,71,22,71,42,244,316,192,315,68,21,20,44,50,
20180815,2,PM2.5,16,10,16,18,7,24,14,11,14,16,12,27,20,41,17,13,13,14,7,9,12,9,12,18,23,18,8,15,14,13,15,15,16,12,7,10,7,7,9,6,6,14,12,5,20,5,12,15,15,9,27,24,16,13,11,7,15,13,23,19,16,20,18,7,48,55,37,53,8,39,15,25,26,23,18,17,18,23,14,7,11,15,10,13,9,14,7,16,19,8,3,15,12,4,9,16,19,11,21,13,11,10,16,20,19,22,19,52,35,13,19,32,47,38,13,13,7,5,11,8,12,10,16,12,10,16,31,23,23,41,40,58,29,27,18,20,22,17,19,31,5,62,59,41,67,66,52,48,18,45,32,28,21,45,48,27,9,29,17,42,12,10,17,13,8,23,18,19,7,9,16,9,10,8,13,9,10,10,27,14,8,15,9,15,12,10,7,7,7,23,33,26,29,41,35,41,25,39,29,23,18,35,19,18,5,44,18,21,11,11,13,9,5,9,15,13,12,18,16,18,24,23,13,10,21,14,22,28,23,22,15,12,14,19,34,30,17,13,12,6,28,9,21,6,8,29,32,14,28,28,34,29,11,20,33,17,40,49,31,38,22,38,29,34,20,34,25,21,16,15,28,17,18,17,26,26,25,22,20,29,20,24,26,24,30,17,23,22,13,22,54,31,42,26,54,15,22,22,30,12,27,32,43,19,26,49,32,28,47,10,20,18,7,18,44,23,36,8,15,12,14,12,15,11,5,14,13,10,28,42,23,28,14,41,43,20,28,9,21,27,30,31,15,45,26,13,38,15,6,104,31,17,35,23,8,27,24,118,76,71,92,49,6,10,26,18,
20180815,2,PM2.5_24h,24,9,26,20,8,28,24,23,21,20,12,28,22,41,12,12,12,8,13,10,12,8,12,17,17,17,11,14,15,16,15,12,17,14,10,8,9,10,11,9,8,13,12,7,22,8,13,16,10,10,29,16,17,16,11,9,21,18,21,18,14,30,34,8,46,40,43,44,10,42,26,28,24,11,17,17,20,30,12,10,8,10,12,13,7,10,11,14,16,6,7,12,13,9,11,9,30,12,17,25,17,13,16,33,28,14,13,27,33,17,26,34,71,40,17,6,8,7,9,8,13,15,12,14,13,23,30,29,29,33,34,44,24,17,18,20,22,30,15,42,7,39,48,37,35,46,38,43,22,54,40,32,20,41,42,29,38,27,13,24,10,12,11,11,10,17,12,15,9,8,15,8,8,10,9,11,10,10,25,14,10,12,11,12,15,10,10,9,9,24,24,17,34,36,40,51,29,44,37,23,14,32,19,17,7,34,15,7,11,16,15,9,5,10,17,15,8,15,15,23,19,18,14,12,19,7,22,22,18,21,14,8,16,18,22,17,11,16,15,10,21,19,21,8,16,23,34,21,32,31,28,26,19,24,29,25,34,34,27,14,23,28,28,28,19,22,18,16,12,17,26,22,22,16,25,32,23,18,27,38,27,27,36,46,28,25,29,36,16,15,37,23,34,21,33,41,16,27,22,10,17,36,48,43,14,40,16,30,35,8,26,12,7,16,36,34,41,8,14,11,7,9,18,10,8,27,8,7,28,34,28,28,21,31,57,64,34,48,22,27,29,30,18,39,25,14,19,15,8,21,19,19,18,22,10,15,17,63,37,43,26,24,6,7,13,11,
20180815,2,PM10,29,18,24,34,14,40,23,28,50,29,16,28,39,103,39,20,28,24,18,26,26,28,47,28,42,42,30,35,32,29,33,33,42,29,19,24,24,25,24,21,22,15,21,17,39,11,24,34,28,38,65,39,36,19,19,11,23,20,42,24,22,22,32,16,79,91,70,100,25,95,33,51,68,93,36,34,63,56,21,12,16,21,,26,20,25,11,26,42,20,5,31,20,26,25,36,25,18,23,20,29,24,37,20,25,36,43,94,63,20,80,55,77,88,15,28,14,14,14,21,15,17,23,40,26,47,46,42,55,64,67,77,54,45,35,36,42,20,34,44,16,97,84,84,104,86,82,79,27,78,82,48,64,98,125,193,8,90,57,192,9,17,33,31,25,31,20,41,19,31,40,26,22,19,24,28,28,23,49,28,30,25,21,20,27,32,19,11,11,37,60,35,59,132,49,65,53,61,50,56,25,78,34,20,15,130,23,48,25,17,13,12,7,15,30,18,17,55,29,28,34,43,27,29,34,17,42,50,50,38,42,19,29,47,,60,40,30,27,9,36,14,44,22,29,58,62,30,51,54,54,60,39,42,49,32,70,67,54,57,41,66,41,56,39,62,33,45,34,33,42,39,32,56,48,65,70,28,38,57,37,36,36,32,46,47,32,44,25,54,108,60,78,57,100,19,25,40,52,20,,47,84,37,75,75,52,38,69,28,55,33,20,29,54,44,61,31,35,15,63,19,30,19,6,35,25,15,44,163,33,49,21,62,133,40,42,19,33,57,36,28,,56,85,24,43,23,29,489,73,19,63,92,22,92,42,381,433,333,432,84,18,,44,50,
20180815,2,PM10_24h,25,14,41,30,16,48,35,46,48,34,24,32,39,68,35,21,30,18,27,31,27,29,34,31,32,40,32,29,33,36,39,31,42,29,22,21,25,27,26,22,23,23,26,16,45,18,20,33,22,43,53,32,33,27,20,14,36,31,39,33,25,48,60,15,82,67,81,77,30,81,57,58,53,41,33,30,52,67,17,16,15,18,23,34,15,18,21,25,35,24,25,21,22,39,26,27,45,21,27,40,33,34,32,49,41,24,30,39,59,31,60,58,104,63,31,14,16,16,13,18,28,24,20,33,29,52,55,48,58,49,57,74,49,41,31,34,46,44,33,66,21,69,69,61,66,65,78,65,39,88,81,56,50,76,88,199,250,59,37,97,19,20,34,37,30,32,30,36,25,40,36,24,27,28,30,28,33,26,42,30,26,25,20,23,32,27,27,9,25,41,46,32,67,84,58,80,49,63,76,52,18,64,29,25,20,66,23,15,26,30,23,12,9,25,31,29,19,27,35,47,31,41,47,39,29,12,38,37,31,44,32,21,33,40,20,43,29,31,34,22,34,36,39,22,31,45,57,39,56,56,51,50,40,44,48,41,60,52,46,28,36,50,43,56,35,51,28,36,24,31,46,40,39,37,49,53,59,29,40,62,43,43,54,76,54,51,57,60,39,36,64,47,54,47,66,66,26,46,61,14,27,55,89,67,62,66,44,45,54,27,62,31,15,23,48,58,66,21,30,19,29,24,57,21,28,60,13,12,50,75,51,51,49,55,245,129,48,385,43,59,42,39,22,57,41,24,28,30,35,90,51,37,45,65,17,37,32,178,416,161,135,43,19,7,35,34,
20180815,2,SO2,2,9,6,30,8,6,6,8,3,8,9,6,15,6,9,8,6,3,6,11,7,4,13,5,12,10,10,13,7,5,6,5,6,6,6,6,8,9,3,3,4,10,4,4,5,4,5,5,12,4,5,6,8,6,6,2,6,6,6,6,6,11,12,4,9,8,6,42,6,10,5,10,8,8,11,12,11,9,4,5,11,47,6,5,3,9,3,13,28,5,8,6,5,5,6,6,9,7,6,16,8,7,8,8,7,12,8,13,11,6,17,7,13,14,5,6,10,8,7,6,6,2,6,7,8,11,9,18,9,5,18,12,7,9,16,13,5,7,7,18,4,8,8,21,38,12,15,19,6,15,11,10,10,3,4,6,4,34,5,6,12,8,5,4,7,3,3,4,7,7,10,4,5,7,10,12,4,12,4,13,6,7,12,14,5,8,3,5,3,7,8,14,10,14,5,12,34,13,12,7,2,10,19,3,10,9,11,17,5,7,2,5,4,7,3,3,4,2,6,2,4,7,7,6,9,4,12,10,13,10,5,10,15,10,14,6,15,4,5,6,10,9,7,4,5,25,12,19,20,35,15,46,21,17,15,8,16,10,5,3,12,13,9,10,5,12,7,4,2,5,9,13,7,5,6,5,31,10,2,10,10,11,7,29,7,6,7,16,5,25,12,12,6,16,5,6,16,3,12,7,11,9,8,7,1,8,15,14,60,4,28,17,6,7,12,15,9,5,5,7,14,9,6,3,2,3,4,3,6,10,7,3,11,9,4,3,4,9,8,4,8,15,9,10,23,12,7,5,9,11,6,9,5,5,5,7,15,8,7,12,7,9,4,7,8,9,
20180815,2,SO2_24h,2,4,7,24,8,6,5,10,3,5,10,6,11,6,10,11,5,3,7,6,6,3,13,5,12,8,9,11,7,4,7,4,7,8,6,5,6,8,4,3,5,8,4,4,5,5,4,6,8,4,5,6,7,7,6,3,7,7,7,7,6,8,11,4,9,9,6,17,9,9,11,13,7,8,9,10,11,11,4,6,7,20,6,7,5,7,4,5,14,6,9,3,6,4,6,5,10,6,6,15,8,8,8,8,9,11,7,15,9,6,13,12,16,9,10,4,10,8,7,6,6,3,6,6,8,13,14,9,7,6,18,10,7,10,10,10,5,9,7,16,4,9,8,53,18,9,13,11,6,21,12,10,10,4,5,14,11,17,6,6,12,9,5,3,8,3,5,5,6,7,10,4,5,8,9,13,5,11,4,12,7,19,14,13,5,6,3,3,3,7,7,4,14,15,5,18,24,16,31,5,3,12,17,4,10,9,6,9,6,11,2,9,4,8,3,6,4,2,6,7,4,5,8,6,8,4,12,10,9,14,7,10,12,9,20,6,12,6,7,7,10,9,8,4,7,18,17,16,19,27,11,21,16,16,10,8,8,9,5,4,12,11,11,10,7,12,8,4,3,4,8,14,10,3,10,5,22,8,3,13,10,11,9,21,9,7,9,12,6,26,11,12,6,14,5,14,16,4,12,8,9,12,16,19,2,11,10,9,26,5,21,18,6,7,12,25,10,5,5,12,12,11,7,4,3,3,4,4,9,9,8,3,45,9,5,2,6,8,8,4,11,14,9,11,18,12,6,7,9,14,7,9,5,6,6,8,11,8,6,9,7,10,4,7,11,13,
20180815,2,NO2,36,22,20,42,10,25,19,13,26,28,11,21,26,48,47,27,4,23,19,23,26,22,11,8,27,25,25,32,26,13,9,7,14,14,22,22,11,14,13,7,4,19,19,14,23,15,22,27,22,2,33,23,25,23,13,7,21,18,32,25,7,24,30,9,47,75,18,63,17,70,33,24,52,64,34,23,46,37,27,6,17,23,17,17,7,21,6,14,23,3,8,19,3,6,5,17,20,7,11,9,18,2,22,17,20,8,13,37,31,19,26,22,33,41,9,26,16,17,14,19,9,7,23,12,15,20,11,32,17,26,20,15,24,15,14,10,24,9,18,21,5,31,33,38,37,25,40,44,14,34,36,23,35,40,68,2,9,39,14,21,7,11,4,3,14,5,7,8,8,3,10,5,13,18,19,19,12,24,19,24,11,24,21,7,27,17,7,11,7,16,20,32,17,65,24,7,51,35,14,4,13,26,23,3,9,6,15,23,22,8,12,11,7,18,9,3,14,16,8,16,9,21,19,4,36,8,27,17,32,17,17,6,19,17,31,29,16,11,25,11,16,10,30,14,5,13,13,11,25,13,11,17,13,30,27,23,19,22,18,24,25,50,9,19,20,10,2,5,18,12,13,16,8,23,21,13,20,15,7,35,11,16,10,13,17,7,18,20,12,37,54,18,40,38,48,20,12,20,23,5,9,11,24,7,13,26,35,15,16,8,20,10,23,12,35,19,31,11,32,8,15,8,14,10,1,2,9,6,16,75,11,21,10,28,7,2,42,12,5,35,7,7,10,31,10,10,7,9,17,7,34,4,36,50,30,64,19,68,26,35,6,39,4,,31,43,
20180815,2,NO2_24h,24,20,13,37,22,18,16,15,24,26,19,18,15,33,28,27,8,23,24,16,16,19,11,9,19,22,18,24,17,12,9,8,15,16,12,10,9,10,11,7,4,17,19,12,26,15,18,19,18,3,23,26,15,28,18,23,28,21,32,25,13,21,35,12,46,42,25,43,16,46,38,30,21,28,21,15,32,30,25,10,15,16,15,19,10,20,12,14,17,4,8,14,8,5,5,12,16,8,12,12,17,7,18,21,23,7,13,24,21,15,19,15,30,22,21,17,16,19,17,20,13,15,14,12,10,18,23,19,11,19,20,18,24,13,10,10,23,15,14,23,10,32,24,36,29,26,34,33,19,31,25,24,27,29,35,7,11,25,17,13,9,16,6,4,12,5,8,14,8,4,10,4,12,15,17,19,15,20,14,21,9,13,14,6,19,14,12,8,10,12,16,19,16,27,20,15,28,32,27,8,10,20,12,7,8,7,16,12,20,16,18,14,13,18,9,11,14,21,10,17,9,15,27,8,15,6,22,17,14,22,17,11,18,15,26,23,12,18,17,11,15,10,23,10,6,13,17,11,16,11,14,13,9,18,21,13,18,15,14,12,12,24,15,23,16,12,3,7,12,11,13,16,10,15,17,20,18,11,9,25,17,19,17,24,17,15,15,18,10,24,30,27,30,33,29,33,13,23,27,5,20,16,32,21,13,24,26,23,14,10,17,11,16,12,21,15,21,10,24,9,13,12,15,9,3,5,6,6,16,44,14,19,19,19,16,4,27,9,9,27,13,9,15,33,9,6,14,11,14,8,15,16,16,31,21,32,11,21,11,25,12,24,7,30,24,26,
20180815,2,O3,7,23,30,12,39,43,33,69,4,24,45,16,34,30,35,9,46,43,39,11,10,9,15,23,72,6,6,7,7,15,20,27,29,14,6,10,11,8,9,24,14,11,20,10,52,27,49,51,34,29,56,68,61,56,69,91,53,48,36,50,76,49,38,39,65,21,73,29,57,30,43,68,41,22,42,55,40,59,14,19,21,19,31,78,29,33,60,56,56,27,49,36,46,30,32,49,46,77,80,64,44,111,33,56,38,70,59,20,27,39,32,62,60,18,61,6,10,11,28,31,38,51,37,22,17,39,97,34,60,58,68,84,44,61,63,66,44,68,69,36,41,58,41,36,56,73,43,38,51,23,62,40,23,40,17,114,107,77,64,66,56,42,29,36,19,26,23,23,27,34,37,28,32,15,7,13,7,13,20,7,17,15,22,21,15,33,16,13,14,59,67,12,82,15,69,135,16,17,131,62,24,68,53,42,59,137,32,6,6,44,61,11,22,8,37,40,30,22,37,5,11,7,34,25,22,34,46,72,44,50,54,31,20,44,64,65,40,59,27,34,20,16,12,15,18,77,62,52,32,67,65,26,29,40,47,42,79,52,78,39,62,14,109,78,43,77,70,68,26,73,39,60,74,46,26,48,60,70,12,18,37,44,69,62,19,65,36,37,49,21,25,79,20,25,33,88,37,37,61,9,95,59,86,111,27,27,37,72,63,17,83,39,5,19,33,51,34,11,51,11,9,61,34,57,88,53,97,25,39,4,43,11,95,45,91,106,8,104,64,28,80,74,94,78,59,57,104,68,45,118,34,114,38,23,48,37,43,18,47,86,106,45,68,65,50,14,
20180815,2,O3_24h,98,54,144,33,55,133,109,166,76,49,82,75,136,159,134,45,64,93,73,43,114,59,57,83,129,155,75,107,130,111,127,63,135,104,38,47,84,100,62,40,30,85,98,53,157,77,79,120,93,46,149,124,122,97,87,99,118,121,143,98,88,133,165,89,242,207,143,154,106,248,174,165,141,115,145,122,175,161,54,44,51,64,77,126,81,100,93,92,144,52,60,120,92,55,41,72,119,110,129,111,92,122,93,95,112,114,103,99,141,124,132,157,241,167,89,63,45,42,53,100,77,54,84,129,136,145,169,141,123,154,169,187,138,103,118,106,122,108,132,109,55,228,194,164,183,197,251,151,167,143,254,185,139,170,186,114,130,161,101,107,64,90,42,48,40,36,54,41,43,47,44,34,47,67,57,64,69,58,100,94,121,110,126,45,106,97,48,53,21,153,127,79,189,156,168,252,177,154,161,86,77,166,131,62,106,186,49,53,38,81,78,118,41,85,76,90,90,56,61,85,70,51,84,69,66,88,133,148,118,104,152,52,118,115,133,143,101,160,108,92,82,99,76,46,70,126,138,124,129,158,128,129,104,133,132,112,137,116,156,112,129,173,171,128,132,106,112,124,97,121,127,125,81,91,117,78,104,99,95,114,100,105,141,134,93,123,103,179,128,155,176,215,133,190,168,200,131,130,192,65,121,132,144,168,128,160,156,124,142,88,153,84,59,70,140,165,133,70,106,60,59,65,84,99,88,63,137,62,159,153,171,142,113,162,121,130,139,122,117,107,127,106,122,154,96,95,120,139,105,141,181,142,114,69,86,123,100,124,142,140,122,137,94,72,118,121,
20180815,2,O3_8h,7,24,33,16,43,45,34,69,4,25,44,17,41,32,38,9,44,48,39,11,12,8,15,24,62,6,6,6,8,14,23,28,32,14,7,11,9,10,10,24,15,12,21,12,57,27,50,56,39,30,58,68,65,57,69,90,53,49,41,55,73,44,39,37,60,25,72,36,58,33,39,64,52,27,43,52,38,61,14,20,19,17,33,86,28,37,59,59,62,27,48,37,49,32,30,49,50,73,82,66,47,109,37,49,39,71,58,18,30,43,36,69,59,17,60,8,10,12,29,28,40,52,41,25,20,47,91,37,63,55,74,89,44,62,65,69,44,67,79,33,40,61,46,39,60,69,51,39,57,24,59,39,27,41,26,113,107,73,58,45,58,44,30,36,24,28,25,20,27,35,35,27,31,16,9,14,6,13,20,6,17,15,23,20,18,34,15,14,14,62,68,12,88,12,63,138,16,27,131,62,28,76,61,41,53,139,32,6,6,43,69,12,26,8,39,41,29,18,40,6,14,7,28,24,30,36,51,72,40,54,56,32,25,44,58,71,46,61,30,35,25,14,12,18,23,79,61,55,33,70,68,24,31,44,53,43,79,54,84,48,79,23,116,79,44,77,74,63,27,76,41,62,74,39,27,47,57,77,13,16,42,46,69,60,20,63,44,34,53,23,25,77,18,32,38,97,37,34,65,9,91,58,80,118,29,26,34,69,65,19,88,43,7,20,44,55,36,11,53,13,10,62,34,60,86,40,102,23,43,4,48,11,100,64,94,105,8,102,66,29,82,71,92,74,60,60,100,73,47,118,44,114,56,16,49,28,48,13,52,98,105,39,65,64,52,18,
20180815,2,O3_8h_24h,7,26,36,19,47,47,35,71,5,25,44,18,48,35,43,9,44,54,40,12,14,8,16,26,64,7,6,7,7,14,25,29,35,15,8,13,9,11,12,25,16,14,23,13,62,29,53,60,44,31,62,71,69,60,69,91,54,50,47,60,73,44,40,38,63,31,74,43,59,38,39,65,62,32,46,52,42,63,15,21,19,17,35,93,28,41,59,62,68,27,48,39,52,33,30,51,54,73,84,68,50,109,41,49,41,72,59,19,34,46,40,77,61,18,60,8,12,13,31,28,42,54,46,27,24,55,91,41,65,56,80,94,47,64,67,72,45,67,88,34,40,66,52,41,63,72,59,40,62,27,62,39,27,43,35,113,107,75,60,45,60,46,31,36,28,30,27,20,27,35,35,27,31,17,10,16,6,14,21,6,17,15,24,20,22,36,15,16,14,66,69,12,95,13,63,140,18,36,133,62,32,85,68,41,53,141,34,6,7,44,78,12,30,9,42,42,30,19,44,7,16,7,28,24,39,38,55,76,40,59,59,34,32,44,58,77,53,63,33,36,30,14,13,21,29,82,61,58,35,73,71,25,32,48,58,45,81,56,90,56,95,31,123,81,46,77,78,63,27,79,43,65,74,39,28,48,58,84,13,17,46,47,71,60,21,63,53,34,56,24,26,78,18,40,43,106,39,34,68,9,91,58,80,125,33,27,34,69,67,20,94,46,11,21,56,58,38,11,55,15,11,64,35,63,86,40,107,23,47,4,53,12,105,83,97,105,9,103,68,30,85,71,92,74,60,64,100,78,49,119,56,114,73,16,50,15,52,13,56,110,105,40,65,64,54,22,
20180815,2,CO,0.68,1.51,0.49,2.63,0.20,0.63,0.57,0.30,0.48,1.42,0.23,0.90,0.85,0.77,0.88,0.81,0.52,0.64,0.44,0.38,0.49,0.28,0.25,0.40,0.81,0.83,0.50,0.58,0.70,0.68,0.22,0.55,0.40,0.63,0.60,0.57,0.43,0.53,0.73,0.37,0.57,0.43,0.40,0.43,0.60,0.62,0.50,0.84,0.70,0.25,0.66,0.86,0.71,0.63,0.55,0.60,0.63,0.67,0.77,0.72,0.60,0.75,0.86,0.53,0.96,1.04,0.63,0.84,0.32,1.11,0.63,0.83,0.74,0.77,0.67,0.47,0.64,0.82,0.65,0.45,0.63,1.22,0.17,0.37,0.70,0.85,0.63,1.02,0.50,0.17,0.14,0.55,0.35,0.10,0.30,0.55,0.70,0.60,0.70,0.87,0.70,0.73,0.75,0.45,0.65,0.75,0.85,0.70,1.67,0.80,1.78,0.94,0.94,0.98,0.43,1.72,0.52,0.82,0.72,0.63,0.33,0.24,0.56,0.77,0.57,0.66,1.01,1.00,0.80,1.40,0.90,0.87,0.98,0.90,1.06,0.67,1.03,0.57,1.23,0.93,0.45,0.73,0.98,1.28,0.83,0.87,0.88,0.80,0.43,1.15,1.07,1.17,1.30,0.74,0.73,0.10,0.35,0.80,0.66,0.45,0.45,0.45,0.30,0.35,0.15,0.60,0.25,0.45,0.25,0.75,0.30,0.35,0.30,0.53,0.50,0.50,0.30,0.50,0.50,0.73,0.65,0.80,0.75,0.40,0.40,0.60,0.20,0.70,0.25,0.45,0.82,0.80,0.72,1.12,0.73,0.98,0.75,0.93,0.67,0.40,0.30,0.40,0.45,0.27,0.10,0.65,0.56,0.68,0.60,0.55,0.70,0.80,0.60,0.55,0.45,0.25,0.57,0.50,0.57,0.37,0.40,0.47,0.20,0.45,0.50,0.30,0.47,0.56,0.77,1.07,0.43,0.60,0.30,0.60,0.40,0.67,0.80,0.50,0.27,0.50,0.70,0.53,0.70,0.50,0.65,0.65,0.47,0.50,1.65,0.57,0.50,1.10,0.65,1.13,0.65,0.77,1.03,0.53,0.80,0.77,0.63,1.18,0.57,0.92,0.90,0.80,0.65,0.85,0.80,0.93,1.05,0.64,0.57,1.02,1.65,0.47,1.35,1.68,0.45,0.75,1.03,0.80,0.57,1.10,1.30,0.95,0.60,1.05,0.70,0.47,0.77,0.82,1.00,0.70,0.93,0.53,0.40,0.67,0.78,0.35,0.35,1.00,0.42,0.63,0.30,1.00,0.85,0.80,0.70,0.40,0.60,1.25,0.85,0.90,0.90,0.50,0.65,0.55,0.70,0.70,0.95,0.40,0.45,0.40,0.35,0.30,0.40,0.25,0.60,1.20,0.60,0.55,0.75,0.45,0.40,0.30,0.40,0.45,0.70,0.35,0.40,0.70,0.60,1.10,0.90,0.90,0.40,0.40,0.40,0.40,0.47,0.75,0.95,0.80,0.80,0.75,0.60,1.05,1.40,0.50,0.20,0.93,0.70,0.80,0.45,0.50,
20180815,2,CO_24h,0.75,1.00,0.59,1.87,0.26,0.57,0.62,0.53,0.67,1.02,0.27,0.70,0.80,0.92,0.93,0.95,0.56,0.66,0.57,0.38,0.35,0.25,0.30,0.53,0.83,0.67,0.47,0.40,0.65,0.68,0.36,0.55,0.55,0.67,0.54,0.53,0.57,0.50,0.73,0.37,0.57,0.47,0.47,0.43,0.71,0.58,0.43,0.83,0.60,0.34,0.86,0.86,0.66,0.67,0.56,0.57,0.65,0.67,0.80,0.66,0.62,0.80,0.96,0.58,0.94,0.83,0.68,0.70,0.37,1.13,0.85,1.20,0.72,0.57,0.62,0.47,0.82,0.90,0.90,0.52,0.77,0.60,0.37,0.53,0.53,0.70,0.70,1.10,0.38,0.13,0.20,0.50,0.30,0.10,0.27,0.30,0.82,0.62,0.58,0.80,0.70,0.77,0.80,0.80,0.90,0.75,0.93,0.75,1.33,0.80,1.27,1.26,1.26,0.98,0.53,0.92,0.58,0.98,0.64,0.70,0.38,0.34,0.54,0.80,0.55,0.73,1.03,1.17,0.90,0.97,0.93,0.87,0.94,0.85,0.94,0.65,1.03,0.63,0.90,1.17,0.50,0.70,0.84,1.64,0.67,0.67,0.82,0.74,0.60,1.15,1.13,1.30,1.15,0.77,0.83,0.15,0.30,0.60,0.76,0.33,0.40,0.70,0.30,0.35,0.15,0.35,0.30,0.45,0.25,0.75,0.30,0.35,0.30,0.53,0.45,0.55,0.30,0.50,0.40,0.67,0.65,0.80,0.85,0.40,0.45,0.60,0.30,0.70,0.25,0.50,0.75,0.60,1.10,1.18,0.77,1.58,0.85,1.20,1.00,0.53,0.30,0.55,0.35,0.27,0.20,0.60,0.54,0.40,0.63,0.77,0.80,0.90,0.65,0.75,0.50,0.30,0.57,0.50,0.57,1.03,0.45,0.53,0.40,0.55,0.50,0.30,0.60,0.56,0.60,0.57,0.50,0.60,0.40,0.47,0.30,0.63,0.70,0.70,0.37,0.58,0.83,0.67,0.67,0.60,0.78,0.70,0.67,0.48,1.68,0.55,0.60,1.18,0.70,1.17,0.90,0.82,1.10,0.58,0.76,0.77,0.50,1.00,0.60,0.85,0.90,0.73,0.55,0.80,0.87,0.70,1.05,0.68,0.60,0.95,1.63,0.63,1.30,1.83,0.70,0.90,1.07,0.87,0.70,1.30,1.00,1.00,0.75,0.95,0.75,0.50,0.53,0.77,0.90,0.70,0.83,0.68,0.43,0.70,0.70,0.45,0.35,1.10,0.85,0.73,0.50,0.95,1.00,0.90,0.70,0.45,0.65,1.10,0.80,0.85,0.80,0.63,0.70,0.60,0.65,0.60,0.95,0.50,0.60,0.45,0.45,0.40,0.35,0.25,0.70,1.27,0.70,0.65,1.15,0.40,0.50,0.30,0.40,0.35,0.75,0.35,0.60,0.75,0.70,1.20,0.80,1.00,0.40,0.40,0.40,0.70,0.30,0.85,0.85,0.70,1.10,0.45,0.30,0.65,1.00,0.50,0.30,0.63,0.80,0.80,0.50,0.50,
20180815,3,AQI,27,18,28,28,14,35,23,22,49,29,21,46,45,77,44,21,27,31,20,26,27,21,44,27,29,38,33,35,27,29,33,29,47,28,18,21,21,25,25,21,21,20,24,18,42,10,16,31,30,36,55,35,38,20,21,30,22,23,37,23,25,29,33,17,64,80,57,71,29,78,34,46,63,76,39,25,52,51,22,13,25,23,14,24,20,25,27,30,54,23,17,30,18,27,29,31,27,25,30,18,18,31,37,24,23,30,35,70,59,26,75,54,54,67,19,25,17,14,15,21,28,21,23,30,28,47,45,47,47,60,61,60,45,44,36,38,50,26,39,51,20,78,78,70,100,88,67,71,30,63,65,53,63,73,86,114,30,55,42,105,20,20,25,29,21,27,47,27,22,51,34,28,21,17,27,28,30,23,45,28,59,30,21,28,26,30,14,10,10,39,57,42,57,74,53,58,48,62,52,54,27,56,31,23,18,73,27,44,24,26,16,13,7,13,21,18,14,53,32,29,31,39,18,26,49,17,43,47,45,37,42,33,28,47,34,57,38,30,27,11,45,17,39,12,26,53,55,26,54,52,51,55,34,44,41,35,63,75,53,53,50,59,42,57,39,57,36,38,30,32,44,36,26,46,48,50,59,31,34,50,31,35,36,34,44,36,34,37,28,52,76,42,57,48,71,28,25,39,53,17,34,46,59,31,56,70,47,41,65,23,60,27,18,31,64,44,58,26,34,21,42,18,24,19,27,16,30,11,47,115,40,51,31,58,87,32,44,33,33,60,43,37,26,65,65,21,44,21,28,305,63,32,55,58,16,59,40,181,462,192,145,57,20,17,38,53,
20180815,3,PM2.5,14,7,16,17,7,22,15,11,14,18,14,32,17,43,14,13,13,17,8,9,13,8,13,15,15,17,12,16,16,11,15,13,16,11,7,10,7,6,9,6,6,13,12,4,20,5,11,13,16,8,27,21,17,13,10,9,14,12,22,16,16,20,18,7,46,59,34,52,8,42,17,24,33,29,18,17,16,26,14,7,11,13,10,10,11,17,6,19,23,7,6,16,12,10,14,17,19,12,21,11,11,8,17,17,16,18,21,51,31,11,27,31,35,34,13,10,8,8,10,9,15,14,16,12,11,16,27,24,19,43,44,41,25,27,21,20,24,18,19,32,6,57,57,45,75,65,45,52,12,45,35,29,27,45,49,25,9,28,9,33,14,12,7,15,10,10,33,10,7,9,18,13,10,11,7,11,10,9,26,13,8,14,10,15,12,10,8,5,6,19,30,29,31,29,37,41,29,44,30,25,19,31,20,13,9,36,19,22,11,16,9,9,5,9,15,12,9,23,16,16,19,20,11,9,19,10,21,28,26,19,16,10,11,20,24,26,24,12,13,7,16,9,19,5,11,28,32,14,35,29,32,28,11,21,28,19,45,55,34,32,23,38,28,36,19,35,25,21,16,14,24,17,17,16,26,26,23,20,19,33,21,20,25,24,31,16,22,19,14,22,51,26,35,25,52,16,17,21,28,12,22,31,38,17,22,51,22,29,47,7,22,15,6,18,46,15,35,9,13,10,7,11,9,9,3,8,12,6,30,43,23,29,13,41,41,21,30,9,20,30,30,26,18,45,30,15,31,15,7,68,29,13,25,20,5,20,21,100,85,83,53,35,4,8,18,16,
20180815,3,PM2.5_24h,23,8,26,20,8,28,24,22,20,19,12,27,22,40,12,12,12,9,12,10,12,9,12,18,17,17,11,14,15,16,15,13,17,14,10,8,9,10,11,9,8,13,12,7,22,8,12,16,11,10,29,17,17,16,11,9,20,18,21,18,14,29,34,8,46,42,42,44,10,42,26,28,24,12,17,17,20,30,12,10,8,10,12,13,7,9,10,15,17,6,7,12,13,10,11,10,30,12,17,24,17,13,16,32,27,14,13,29,33,17,25,34,70,39,17,6,8,7,9,7,13,14,12,14,13,23,30,29,29,34,34,44,24,18,18,20,22,29,15,41,7,40,48,37,37,47,38,43,21,55,40,32,21,42,43,30,37,28,13,25,10,12,11,11,10,17,13,14,9,8,16,8,8,10,9,11,10,10,25,14,10,12,11,13,15,10,10,9,9,24,25,18,33,36,39,51,30,44,36,23,14,32,18,18,7,34,15,8,11,16,14,8,4,10,17,15,8,16,15,23,19,18,13,12,20,8,23,23,19,22,15,8,16,18,22,18,12,17,15,10,20,18,21,8,16,23,33,21,32,31,28,27,18,24,29,24,35,36,28,14,23,28,28,29,19,23,18,16,12,17,26,22,22,16,25,31,22,18,26,38,26,25,34,46,28,24,29,35,16,16,38,23,34,21,34,39,16,27,23,10,17,36,47,40,15,40,17,29,35,8,25,12,8,16,36,34,41,8,14,11,7,9,17,10,8,25,8,7,28,35,28,28,21,32,58,64,34,41,22,27,29,30,18,39,25,14,20,15,8,24,20,18,19,22,10,15,18,64,38,45,27,24,6,7,14,11,
20180815,3,PM10,27,18,28,28,14,35,23,22,49,29,21,,45,104,44,21,27,31,20,26,27,21,44,27,29,38,33,35,27,29,33,29,47,28,18,21,21,25,25,21,21,20,24,18,42,10,16,31,30,36,59,35,38,20,18,14,22,23,37,23,20,29,33,17,72,97,63,90,29,106,34,46,76,101,39,25,54,52,22,13,25,23,12,12,20,25,11,30,57,23,6,30,18,27,29,31,27,23,24,15,18,14,37,23,23,30,35,52,68,26,100,58,58,84,19,25,17,14,15,21,28,21,23,30,28,47,45,47,47,63,68,69,45,44,36,38,50,26,39,52,20,90,83,90,92,88,84,90,30,76,80,55,76,96,122,178,6,60,42,159,9,18,25,29,21,27,21,27,22,52,34,28,21,17,27,28,30,23,45,28,68,30,21,28,26,30,14,10,10,39,64,42,63,98,44,63,48,73,54,58,21,62,31,23,18,95,25,44,24,26,11,10,6,10,21,18,14,55,32,29,31,39,18,26,49,17,43,47,45,37,42,33,28,47,,64,38,30,27,7,45,17,39,12,26,56,60,26,57,53,51,60,34,44,41,35,74,71,55,56,50,68,42,64,39,63,28,38,30,32,44,36,26,46,48,50,68,31,34,50,31,35,34,32,40,36,34,37,28,54,101,42,64,48,92,20,25,39,55,15,31,46,68,30,61,75,47,40,63,23,70,27,18,31,50,44,66,26,34,21,42,18,24,19,7,16,20,8,47,179,40,52,,54,124,31,44,16,33,69,30,20,,79,79,19,37,18,28,424,75,29,60,66,14,67,40,311,562,333,239,64,8,,38,55,
20180815,3,PM10_24h,26,14,40,29,16,48,34,45,47,33,23,32,39,70,35,20,30,19,27,31,27,29,34,31,33,40,32,30,33,36,39,31,43,29,21,22,25,27,26,22,23,23,26,16,45,17,20,33,22,43,53,32,33,27,20,14,35,31,39,33,25,47,60,15,82,70,78,77,30,82,57,58,54,45,33,30,52,66,17,16,16,18,23,34,15,18,21,25,37,24,24,21,22,39,26,27,44,21,27,40,32,33,32,44,39,25,30,40,60,31,60,58,104,63,31,15,16,16,13,18,28,24,20,33,29,53,55,48,57,50,58,74,49,41,31,34,46,43,33,64,22,70,69,61,67,66,79,66,38,86,82,56,59,77,90,207,251,58,38,102,18,20,33,37,30,32,30,36,25,40,36,24,27,28,30,29,33,26,43,31,28,25,20,24,31,28,26,9,24,41,47,32,65,86,56,81,49,63,74,53,18,64,29,25,21,69,23,17,26,30,22,12,9,24,31,29,19,28,35,47,31,41,46,38,31,13,38,38,32,45,32,21,33,41,20,44,30,31,33,21,34,35,38,22,31,47,57,39,56,56,52,51,40,45,47,40,61,55,47,30,37,51,43,57,35,52,28,36,24,32,46,39,38,38,49,53,59,29,40,63,42,41,49,74,54,50,56,59,39,36,66,47,54,48,66,64,26,45,62,14,27,55,87,63,62,65,43,45,54,27,62,31,16,23,48,59,66,21,31,19,30,24,55,22,28,57,14,11,50,80,50,51,48,55,249,129,49,369,44,60,42,38,22,57,42,24,28,30,35,113,52,36,46,65,17,39,33,186,416,170,143,44,18,8,36,35,
20180815,3,SO2,2,7,6,29,8,7,6,9,3,8,10,7,17,6,8,8,6,3,6,10,7,4,13,5,11,10,11,13,7,4,6,5,5,6,6,5,8,9,3,3,4,11,5,4,5,4,3,5,19,4,5,7,9,6,6,2,5,6,7,7,6,9,12,4,9,9,5,55,6,11,5,9,9,9,11,13,19,9,3,5,18,24,6,5,3,8,8,10,25,5,8,6,5,4,6,5,9,6,5,23,11,7,8,8,7,10,8,15,10,7,14,8,11,16,6,6,11,8,7,6,6,3,5,7,9,11,9,15,8,6,22,10,8,8,15,13,4,8,8,22,4,7,10,32,41,15,14,16,6,25,12,11,10,4,5,7,7,17,6,5,12,9,5,3,7,3,3,4,7,7,11,4,5,7,10,12,3,12,4,12,7,6,12,14,5,8,4,5,3,7,8,20,11,14,5,9,33,14,14,6,2,10,17,3,9,9,8,16,5,9,2,7,4,7,3,3,4,2,6,2,4,5,7,6,12,4,14,11,11,12,4,8,10,16,23,7,15,5,5,8,9,8,6,3,5,24,14,21,40,29,16,25,29,17,15,10,20,11,5,4,12,12,11,9,5,11,8,3,2,5,6,25,8,2,6,5,25,8,2,8,6,11,8,18,8,7,7,13,5,26,14,11,5,15,4,6,19,4,11,7,7,8,14,7,1,8,15,27,39,5,23,17,6,7,13,27,13,5,4,7,14,8,6,3,2,3,4,3,6,10,7,3,11,8,4,3,4,7,8,6,7,15,9,9,14,12,7,5,9,22,5,9,5,7,5,7,14,7,7,10,7,9,4,5,9,9,
20180815,3,SO2_24h,2,4,7,24,8,6,5,9,3,5,10,6,11,6,10,10,5,3,6,6,6,3,13,5,12,9,9,11,7,4,7,4,7,8,6,5,6,8,4,3,5,8,4,4,5,5,4,6,9,4,5,6,7,6,6,3,7,7,7,6,6,8,11,4,9,9,6,19,9,9,10,13,7,8,9,10,12,10,4,6,8,21,6,7,5,7,4,6,15,6,8,3,6,4,6,5,10,6,6,15,8,8,7,8,8,11,7,15,9,6,13,12,16,10,10,5,10,8,7,6,6,3,6,6,8,12,14,9,7,6,18,9,7,10,10,10,5,9,7,17,4,9,8,54,20,10,13,12,6,22,12,10,10,4,5,11,10,17,6,6,12,9,5,3,8,3,4,5,6,7,10,4,5,8,9,13,5,11,4,12,7,19,14,13,5,6,3,3,3,7,7,5,13,15,5,18,24,16,28,5,3,11,17,4,10,9,6,10,6,11,2,9,4,8,3,6,4,2,6,7,4,5,8,6,8,4,12,10,10,14,6,10,12,9,20,6,12,6,7,7,10,9,8,3,7,18,16,16,19,27,12,20,17,16,10,8,8,9,5,4,13,10,11,10,7,12,8,4,3,4,8,14,10,3,10,5,22,8,3,13,10,11,9,21,9,7,9,12,6,26,11,12,6,13,5,14,16,4,12,8,9,12,16,19,2,11,10,10,27,5,21,18,6,7,12,25,10,5,5,12,12,11,6,4,3,3,4,4,9,9,8,3,43,9,5,2,6,8,8,4,11,14,9,11,18,12,6,7,9,15,7,9,5,7,6,8,11,8,6,9,7,10,4,7,11,13,
20180815,3,NO2,36,20,20,40,8,26,19,10,25,33,18,33,28,51,46,26,3,22,19,22,23,21,10,8,27,25,23,31,25,11,10,8,15,14,21,17,10,15,14,5,4,19,21,15,25,11,21,25,22,2,33,30,23,22,13,6,18,12,26,21,7,22,33,8,45,74,17,55,14,77,30,19,56,65,27,24,44,42,27,7,17,16,16,14,7,20,4,11,26,3,9,20,7,10,5,16,25,6,9,7,12,4,22,13,19,8,11,26,31,20,24,24,15,41,9,25,16,17,10,18,11,6,28,13,16,20,15,45,14,28,20,12,22,13,10,11,22,10,20,21,5,31,29,35,34,18,35,38,15,31,36,22,40,35,52,2,23,21,9,5,10,10,6,3,16,6,8,7,8,3,14,5,13,18,20,21,12,26,17,22,11,23,18,8,23,14,7,13,8,17,19,36,18,50,31,7,36,43,13,4,11,22,23,2,8,5,16,18,19,10,14,7,8,15,10,3,11,22,9,14,3,14,13,3,30,7,29,16,34,17,16,8,24,21,27,31,16,11,25,9,15,9,26,10,4,12,15,11,27,8,14,13,16,29,25,17,23,19,17,15,23,51,10,22,21,11,2,6,10,10,15,16,8,17,19,13,16,16,4,21,8,14,10,22,20,8,17,18,11,33,40,16,26,35,36,18,9,18,22,6,7,9,19,7,15,23,24,15,14,8,17,10,21,12,45,24,32,12,28,7,13,9,13,9,2,2,9,4,18,66,11,19,7,28,3,5,38,9,6,37,7,6,15,22,5,5,5,9,13,7,32,5,26,22,31,62,17,13,20,44,8,33,5,,21,52,
20180815,3,NO2_24h,25,20,13,37,21,18,16,15,24,26,18,19,15,33,28,27,8,24,23,16,16,19,10,9,20,22,18,24,18,12,9,8,15,16,13,11,9,10,11,7,4,17,19,12,26,15,18,19,19,3,23,26,15,27,18,22,27,21,31,25,13,21,35,12,45,43,23,43,17,47,38,29,22,30,21,15,32,30,25,10,15,17,16,19,10,19,12,14,18,4,8,14,8,5,5,12,16,8,12,12,17,7,18,20,22,7,13,24,21,15,19,16,29,23,21,18,16,19,17,21,12,15,14,12,10,18,22,20,11,19,19,18,24,13,10,10,23,14,14,23,10,32,24,36,29,26,33,33,19,30,25,24,33,29,35,7,11,25,17,13,9,15,6,4,12,5,8,13,8,4,10,4,12,15,17,19,15,21,14,21,9,14,14,6,20,14,12,8,10,12,16,20,14,28,20,14,27,32,25,8,10,20,13,7,8,7,16,13,20,16,18,14,13,18,9,11,14,21,10,17,9,15,27,8,16,6,23,17,15,21,16,11,18,16,27,23,12,17,17,11,15,10,23,10,6,13,17,11,16,11,13,13,9,19,21,13,18,16,14,12,13,25,14,23,16,12,2,7,12,10,14,16,10,15,17,20,18,11,9,24,17,18,16,24,17,14,15,17,10,25,31,26,30,33,29,32,13,24,27,6,19,16,31,19,13,24,26,22,14,10,17,11,16,12,21,16,22,10,25,9,13,12,14,9,3,4,6,6,16,45,14,19,18,19,16,4,28,8,9,26,12,9,14,31,9,6,13,11,13,8,16,15,16,31,21,33,11,20,10,26,12,24,6,30,24,26,
20180815,3,O3,6,23,26,16,39,34,29,66,4,16,24,10,28,22,30,8,50,39,38,12,9,7,17,21,64,4,5,7,8,14,17,23,23,13,6,12,14,6,7,24,14,9,13,7,41,30,45,50,31,28,49,57,57,55,67,95,53,60,45,55,79,51,31,41,64,14,74,28,58,15,48,76,30,15,51,51,38,48,11,17,19,29,35,76,27,26,87,57,52,26,55,31,37,22,35,49,39,80,83,58,53,100,26,64,39,70,68,36,23,37,30,56,85,13,60,7,8,10,39,25,31,51,26,18,12,31,85,18,62,56,63,82,47,66,68,57,37,68,54,34,38,51,39,34,57,81,42,45,44,24,57,39,8,41,38,109,96,88,67,96,47,63,27,34,17,25,20,23,25,35,38,28,32,16,7,11,6,11,19,6,17,15,22,21,16,36,14,7,13,58,64,11,76,26,52,131,21,8,135,52,27,60,50,43,50,141,24,9,7,36,50,40,18,8,33,41,31,15,35,6,39,14,47,23,25,37,39,63,35,42,53,28,14,36,61,56,36,53,24,35,17,16,14,20,18,69,56,47,23,66,57,28,21,37,47,39,69,50,76,41,61,8,80,70,49,71,66,69,30,70,33,56,71,63,25,49,61,61,15,32,42,47,62,44,20,60,29,41,44,19,34,79,27,24,26,88,34,34,55,9,108,50,92,99,24,40,54,66,61,15,83,36,6,16,12,41,29,6,47,12,8,58,30,56,86,46,97,36,31,4,36,11,98,38,98,101,9,106,60,29,78,71,73,87,60,56,103,59,47,118,25,102,55,45,44,26,33,86,58,53,105,39,64,55,64,8,
20180815,3,O3_24h,98,54,144,33,55,133,109,166,76,48,82,75,136,159,134,45,64,93,73,43,114,59,57,83,129,155,75,107,130,111,127,63,135,104,38,47,84,100,62,40,30,85,98,53,157,77,78,120,93,46,149,124,122,97,87,100,118,121,143,98,88,133,165,89,242,207,143,154,106,248,174,165,141,115,145,122,175,161,53,44,46,64,77,126,81,100,93,92,144,52,60,120,92,55,41,72,119,110,129,111,92,122,93,95,112,114,103,99,141,124,132,157,241,167,89,63,45,42,53,100,77,54,84,129,136,145,169,141,123,154,169,187,138,103,118,106,122,108,132,109,55,228,194,164,183,197,251,151,167,143,254,185,156,170,186,114,130,161,101,107,64,90,42,48,40,36,54,41,43,47,44,34,47,67,57,64,69,58,100,94,121,110,126,45,106,97,48,53,21,153,127,79,189,156,168,252,177,154,162,86,77,166,131,62,106,186,49,53,38,81,78,118,41,85,76,90,90,56,61,85,70,51,84,69,66,88,133,148,118,104,152,52,118,115,133,143,101,160,108,92,82,99,76,46,70,126,138,124,129,158,128,129,104,133,132,112,137,116,156,112,129,173,171,128,132,106,112,124,97,121,127,125,81,91,117,78,104,98,95,114,100,103,141,134,93,123,103,179,128,155,176,215,133,190,168,200,131,130,192,65,121,132,144,168,128,160,156,124,142,88,153,84,59,70,140,165,133,70,106,60,59,65,84,99,88,63,137,62,159,153,171,142,113,162,121,130,139,122,117,107,127,106,122,154,96,95,120,139,105,141,181,142,114,69,86,123,100,124,142,140,122,137,94,72,118,121,
20180815,3,O3_8h,6,24,31,16,42,41,32,68,5,22,37,14,37,29,36,8,45,45,39,11,11,8,16,23,63,5,6,7,8,14,21,27,29,13,7,12,11,9,9,24,15,11,19,10,52,28,49,54,36,30,55,65,62,57,68,92,53,52,43,55,73,47,36,38,61,22,73,33,58,27,42,68,44,23,46,52,38,56,13,19,19,22,33,82,27,33,68,58,59,27,51,36,45,29,32,49,46,75,82,64,49,106,33,54,39,71,62,24,28,41,34,65,68,16,60,7,10,11,32,27,37,52,36,22,18,42,88,31,62,55,70,87,45,63,66,65,42,67,70,34,39,58,44,37,58,73,48,41,52,25,58,38,17,41,30,111,103,78,61,62,54,50,29,36,22,27,23,21,26,35,36,27,31,16,8,14,6,12,20,6,17,15,23,20,17,35,15,12,14,61,67,11,84,16,59,136,17,20,132,59,28,71,57,42,52,140,30,7,7,41,63,21,23,8,37,41,30,17,38,6,22,9,34,24,29,36,47,69,38,50,55,31,22,41,59,66,43,58,28,35,22,15,13,19,21,76,59,52,30,69,64,25,27,41,51,41,76,53,81,46,73,17,104,76,45,74,71,65,28,74,39,61,73,47,26,48,58,72,13,21,42,46,67,55,20,62,39,36,49,21,28,77,20,29,34,94,36,34,61,9,96,55,84,112,28,31,41,68,64,17,86,40,7,18,33,50,34,9,51,13,10,61,32,59,86,42,100,28,39,4,44,11,99,56,95,104,8,104,64,29,81,71,86,79,60,59,101,68,47,118,38,110,55,26,47,28,43,37,54,83,105,39,65,61,56,15,
20180815,3,O3_8h_24h,7,27,36,20,47,47,35,71,5,25,44,18,48,35,43,9,45,54,40,13,14,8,17,26,65,7,6,7,7,14,25,29,35,15,8,13,11,11,12,25,16,14,23,13,62,29,53,60,44,31,62,71,69,61,70,92,55,52,47,60,73,48,40,39,66,31,75,44,59,38,43,69,62,32,49,53,45,63,15,21,19,22,35,93,28,41,68,62,68,27,51,39,52,33,32,52,54,75,84,68,52,109,41,54,41,72,62,24,34,46,40,77,68,18,60,8,12,13,33,28,42,54,46,27,24,55,91,41,65,56,80,94,48,64,68,72,45,67,88,35,40,67,52,41,63,76,59,43,62,28,63,39,22,44,41,113,108,81,64,62,60,50,31,36,28,30,27,21,27,35,36,27,31,17,10,16,6,14,21,6,17,15,24,20,22,36,15,16,14,66,69,12,95,17,63,140,21,36,135,62,32,85,68,42,53,141,34,7,8,44,78,21,30,9,42,42,30,20,44,7,22,9,34,24,39,38,55,76,40,59,59,34,32,44,59,77,53,63,33,36,30,15,13,21,29,82,61,58,35,73,71,26,32,48,58,45,81,56,90,56,95,31,123,81,47,77,78,65,30,79,43,65,75,47,28,48,60,84,14,22,46,48,71,60,21,63,53,36,56,24,30,80,20,40,43,106,39,34,68,9,96,59,84,125,33,31,41,69,67,20,94,46,11,21,56,58,38,11,55,15,11,64,35,63,86,42,107,28,47,4,53,13,105,83,97,105,9,104,68,30,85,71,92,79,60,64,101,78,49,119,56,114,73,26,50,15,52,37,56,110,105,43,65,64,56,22,
20180815,3,CO,0.61,1.26,0.53,1.75,0.20,0.60,0.57,0.30,0.50,1.48,0.63,0.95,0.88,0.78,0.93,0.74,0.50,0.66,0.44,0.38,0.43,0.30,0.25,0.40,0.80,0.77,0.47,0.52,0.65,0.57,0.24,0.57,0.40,0.62,0.56,0.53,0.43,0.50,0.70,0.33,0.57,0.43,0.43,0.43,0.59,0.60,0.43,0.86,0.97,0.25,0.66,1.01,0.72,0.64,0.53,0.60,0.59,0.63,0.73,0.72,0.60,0.70,0.83,0.55,0.89,1.06,0.62,0.86,0.30,1.18,0.63,0.77,0.84,0.67,0.68,0.48,0.72,0.90,0.77,0.45,0.63,0.93,0.17,0.33,0.80,0.85,0.53,0.98,0.52,0.17,0.14,0.55,0.35,0.10,0.30,0.57,0.72,0.57,0.67,0.83,0.65,0.73,0.75,0.45,0.65,0.70,0.80,0.65,1.97,0.77,1.90,1.20,0.98,0.95,0.40,1.06,0.55,0.88,0.72,0.63,0.33,0.24,0.60,0.77,0.57,0.73,1.04,1.10,0.80,1.60,0.93,0.83,0.94,0.90,1.02,0.67,1.10,0.57,1.37,0.82,0.45,0.78,0.96,1.26,0.77,0.60,0.80,0.82,0.40,1.15,1.10,1.23,1.20,0.71,0.87,0.20,0.65,0.55,0.64,0.27,0.45,0.80,0.30,0.35,0.15,0.60,0.25,0.45,0.25,0.75,0.30,0.35,0.35,0.53,0.50,0.55,0.20,0.50,0.50,0.73,0.65,0.80,0.75,0.40,0.40,0.60,0.20,0.70,0.25,0.45,0.77,0.90,0.74,1.10,0.68,0.96,0.70,1.00,0.77,0.37,0.30,0.35,0.60,0.27,0.15,0.65,0.56,0.65,0.57,0.60,0.70,0.70,0.60,0.50,0.40,0.25,0.53,0.50,0.57,0.30,0.30,0.43,0.20,0.45,0.50,0.20,0.47,0.52,0.80,0.53,0.43,0.60,0.40,0.83,0.40,0.67,0.85,0.50,0.27,0.47,0.63,0.53,0.63,0.50,0.65,0.60,0.50,0.50,1.70,0.53,0.53,1.02,0.65,1.03,0.63,0.80,1.23,0.53,0.78,0.77,0.63,1.18,0.63,0.92,0.90,0.82,0.60,0.85,0.77,0.97,1.10,0.72,0.53,1.05,1.70,0.53,1.38,1.88,0.70,0.78,0.97,0.77,0.57,1.15,1.05,0.90,0.60,0.90,0.70,0.47,0.60,0.85,0.83,0.67,0.93,0.47,0.37,0.63,0.80,0.35,0.30,0.98,0.47,0.63,0.30,0.90,0.85,0.85,0.70,0.40,0.50,1.20,0.85,0.90,0.90,0.57,0.90,0.55,0.75,0.70,0.95,0.45,0.45,0.45,0.45,0.30,0.35,0.25,0.67,1.10,0.60,0.55,0.75,0.45,0.40,0.30,0.35,0.40,0.70,0.40,0.40,0.70,0.70,1.20,0.80,0.80,0.40,0.30,0.40,0.40,0.43,0.75,0.90,0.60,0.75,0.75,0.50,0.60,1.30,0.60,0.20,0.83,0.70,0.80,0.40,0.60,
20180815,3,CO_24h,0.74,1.04,0.60,1.90,0.27,0.55,0.62,0.53,0.65,1.05,0.27,0.75,0.80,0.92,0.93,0.94,0.55,0.64,0.56,0.38,0.36,0.27,0.30,0.50,0.84,0.70,0.47,0.42,0.65,0.63,0.36,0.55,0.55,0.67,0.55,0.53,0.53,0.50,0.73,0.37,0.57,0.47,0.47,0.43,0.71,0.58,0.43,0.83,0.60,0.34,0.86,0.86,0.66,0.67,0.56,0.57,0.64,0.67,0.80,0.66,0.62,0.80,0.96,0.58,0.94,0.84,0.66,0.68,0.37,1.13,0.85,1.20,0.72,0.58,0.62,0.47,0.82,0.90,0.90,0.52,0.77,0.60,0.37,0.53,0.53,0.70,0.70,1.10,0.38,0.13,0.20,0.50,0.33,0.10,0.27,0.30,0.82,0.63,0.57,0.80,0.75,0.77,0.80,0.75,0.85,0.75,0.93,0.75,1.37,0.80,1.30,1.28,1.26,0.98,0.53,0.94,0.58,0.98,0.68,0.70,0.38,0.34,0.54,0.80,0.55,0.71,1.03,1.17,0.90,0.97,0.93,0.87,0.94,0.85,0.94,0.65,1.03,0.63,0.90,1.15,0.45,0.70,0.86,1.64,0.67,0.70,0.82,0.74,0.57,1.15,1.13,1.30,1.30,0.77,0.83,0.15,0.30,0.60,0.76,0.33,0.40,0.70,0.30,0.35,0.15,0.35,0.30,0.45,0.25,0.75,0.30,0.35,0.30,0.53,0.45,0.55,0.30,0.50,0.40,0.70,0.65,0.80,0.85,0.40,0.45,0.60,0.30,0.70,0.25,0.50,0.80,0.60,1.04,1.18,0.77,1.58,0.85,1.20,0.97,0.53,0.30,0.55,0.35,0.27,0.20,0.60,0.54,0.40,0.63,0.77,0.77,0.90,0.60,0.75,0.50,0.30,0.57,0.50,0.53,0.97,0.45,0.53,0.40,0.55,0.50,0.30,0.60,0.58,0.60,0.57,0.50,0.60,0.40,0.47,0.30,0.63,0.75,0.70,0.37,0.58,0.80,0.67,0.67,0.60,0.78,0.70,0.67,0.50,1.68,0.55,0.60,1.18,0.70,1.13,0.90,0.82,1.13,0.60,0.76,0.77,0.50,1.00,0.60,0.85,0.90,0.73,0.55,0.80,0.87,0.73,1.05,0.66,0.57,0.95,1.63,0.60,1.30,1.83,0.65,0.90,1.07,0.83,0.67,1.30,1.00,1.00,0.70,0.95,0.75,0.50,0.53,0.77,0.90,0.70,0.83,0.68,0.43,0.70,0.70,0.45,0.35,1.10,0.85,0.73,0.50,1.00,0.95,0.90,0.70,0.45,0.65,1.10,0.80,0.85,0.80,0.63,0.70,0.60,0.70,0.60,0.95,0.50,0.60,0.45,0.45,0.35,0.35,0.25,0.70,1.27,0.70,0.65,1.10,0.40,0.50,0.30,0.40,0.35,0.75,0.35,0.60,0.75,0.70,1.20,0.80,1.00,0.40,0.40,0.40,0.60,0.33,0.85,0.85,0.70,1.05,0.45,0.30,0.60,1.00,0.50,0.30,0.67,0.80,0.80,0.50,0.50,
20180815,7,AQI,35,35,32,37,26,42,29,21,57,41,30,34,25,69,47,24,29,22,42,27,34,32,32,29,28,47,28,39,46,33,34,32,29,28,22,22,24,24,25,18,23,19,23,19,46,10,18,26,23,31,46,37,37,20,18,27,20,26,27,21,21,29,42,23,55,79,50,74,18,77,30,100,70,69,41,29,52,67,41,18,23,18,21,20,27,27,36,29,45,24,24,32,33,27,26,27,30,21,22,30,25,24,31,22,17,19,20,21,55,31,55,73,64,62,25,21,15,20,13,28,25,25,26,34,25,56,38,36,36,71,57,29,51,55,41,43,39,31,29,42,28,60,53,66,63,68,86,63,29,83,110,55,39,61,71,142,32,69,30,125,25,24,18,33,19,29,9,26,19,38,28,26,23,23,27,27,35,25,53,37,15,21,24,26,36,31,17,16,25,42,41,41,72,71,52,52,50,73,65,51,23,51,20,29,32,67,14,51,18,27,18,17,16,24,24,27,26,31,18,25,20,27,94,26,65,22,53,45,33,38,37,20,45,52,46,60,49,35,36,10,48,13,36,8,30,45,56,32,56,35,54,50,35,43,50,29,39,54,56,33,51,62,43,58,43,61,38,41,36,30,49,33,34,42,47,47,59,36,33,46,35,35,51,31,48,28,51,25,32,47,65,64,62,44,75,26,24,37,54,14,34,38,34,24,48,26,25,34,43,22,56,29,26,38,55,53,70,22,35,23,49,29,26,28,27,13,27,9,47,94,41,46,55,53,80,33,48,34,33,54,46,36,21,107,83,31,23,15,20,74,59,67,77,40,17,71,27,94,300,101,43,43,17,16,50,68,
20180815,7,PM2.5,18,17,19,17,7,24,16,15,13,22,15,24,12,45,14,15,13,14,10,10,13,9,13,20,18,26,12,19,20,16,18,13,19,11,7,11,7,17,9,7,8,13,12,3,15,5,9,11,13,8,27,21,21,13,11,10,14,18,19,15,15,20,20,6,39,58,30,54,7,48,15,44,45,23,23,17,18,33,27,7,11,12,13,14,19,19,2,13,23,9,17,20,15,10,15,8,19,14,15,21,16,8,18,13,12,6,9,15,35,20,19,47,46,35,13,9,8,7,9,14,11,10,18,21,11,24,26,25,22,52,36,17,28,39,29,30,19,20,19,28,9,38,36,47,45,49,64,45,15,61,48,35,18,44,52,38,11,50,8,43,15,4,7,23,13,8,,10,10,8,18,10,7,10,10,12,15,10,20,20,8,15,13,15,13,14,8,4,8,27,24,29,39,23,34,34,22,53,37,26,16,32,14,19,8,37,8,25,10,18,8,6,3,13,14,14,4,14,12,13,14,11,25,9,20,8,29,16,16,21,16,4,15,16,32,30,28,16,22,5,26,9,23,4,13,28,29,16,31,18,32,26,16,25,31,20,21,29,38,23,35,40,29,41,22,32,25,17,19,19,20,19,22,16,17,28,21,15,23,29,21,17,27,22,30,13,22,16,21,21,47,46,43,29,55,17,17,21,25,8,22,25,13,14,11,15,16,24,29,9,26,12,9,17,39,23,51,11,15,8,9,14,13,12,4,9,7,5,29,47,27,28,24,36,42,15,32,10,20,32,32,25,15,58,43,11,16,10,5,29,17,32,36,20,12,24,14,50,39,56,16,30,3,1,35,17,
20180815,7,PM2.5_24h,17,8,24,19,8,26,22,19,16,16,13,26,20,39,12,13,14,10,11,10,12,9,12,18,18,17,11,15,16,16,16,13,19,14,10,8,9,11,11,8,7,14,11,6,23,7,11,15,12,10,27,19,18,15,11,10,20,17,22,18,15,25,32,8,45,47,38,46,11,44,25,30,27,15,19,18,21,28,14,10,9,10,12,14,8,9,10,15,19,7,8,13,12,9,12,11,27,13,17,23,16,14,16,26,24,14,13,32,33,19,23,34,67,35,16,6,8,7,8,8,13,14,13,14,12,24,29,26,25,36,37,41,25,21,20,21,21,25,16,36,7,40,49,38,41,49,42,43,20,56,42,33,21,45,46,32,13,28,13,32,13,11,11,19,10,16,11,14,10,8,16,8,8,10,9,11,10,10,15,14,10,13,11,13,15,11,10,7,9,25,27,19,33,33,36,53,28,45,35,25,15,34,18,18,7,37,13,10,10,16,13,8,4,9,17,16,7,16,15,22,19,18,13,13,20,9,25,24,20,22,16,8,16,20,24,21,14,17,14,9,18,16,20,7,15,24,33,19,31,30,30,27,15,23,28,22,35,39,30,17,26,31,27,32,19,26,21,17,13,18,26,21,21,16,24,28,21,16,23,40,23,23,33,41,30,22,28,30,17,17,40,26,34,23,37,34,17,26,24,11,18,36,42,33,14,38,16,28,34,9,26,13,8,17,37,34,44,9,15,11,8,11,16,10,8,23,8,7,29,38,27,29,21,34,62,52,34,16,22,29,29,29,18,43,27,15,20,15,8,27,21,19,23,21,10,17,17,66,43,49,27,25,5,7,17,12,
20180815,7,PM10,35,35,32,37,26,42,29,20,64,41,30,,25,87,47,24,29,22,42,27,34,32,32,25,28,47,28,39,46,33,34,32,29,28,22,22,24,22,25,18,23,18,23,19,46,10,12,26,23,31,46,37,37,20,18,16,20,,20,20,20,26,42,13,58,95,50,68,18,104,30,150,90,88,41,29,54,83,40,18,23,18,21,13,25,25,10,15,45,24,24,32,33,27,26,17,30,19,22,26,25,24,31,22,17,10,16,21,59,31,59,96,69,74,25,21,15,20,11,28,25,25,25,34,25,61,38,30,36,78,64,29,51,60,41,41,39,31,29,42,28,70,56,82,58,70,111,63,29,88,170,60,39,67,92,233,17,78,30,200,19,11,18,25,19,29,9,26,19,38,28,26,23,23,27,27,35,25,55,37,15,20,24,26,36,31,17,16,25,42,41,40,93,92,54,53,50,74,80,52,21,51,19,29,32,84,14,51,18,27,18,12,16,24,24,27,14,31,18,25,16,27,138,26,79,22,55,45,33,38,37,20,45,54,,70,49,35,36,8,48,13,36,8,30,45,62,32,61,35,58,50,35,43,50,27,39,58,62,32,52,73,43,59,43,71,38,41,36,30,49,33,34,42,47,47,67,36,28,46,35,35,52,27,48,28,51,25,32,47,70,62,74,44,94,26,21,37,58,14,34,38,34,22,48,25,20,34,43,22,62,29,26,38,39,56,81,22,35,23,49,29,26,28,6,12,11,9,47,138,41,46,59,55,109,18,48,,33,57,33,28,19,164,115,31,17,13,20,98,67,84,104,40,16,91,27,138,420,152,43,41,10,1,48,85,
20180815,7,PM10_24h,27,17,39,29,16,46,32,42,45,29,22,29,37,74,38,20,30,21,26,31,29,30,36,32,35,42,33,32,35,37,39,33,44,30,22,22,24,27,26,22,22,23,25,17,46,16,18,32,23,42,51,35,34,26,20,14,33,30,40,32,26,41,57,15,78,78,68,79,31,87,52,67,59,57,36,31,53,64,20,17,18,18,23,37,17,17,21,25,42,24,23,24,24,37,26,29,41,23,26,40,31,33,29,38,35,24,30,39,61,34,57,63,99,63,30,15,16,16,13,19,28,23,22,33,30,56,51,44,52,56,61,67,49,43,34,34,44,37,32,56,21,72,70,65,72,69,83,66,36,85,91,57,52,80,94,227,71,59,38,136,21,18,32,33,28,31,26,34,25,41,35,25,27,28,30,29,34,28,44,31,28,26,21,24,32,29,25,9,20,42,50,34,66,87,51,79,51,63,69,53,19,66,27,25,21,74,20,23,23,27,21,12,9,18,29,30,18,32,33,43,30,38,50,37,38,14,43,42,35,42,36,20,36,45,20,50,32,32,33,20,32,29,37,20,31,48,57,37,54,55,53,53,37,43,44,38,60,60,50,34,42,56,42,58,35,55,31,37,28,32,48,38,36,39,49,50,59,29,37,64,36,37,48,66,56,45,53,52,38,38,70,49,55,49,71,58,27,45,64,14,28,54,78,50,59,61,42,43,53,26,63,33,17,25,48,63,71,23,32,20,33,25,52,23,28,55,15,11,51,98,50,55,47,54,261,117,50,109,42,59,41,37,23,72,52,26,27,28,36,119,58,39,54,64,16,49,36,198,403,199,138,46,17,7,40,43,
20180815,7,SO2,2,4,8,24,8,7,6,9,4,7,12,8,18,10,8,10,6,3,6,8,8,4,13,5,14,10,12,13,10,5,6,5,10,7,6,5,8,9,3,3,5,14,5,4,6,4,8,4,12,4,6,5,10,6,5,3,5,6,5,5,6,10,12,3,8,9,7,36,6,10,8,8,11,9,13,15,26,10,12,6,22,43,7,7,6,7,2,10,23,5,10,10,5,6,6,4,9,6,8,20,13,8,11,8,8,11,9,11,10,7,16,11,12,17,6,8,10,8,6,6,6,3,6,8,9,10,9,11,10,11,15,7,7,11,10,8,4,8,7,31,4,7,8,43,3,8,49,12,6,40,13,11,10,3,5,6,12,9,6,5,13,8,5,4,8,3,3,5,7,7,15,4,5,7,10,14,4,15,8,14,6,7,11,14,5,7,3,3,3,8,7,3,14,25,7,7,30,15,43,7,2,9,16,2,12,9,10,23,5,7,3,12,5,7,4,3,4,2,6,1,4,3,11,6,13,4,26,22,8,13,8,10,11,12,23,8,17,5,11,6,10,9,6,3,9,26,28,29,18,31,16,36,32,18,20,10,11,9,8,4,13,10,14,10,7,11,9,4,3,5,9,18,13,2,8,6,20,10,2,9,9,18,14,11,8,6,7,9,5,34,24,19,6,16,6,6,18,3,11,7,10,8,17,12,2,8,7,31,47,5,19,17,6,11,17,50,31,6,6,7,14,13,6,4,3,3,4,3,12,15,9,3,10,9,4,3,5,6,7,6,11,16,12,7,16,11,7,5,11,19,10,9,5,11,5,10,14,7,7,7,7,10,4,7,13,9,
20180815,7,SO2_24h,2,4,7,24,8,6,5,9,3,5,10,6,12,6,10,10,6,3,6,6,6,3,13,5,13,9,9,12,7,4,7,5,7,7,6,5,6,8,3,3,5,8,4,4,5,5,4,6,11,4,5,6,8,6,6,3,6,7,6,6,6,8,11,4,8,8,6,26,8,9,9,12,8,8,10,11,13,10,5,6,10,28,6,7,5,6,4,7,17,6,8,5,5,4,6,5,9,6,6,14,8,8,7,8,8,11,7,13,9,6,14,12,15,11,10,5,10,8,7,6,6,3,6,6,8,13,14,9,7,6,18,8,7,9,10,9,5,8,7,18,4,9,8,50,20,10,17,12,6,22,12,11,10,4,5,8,13,17,6,6,12,9,5,4,8,3,3,5,6,7,11,4,5,8,9,13,5,11,6,13,7,16,13,13,5,6,3,3,3,7,7,5,13,16,6,17,26,15,24,5,3,11,16,3,10,9,6,11,6,10,2,9,5,8,3,5,4,2,6,5,4,5,9,6,8,4,14,12,10,14,6,9,12,11,20,6,14,6,7,7,10,10,6,3,7,17,14,17,18,27,13,22,17,16,11,8,9,9,5,4,13,10,10,10,6,12,8,4,3,4,8,16,9,3,9,5,22,9,3,12,9,11,9,17,8,7,8,12,6,27,12,13,6,14,5,13,17,4,12,8,9,12,17,15,2,11,9,14,30,5,21,18,6,8,13,28,21,6,6,11,13,11,6,4,3,3,4,4,8,9,8,3,33,9,5,3,6,8,8,4,10,14,9,10,19,12,7,7,9,16,7,9,5,7,6,8,12,8,6,10,7,10,4,7,12,13,
20180815,7,NO2,34,29,30,41,8,23,26,10,24,40,23,21,23,46,47,23,6,27,28,18,21,20,12,10,26,16,21,27,21,9,11,13,18,15,20,21,11,12,11,14,9,17,18,14,24,14,36,22,21,8,28,27,20,28,21,9,23,14,21,23,15,24,43,6,35,53,16,52,18,62,22,23,40,47,30,22,47,36,32,12,21,16,23,30,11,20,5,11,22,6,17,21,24,17,15,7,24,13,13,8,15,9,13,12,16,14,15,16,24,17,26,40,16,30,17,22,12,14,15,23,8,14,23,14,13,21,29,24,13,36,19,10,35,18,12,11,27,11,12,20,4,31,16,31,15,22,47,32,17,27,45,20,23,29,31,2,16,35,12,5,9,11,12,8,19,7,13,11,10,7,26,9,12,17,17,22,14,26,25,21,10,17,15,7,19,16,6,8,12,18,16,31,38,40,36,11,37,40,39,6,12,22,24,10,22,8,14,23,20,8,20,34,13,11,10,7,15,23,10,8,7,7,41,4,23,7,41,21,18,17,12,11,25,18,32,34,19,15,18,11,16,9,25,11,6,11,26,15,20,10,18,14,13,26,38,13,18,15,17,12,16,32,22,24,18,15,2,29,13,13,17,24,14,18,20,16,16,15,9,15,22,20,18,19,18,11,22,11,8,30,41,37,27,47,25,41,11,19,29,3,11,11,31,7,14,11,18,17,12,8,21,12,17,12,33,26,34,11,26,5,11,11,13,9,2,5,4,5,24,62,14,16,8,25,11,3,35,7,7,32,15,6,14,27,5,5,43,9,22,12,26,7,29,19,34,47,16,12,7,18,15,26,8,,27,40,
20180815,7,NO2_24h,26,19,15,39,17,20,18,14,23,27,17,21,17,33,30,28,7,24,23,17,17,20,10,9,22,22,20,26,20,12,9,8,15,15,14,12,10,10,11,8,5,17,18,12,25,15,19,19,18,3,24,27,15,26,17,19,25,19,28,22,12,19,34,12,43,46,19,43,17,50,34,26,25,36,23,17,33,30,29,11,17,18,16,21,9,16,9,13,19,4,9,17,9,7,7,12,17,8,11,12,15,7,15,18,19,7,13,19,21,17,19,19,25,27,19,19,16,20,16,22,11,14,17,13,11,18,20,21,11,20,18,15,25,12,11,9,22,12,14,22,10,30,25,36,30,24,32,32,17,30,30,23,26,29,33,4,13,25,16,13,10,12,6,5,14,5,11,11,8,5,13,4,12,16,18,21,15,23,20,22,9,16,15,5,19,14,12,8,9,12,16,21,14,33,23,12,30,32,21,7,11,20,13,7,9,7,15,15,20,13,17,15,13,17,10,9,13,21,9,15,9,12,28,8,17,7,26,18,17,19,13,11,20,17,28,24,13,15,17,11,15,9,23,10,6,11,16,10,16,10,13,13,9,21,23,13,17,15,14,13,13,26,13,22,15,12,2,9,12,10,14,16,10,15,16,19,15,12,9,22,16,19,16,20,18,12,16,16,10,27,33,26,28,34,30,29,13,24,27,6,16,15,27,14,13,22,24,20,12,9,16,11,18,12,22,16,24,10,26,9,13,12,13,8,3,4,6,6,15,45,13,19,14,18,13,4,30,9,9,27,11,8,14,27,7,6,12,11,12,8,19,12,20,30,24,37,12,19,12,24,12,27,7,30,24,27,
20180815,7,O3,20,19,18,15,28,19,25,61,7,20,22,12,24,11,26,11,44,21,33,18,8,10,15,14,53,8,8,11,9,16,13,20,13,11,8,8,10,9,8,15,11,12,13,12,11,27,33,30,54,17,36,45,46,51,55,87,50,57,48,50,59,48,11,72,62,7,55,17,46,13,58,71,22,17,32,37,18,55,8,10,14,34,23,60,18,22,116,94,43,21,72,22,14,10,22,87,24,66,55,41,44,78,45,69,46,62,63,53,17,18,30,15,79,15,59,10,10,10,36,22,24,46,34,12,11,28,51,23,42,23,54,79,21,62,56,63,16,65,57,35,35,36,78,21,121,68,17,50,24,36,33,40,18,31,45,109,101,51,64,94,80,77,19,25,10,21,30,20,21,53,28,19,27,16,13,14,6,13,23,8,16,18,24,23,15,28,12,5,8,49,45,16,30,26,28,97,10,5,52,44,12,37,51,32,26,118,39,5,9,73,55,37,8,8,41,37,82,18,31,22,34,19,17,21,21,16,13,20,74,21,34,31,7,32,67,38,25,23,28,31,10,14,12,21,17,58,28,23,21,48,42,29,16,28,21,27,56,43,66,41,59,20,43,56,50,61,56,23,26,61,19,45,51,32,26,47,59,66,11,32,33,37,38,42,19,51,15,57,42,10,21,32,5,5,34,55,26,20,36,4,63,39,84,78,13,84,80,58,58,10,54,21,4,14,5,23,16,4,20,11,7,52,21,35,85,30,87,25,14,6,14,11,94,30,78,104,9,109,56,30,38,65,48,71,58,56,33,47,26,117,47,93,31,46,29,6,16,82,96,105,85,41,53,50,30,5,
20180815,7,O3_24h,93,54,144,33,81,133,109,166,76,48,82,75,136,159,134,40,64,87,73,43,114,59,57,83,129,155,75,107,130,111,127,63,135,104,38,47,84,100,62,40,30,85,98,53,157,77,78,120,93,46,149,124,122,97,87,103,118,121,143,98,88,133,165,89,242,207,143,154,106,248,174,165,141,115,145,122,175,161,46,44,43,55,77,126,81,100,116,102,144,52,73,120,92,55,41,87,119,110,129,112,92,122,93,95,112,114,103,99,141,124,132,157,241,167,81,42,45,31,55,99,77,54,84,129,136,145,169,141,123,154,169,187,138,103,118,106,122,108,132,109,55,228,194,164,183,197,251,151,167,143,254,185,139,170,186,114,124,161,101,107,80,90,42,51,40,36,30,41,43,53,44,34,47,67,57,64,69,58,110,94,121,110,126,45,106,97,48,53,21,153,127,79,189,156,168,252,177,154,162,86,77,166,131,62,106,186,49,38,38,84,78,118,39,85,76,90,100,56,61,85,70,51,84,69,66,88,133,148,118,104,152,52,118,115,133,143,101,160,108,92,82,99,76,46,70,126,138,124,129,158,128,129,104,133,132,112,137,116,156,112,129,173,171,128,132,106,112,124,97,121,127,125,81,91,117,78,104,98,95,114,100,99,141,134,93,123,103,179,128,155,176,215,133,190,168,200,131,130,192,65,121,132,144,168,128,160,156,124,142,88,153,84,59,70,140,165,133,70,106,60,59,65,84,99,89,63,137,62,159,153,171,142,113,162,121,130,139,121,117,107,127,106,122,154,96,95,120,139,105,141,181,142,114,69,86,123,100,124,142,140,122,137,94,72,118,121,
20180815,7,O3_8h,8,22,26,16,49,28,27,66,5,15,28,12,31,22,26,8,46,35,36,14,8,8,16,19,65,5,5,7,7,14,16,22,20,11,6,10,9,8,8,20,13,10,16,11,33,27,43,43,46,25,48,55,54,55,63,92,52,60,49,58,67,49,27,43,63,16,67,27,55,21,49,74,33,19,44,46,32,52,10,15,16,31,32,75,22,29,93,74,55,25,60,28,30,19,29,63,37,74,75,57,44,92,42,64,41,75,69,41,23,31,30,47,80,13,61,10,9,10,39,24,29,49,32,16,12,33,74,26,57,43,62,86,37,64,60,63,32,67,66,35,37,54,48,32,68,78,37,45,41,25,43,39,20,39,38,109,101,71,64,82,61,59,26,34,16,24,20,22,24,38,34,24,30,15,8,13,6,12,22,6,16,15,22,22,16,33,11,8,12,57,58,12,66,21,41,119,13,11,104,50,21,56,58,41,42,130,31,6,8,53,53,41,16,8,36,39,62,14,35,10,31,16,26,22,23,30,30,48,54,36,48,28,12,37,58,52,36,45,26,33,16,14,10,22,19,68,45,42,25,62,54,27,19,33,37,36,65,50,76,45,69,16,78,65,50,68,65,49,28,68,29,53,64,46,26,48,61,65,13,26,43,41,55,50,20,57,28,46,46,17,26,65,19,18,29,81,33,29,53,8,90,48,92,98,22,59,66,68,62,14,72,32,5,17,20,38,25,7,27,11,8,54,28,50,86,41,95,27,26,4,32,11,98,42,90,101,7,108,60,22,66,66,63,74,60,60,87,59,43,119,32,101,46,41,40,16,33,65,76,75,98,39,55,54,48,9,
20180815,7,O3_8h_24h,9,27,36,21,52,47,35,71,5,25,44,18,48,35,43,9,46,54,41,14,14,9,17,26,69,7,6,7,8,15,25,29,35,15,8,13,11,11,12,25,16,14,23,14,62,29,53,60,53,31,62,71,69,62,70,94,56,61,49,62,74,49,40,43,70,31,75,44,60,39,50,75,62,32,51,53,46,66,15,21,19,31,36,93,28,41,93,74,68,27,60,39,52,33,32,63,54,76,84,74,52,109,43,64,42,77,70,41,34,46,41,77,80,18,63,10,12,13,39,30,42,54,46,27,24,55,91,41,65,56,80,94,49,65,68,72,45,68,88,37,40,67,55,43,68,81,60,47,62,30,63,40,27,44,48,113,108,82,70,82,61,59,31,39,28,30,22,23,27,38,37,27,31,17,10,16,6,14,23,6,17,15,24,22,22,36,15,16,14,66,69,12,95,22,63,140,21,36,135,62,32,85,68,43,53,141,34,8,8,53,78,42,30,9,42,42,62,20,44,10,32,16,34,24,39,38,55,76,54,59,59,34,32,44,59,77,53,63,33,36,30,15,14,22,29,82,61,58,35,73,71,27,32,48,58,46,81,56,90,56,95,31,123,81,51,77,78,65,32,79,43,65,75,51,29,51,63,84,15,26,47,49,71,60,22,63,53,46,56,24,31,80,23,40,43,106,40,34,68,9,98,59,93,125,34,59,66,72,67,20,94,46,11,21,56,58,38,11,30,15,11,64,35,63,87,45,107,28,47,4,53,13,105,83,97,105,9,108,68,30,85,71,92,79,60,64,101,78,49,119,56,114,73,41,50,15,52,65,76,110,105,48,65,64,57,22,
20180815,7,CO,0.60,1.01,0.63,1.90,0.20,0.60,0.77,0.33,0.68,0.90,0.87,0.85,0.82,0.85,0.92,0.77,0.56,0.77,0.54,0.42,0.46,0.29,0.30,0.45,0.99,0.57,0.56,0.45,0.95,0.60,0.34,0.63,0.70,0.71,0.63,0.65,0.47,0.57,0.77,0.47,0.57,0.50,0.50,0.50,0.70,0.64,0.47,0.87,0.69,0.32,0.75,0.92,0.79,0.68,0.58,0.60,0.56,0.77,0.73,0.70,0.66,0.75,0.96,0.57,0.84,1.17,0.61,0.80,0.35,1.19,0.63,0.90,1.44,0.63,0.73,0.55,0.88,0.88,4.05,0.55,0.87,0.80,0.27,0.57,1.10,1.05,0.47,0.93,0.56,0.17,0.42,0.70,0.47,0.60,0.37,0.23,0.80,0.68,0.72,0.85,0.75,0.80,0.80,0.45,0.70,0.80,0.85,0.70,2.17,1.00,1.57,2.62,1.24,1.10,0.40,1.14,0.57,0.80,0.74,0.73,0.33,0.28,0.64,0.83,0.65,0.79,1.10,1.13,0.97,1.37,0.83,0.80,1.08,1.05,1.12,0.77,1.17,0.57,1.03,0.98,0.45,0.65,0.88,1.26,0.23,0.77,1.20,0.72,0.65,2.05,1.20,1.40,1.10,0.76,1.03,0.10,0.65,0.95,0.68,0.30,0.55,0.30,0.35,0.50,0.35,0.35,0.30,0.50,0.30,0.90,0.30,0.40,0.40,0.57,0.50,0.55,0.30,0.60,0.40,0.70,0.70,0.90,0.80,0.40,0.40,0.60,0.20,0.70,0.30,0.68,0.75,1.00,1.34,1.16,0.72,0.96,0.80,1.07,1.20,0.37,0.30,0.40,0.50,0.30,0.25,0.70,0.56,1.60,0.45,0.65,0.70,1.00,1.00,0.60,0.45,0.25,0.47,0.60,0.47,0.25,0.30,0.45,0.60,0.45,0.60,0.30,0.97,0.60,0.73,0.77,0.57,0.60,0.60,0.57,0.30,0.73,0.85,0.50,0.40,0.58,0.73,0.60,0.67,0.50,0.73,0.70,0.47,0.50,1.63,0.53,0.65,1.13,0.65,1.33,1.32,1.00,1.10,0.50,0.84,0.77,0.50,1.20,0.73,0.92,0.90,0.80,0.65,0.90,0.90,1.00,1.05,0.90,0.70,1.13,1.75,0.70,1.43,1.73,0.60,0.73,1.03,0.87,0.70,1.10,1.15,0.90,0.70,0.80,0.75,0.60,0.70,1.05,1.00,0.87,1.02,0.68,0.37,0.70,0.83,0.40,0.35,0.95,0.53,0.67,0.35,0.85,0.80,0.95,0.70,0.45,0.65,1.35,0.85,1.00,0.80,0.90,1.60,0.60,0.65,0.60,0.90,0.55,0.45,0.45,0.40,0.35,0.35,0.25,0.83,1.33,0.70,0.90,0.70,0.55,0.50,0.30,0.40,0.40,0.70,0.50,0.40,0.70,0.70,1.30,0.80,1.00,0.50,0.30,0.50,0.60,0.57,0.75,1.05,0.60,0.85,0.95,0.50,0.50,1.10,0.40,0.20,0.73,0.80,0.80,0.40,0.70,
20180815,7,CO_24h,0.72,1.06,0.59,1.98,0.27,0.53,0.62,0.50,0.57,1.07,0.33,0.80,0.75,0.88,0.90,0.95,0.56,0.67,0.53,0.39,0.33,0.26,0.30,0.50,0.87,0.70,0.49,0.43,0.73,0.63,0.32,0.57,0.55,0.65,0.56,0.55,0.50,0.50,0.77,0.37,0.57,0.47,0.43,0.43,0.70,0.60,0.43,0.83,0.64,0.34,0.80,0.89,0.66,0.66,0.56,0.57,0.61,0.67,0.80,0.68,0.64,0.77,0.97,0.55,0.93,0.87,0.61,0.72,0.35,1.16,0.85,1.17,0.78,0.60,0.68,0.47,0.78,0.84,1.35,0.52,0.80,0.73,0.33,0.60,0.60,0.65,0.70,1.02,0.44,0.13,0.20,0.50,0.30,0.13,0.30,0.33,0.76,0.65,0.62,0.75,0.70,0.77,0.80,0.75,0.80,0.75,0.93,0.70,1.43,0.87,1.27,1.46,1.22,0.98,0.53,0.96,0.58,0.97,0.72,0.70,0.38,0.34,0.58,0.80,0.57,0.71,1.06,1.10,0.87,1.07,0.93,0.87,0.96,0.90,0.96,0.65,1.03,0.57,0.93,1.12,0.45,0.68,0.86,1.52,0.67,0.70,0.85,0.68,0.53,1.20,1.13,1.30,1.15,0.79,0.87,0.15,0.40,0.60,0.76,0.33,0.45,0.60,0.30,0.30,0.20,0.35,0.30,0.45,0.30,0.75,0.30,0.35,0.30,0.53,0.50,0.55,0.30,0.50,0.40,0.67,0.65,0.80,0.85,0.40,0.40,0.60,0.30,0.70,0.25,0.53,0.82,0.60,0.94,1.16,0.77,1.52,0.80,1.17,0.87,0.53,0.30,0.50,0.35,0.27,0.20,0.65,0.54,0.50,0.53,0.70,0.77,0.90,0.65,0.70,0.50,0.30,0.53,0.50,0.53,0.63,0.45,0.50,0.40,0.55,0.50,0.30,0.58,0.58,0.63,0.63,0.50,0.60,0.40,0.57,0.40,0.63,0.75,0.60,0.37,0.55,0.77,0.63,0.67,0.60,0.72,0.68,0.60,0.48,1.63,0.55,0.60,1.13,0.65,1.03,0.88,0.85,1.13,0.60,0.76,0.80,0.57,0.98,0.57,0.90,0.90,0.75,0.55,0.85,0.83,0.80,1.10,0.68,0.55,1.00,1.63,0.63,1.30,1.77,0.55,0.88,1.03,0.80,0.67,1.15,1.05,0.95,0.70,0.95,0.75,0.53,0.57,0.82,0.83,0.70,0.85,0.65,0.43,0.70,0.75,0.45,0.35,1.07,0.72,0.67,0.50,0.95,0.90,0.90,0.70,0.45,0.60,1.10,0.85,0.90,0.80,0.67,0.85,0.60,0.70,0.60,0.95,0.50,0.60,0.40,0.45,0.35,0.35,0.25,0.70,1.27,0.70,0.65,0.95,0.40,0.50,0.30,0.40,0.40,0.75,0.35,0.60,0.70,0.70,1.30,0.70,0.90,0.40,0.40,0.40,0.60,0.33,0.80,0.85,0.70,1.00,0.55,0.30,0.60,1.00,0.50,0.30,0.70,0.80,0.80,0.50,0.50,
20180815,8,AQI,30,35,36,31,23,36,33,27,60,40,35,39,26,79,49,24,29,21,36,31,34,30,36,27,32,51,39,40,51,43,42,40,38,30,22,25,25,27,26,20,20,22,22,16,40,15,20,24,25,35,42,36,44,20,21,26,19,26,31,22,22,34,45,26,53,83,53,71,29,81,49,97,72,72,39,31,55,60,40,17,31,20,32,33,33,31,24,27,55,25,27,33,42,28,37,25,28,21,26,34,29,29,28,21,17,17,19,38,54,31,58,81,66,65,29,29,19,22,15,33,27,25,29,33,27,58,46,31,33,73,54,29,53,56,41,43,49,34,30,43,26,59,41,66,40,59,85,65,33,79,73,60,39,63,71,134,32,75,28,105,33,20,31,47,30,30,13,33,19,23,29,28,21,31,25,33,35,25,55,37,22,19,22,22,36,34,23,21,21,48,33,41,96,78,51,47,49,66,75,46,19,52,18,25,28,73,19,56,17,31,20,16,18,26,29,28,25,25,19,19,21,22,78,27,54,16,52,45,30,40,39,24,46,47,40,61,45,37,37,10,36,13,34,7,31,48,57,30,55,36,54,50,35,40,51,33,36,49,55,40,49,61,48,60,42,63,39,46,53,37,44,36,44,44,49,50,62,28,27,40,48,35,40,31,54,27,37,30,33,53,66,65,59,46,85,43,23,39,54,23,33,48,29,36,53,34,30,34,53,41,54,31,22,30,58,57,64,21,51,19,47,30,36,26,24,26,25,11,57,92,43,54,57,69,93,33,50,36,40,55,46,34,30,90,104,29,40,19,43,57,62,70,71,56,23,83,30,88,371,80,40,51,19,16,53,67,
20180815,8,PM2.5,18,17,19,19,8,20,12,10,16,17,15,27,11,54,14,15,13,13,10,12,12,10,14,19,20,26,15,19,20,19,19,13,19,11,8,11,8,14,9,7,7,11,11,4,17,5,13,11,17,8,25,22,22,13,11,11,13,18,20,15,14,20,21,7,37,61,35,52,11,49,19,44,42,24,22,18,23,25,26,6,11,10,15,23,18,22,2,14,27,8,12,21,13,13,14,6,18,15,16,20,15,8,17,12,12,9,8,16,31,22,21,54,48,34,14,11,9,9,7,15,10,11,18,17,11,24,32,22,23,53,38,19,30,40,29,30,20,19,21,29,11,40,18,47,25,42,63,47,18,58,46,39,19,45,50,41,6,55,9,28,13,2,11,33,14,8,9,11,11,6,15,8,6,11,10,12,14,10,19,16,8,13,12,15,12,14,8,8,8,29,20,28,72,25,34,33,24,48,43,24,13,29,11,16,17,40,13,28,10,22,11,11,4,13,6,15,5,17,10,11,15,9,30,9,23,11,24,19,21,19,17,8,24,21,28,28,26,17,22,5,16,9,24,4,16,21,34,14,29,21,32,26,14,23,31,20,20,25,37,28,33,42,33,43,24,33,27,22,18,23,24,19,31,17,15,30,24,14,17,27,22,14,28,22,32,18,22,16,17,24,48,47,40,30,63,20,16,23,23,9,23,29,14,25,13,11,16,23,37,8,20,13,8,19,41,28,46,7,12,12,8,19,14,15,5,16,9,7,32,49,25,30,25,41,43,14,35,8,20,39,32,24,21,58,43,15,28,13,12,28,14,39,34,20,13,29,14,46,43,42,18,26,2,2,33,19,
20180815,8,PM2.5_24h,17,9,24,18,8,25,21,19,15,16,13,26,19,40,12,13,14,10,11,10,12,9,12,18,19,18,11,16,16,16,16,13,19,13,10,8,9,10,11,8,7,14,11,6,23,7,10,15,12,10,27,19,18,15,11,10,19,16,22,18,15,24,31,8,45,49,37,46,11,44,24,31,28,16,19,18,21,28,14,10,9,10,12,15,9,10,10,15,20,7,8,14,12,10,12,11,27,13,17,23,16,13,16,25,23,14,13,32,33,20,23,35,66,35,16,7,8,8,8,9,13,13,13,14,12,24,29,26,25,36,37,40,25,21,21,21,21,24,16,35,8,41,48,39,41,49,43,43,20,56,42,33,21,46,46,34,12,29,13,33,13,11,11,20,11,16,12,14,10,8,16,9,8,10,9,11,11,11,16,14,10,13,11,13,14,11,10,7,9,25,26,20,34,32,35,52,28,44,35,25,15,34,18,18,7,37,13,11,10,16,13,8,4,9,16,16,6,16,15,21,19,17,14,13,20,9,25,24,20,21,17,8,16,20,24,21,15,17,15,9,17,15,20,7,15,24,33,18,30,30,30,27,15,22,28,21,33,38,31,19,26,32,27,33,19,26,21,17,13,18,25,20,20,16,24,27,21,16,23,39,23,22,33,40,30,21,28,28,17,17,41,27,34,23,38,33,18,26,24,11,19,36,41,31,15,37,15,28,34,9,26,13,8,17,37,35,43,9,16,11,8,11,16,10,9,23,9,7,29,38,27,29,20,34,63,43,34,14,21,29,29,29,18,45,27,14,20,15,8,27,20,19,23,21,9,17,17,66,45,50,27,25,5,7,18,12,
20180815,8,PM10,30,35,36,31,23,36,33,27,70,40,35,22,26,108,49,24,29,21,36,31,34,30,36,26,32,52,39,40,51,43,42,40,38,30,22,25,25,27,26,20,20,22,22,16,40,15,19,24,25,35,42,36,44,20,21,16,16,25,31,22,22,34,45,10,55,101,55,76,29,111,49,144,94,93,39,31,59,70,40,17,31,14,32,10,33,30,15,19,59,25,25,33,42,28,37,25,28,17,26,34,29,29,28,14,16,7,13,38,58,31,66,111,69,80,29,29,19,22,15,33,27,25,29,33,27,65,44,24,29,81,56,29,55,55,41,37,49,34,29,43,26,68,41,82,40,65,99,66,33,79,96,70,39,75,92,217,14,90,28,159,33,7,31,,30,30,12,33,19,23,29,28,21,31,25,33,35,25,60,37,22,16,22,22,36,34,23,21,21,48,33,41,132,105,52,47,49,67,100,46,18,53,16,25,28,96,18,61,17,24,20,16,18,26,29,28,11,25,19,19,18,22,105,27,58,16,54,45,28,40,39,24,46,47,,71,45,37,37,6,36,,29,4,31,48,63,30,60,36,58,50,35,40,51,33,36,49,60,38,49,72,48,62,42,75,36,46,55,37,44,36,39,44,49,50,74,28,27,40,48,35,40,27,57,27,37,30,33,56,75,64,68,46,105,43,21,39,58,23,30,48,29,24,55,17,30,34,46,41,57,31,22,30,49,64,75,21,51,19,47,30,36,26,10,26,11,11,64,133,43,57,64,87,135,13,50,7,40,59,39,33,24,130,157,29,33,19,43,63,74,90,91,61,16,116,30,125,477,109,40,52,19,5,55,83,
20180815,8,PM10_24h,27,18,38,28,16,45,31,41,45,29,23,28,36,75,38,21,30,21,27,31,30,30,36,32,35,43,33,33,36,37,40,33,44,30,22,23,25,27,26,22,23,23,25,17,46,16,18,32,23,42,51,36,34,26,20,14,31,30,40,32,26,41,56,15,77,80,67,79,32,88,51,70,61,60,36,31,53,62,21,16,18,18,22,36,18,18,21,26,44,24,24,25,25,37,26,30,41,23,26,39,30,33,28,37,34,25,30,39,60,35,57,65,97,65,30,16,17,18,13,20,27,23,22,34,30,57,50,42,51,57,61,65,50,44,35,33,43,36,32,54,21,72,71,66,72,69,83,66,36,83,92,58,52,81,94,231,64,59,39,140,22,17,32,33,28,31,29,34,24,41,34,25,27,28,30,29,34,28,45,32,28,26,21,24,32,30,25,10,19,42,49,35,68,87,50,78,50,63,69,52,19,65,27,25,21,75,20,26,23,25,21,12,10,19,29,30,18,32,32,37,30,37,51,37,39,14,44,43,35,41,37,20,37,46,20,51,33,33,34,19,32,27,37,19,32,48,57,36,53,54,54,53,36,42,45,37,58,59,51,34,43,57,42,59,35,55,31,38,29,32,48,38,35,39,48,49,58,29,36,64,35,36,48,64,56,44,53,50,38,39,70,50,56,49,71,58,27,44,64,15,27,54,75,48,60,58,41,42,52,26,60,33,17,25,48,63,67,23,33,20,34,25,51,24,29,52,15,11,52,100,50,56,47,56,266,115,50,93,41,59,41,37,23,75,58,26,28,27,36,116,59,41,57,64,16,52,37,198,403,200,138,46,17,7,41,45,
20180815,8,SO2,2,4,9,20,8,11,7,9,4,6,13,9,16,11,9,11,6,3,7,7,8,4,13,5,16,11,12,14,12,4,6,5,14,7,6,6,8,9,3,3,4,10,6,4,6,4,11,4,6,5,7,6,10,6,6,2,6,6,4,5,6,10,12,4,8,10,8,79,6,10,8,8,11,9,13,15,32,12,10,6,27,60,7,7,6,8,21,13,37,5,10,15,5,9,7,4,10,7,9,24,12,8,9,9,8,12,11,10,10,7,19,16,13,20,5,11,11,9,7,7,6,3,6,8,11,13,12,11,9,11,17,9,8,10,10,8,4,9,7,23,4,7,7,83,4,6,72,10,7,27,13,11,9,4,6,6,7,8,5,6,14,8,5,4,9,3,4,5,6,8,13,4,5,8,10,15,6,15,9,14,6,8,13,14,5,9,5,4,3,7,8,2,16,23,7,7,33,17,46,7,2,10,20,2,13,9,8,27,5,9,5,8,6,8,4,4,4,2,6,2,4,4,19,7,12,4,29,13,12,15,11,10,11,18,23,7,13,5,13,6,9,8,7,3,8,27,27,23,17,31,17,40,24,17,22,10,11,11,8,4,11,11,16,14,5,11,8,4,3,6,11,18,14,2,8,7,23,11,3,11,6,19,16,12,8,7,7,9,5,34,18,16,7,18,9,6,19,4,13,8,9,9,22,32,2,8,10,21,26,5,11,17,6,13,15,70,28,6,7,8,14,10,6,4,3,3,4,3,8,17,9,4,10,9,4,2,5,6,7,6,13,16,10,5,16,11,7,5,11,17,8,9,6,8,5,10,15,7,5,7,7,10,4,7,9,10,
20180815,8,SO2_24h,2,4,7,24,8,6,5,9,3,5,10,6,12,6,9,10,6,3,6,6,6,3,13,5,13,10,9,12,7,4,7,5,7,7,6,5,6,8,3,3,4,9,4,4,6,5,4,6,11,4,5,6,8,6,6,3,6,6,5,5,6,8,10,4,8,8,5,28,7,9,9,12,8,9,10,11,14,10,6,6,11,29,6,7,5,6,5,7,18,6,9,5,5,5,6,5,9,6,6,14,8,8,7,8,8,11,7,13,10,6,14,12,15,12,10,5,10,9,7,6,6,3,6,6,8,13,13,9,7,6,17,7,7,9,11,9,5,8,7,18,4,9,8,50,20,10,19,11,6,22,12,10,9,4,5,8,13,17,6,6,12,9,5,4,8,3,4,5,6,7,11,4,5,8,9,13,5,11,6,13,7,15,13,13,5,7,3,3,3,7,7,5,13,16,6,16,27,16,24,5,3,11,17,3,10,9,6,11,6,10,2,8,5,8,3,5,4,2,6,4,4,5,9,6,8,4,15,12,10,14,7,10,11,11,20,6,14,6,7,7,10,10,6,3,7,16,14,17,18,27,13,22,17,16,12,8,9,9,5,4,12,11,10,10,6,12,8,4,3,4,8,16,9,3,9,5,21,9,3,12,9,11,10,16,8,7,8,12,5,27,11,13,5,14,5,12,17,4,11,8,10,12,16,15,2,11,9,15,30,5,19,18,6,8,12,29,22,6,6,11,14,11,6,4,3,3,4,4,8,9,8,3,31,9,5,3,6,8,8,4,10,13,9,10,19,12,7,7,9,16,7,9,5,7,6,8,12,8,6,10,7,10,4,7,13,13,
20180815,8,NO2,27,29,29,39,11,20,24,12,33,24,28,19,19,46,37,24,7,28,21,16,20,19,12,10,29,15,19,26,19,7,8,11,19,14,18,23,9,11,11,12,8,12,16,14,19,18,39,16,24,9,29,24,20,34,26,10,27,24,25,28,21,25,40,9,40,58,19,52,24,56,32,30,35,47,30,23,42,34,29,13,22,22,27,27,8,19,11,14,25,5,16,20,22,16,16,11,21,16,15,10,13,11,14,13,20,13,19,18,25,13,25,38,17,32,21,25,11,15,19,22,9,17,25,11,11,19,34,19,11,33,19,14,37,21,11,12,30,14,11,18,7,38,14,34,24,27,44,33,18,26,47,28,23,33,29,6,20,35,16,11,14,14,15,7,15,8,13,11,11,8,23,8,13,14,15,22,11,25,23,19,8,13,12,10,18,19,8,10,12,15,13,38,44,49,35,14,31,27,47,6,11,26,23,7,18,8,18,26,21,12,18,32,19,13,9,5,17,21,10,6,11,9,49,6,15,7,35,19,30,17,18,9,26,19,35,35,17,15,15,12,16,8,19,11,5,15,27,12,23,9,19,13,10,23,33,12,16,12,17,12,11,34,30,26,14,15,2,20,22,12,16,27,17,19,22,16,19,16,16,16,21,22,22,18,24,13,24,12,8,30,40,39,29,45,34,44,12,22,39,3,19,17,40,13,19,12,23,21,11,10,18,18,19,13,27,31,35,11,35,9,10,20,15,10,4,4,6,6,24,63,13,15,11,28,13,4,32,9,10,39,17,10,20,34,10,8,50,9,24,8,22,10,32,23,46,50,17,16,4,23,18,34,9,,41,38,
20180815,8,NO2_24h,26,20,16,39,16,21,18,14,23,27,18,21,17,33,30,29,7,23,22,17,18,20,10,9,22,22,20,26,20,11,9,8,15,14,15,13,9,10,11,8,5,17,18,12,24,15,20,19,18,4,25,27,15,26,18,18,24,19,28,22,12,19,33,12,43,46,18,43,17,51,34,25,26,36,23,17,33,29,29,10,18,17,17,21,9,16,9,12,19,4,9,17,10,7,7,12,17,9,11,11,15,7,15,18,19,8,13,19,21,17,18,19,24,27,19,19,16,20,16,21,11,14,18,13,11,18,20,21,11,20,18,15,25,12,11,9,22,12,14,21,9,30,24,35,29,23,32,32,16,30,30,23,26,29,33,4,14,25,16,13,10,11,6,5,14,6,8,11,8,5,13,5,12,16,18,22,15,23,20,22,9,16,14,5,19,14,12,8,9,12,16,22,15,34,23,12,30,32,21,7,11,20,13,7,9,7,15,16,20,12,17,16,13,17,10,9,13,21,9,13,9,12,28,8,18,7,27,18,18,18,13,11,20,17,28,24,13,15,16,11,15,9,22,10,6,11,16,10,16,10,13,13,8,21,24,12,17,14,14,13,13,27,14,22,15,12,2,9,12,10,14,16,9,15,16,19,15,12,9,21,16,19,16,19,18,11,17,16,10,27,32,26,28,34,30,29,13,24,28,5,15,14,27,13,13,22,23,20,12,9,15,11,18,12,22,17,24,10,26,9,12,12,13,8,3,4,6,6,15,46,13,19,13,19,13,4,30,9,8,27,11,7,14,26,7,6,13,10,12,8,18,11,20,28,25,38,12,19,12,24,13,27,7,30,25,27,
20180815,8,O3,41,22,30,25,29,27,38,59,11,43,21,21,35,14,38,17,43,21,48,22,13,14,17,13,48,12,13,15,13,20,18,25,17,17,17,9,16,17,13,17,13,22,23,9,15,23,30,39,59,15,34,52,49,40,52,84,47,47,46,45,54,45,13,82,61,9,53,21,39,22,54,67,28,17,35,35,30,63,11,10,14,25,17,67,31,23,78,86,53,21,86,26,34,12,21,73,32,62,47,39,48,76,46,68,45,53,61,51,17,26,34,23,77,21,58,10,12,10,31,31,35,44,61,18,17,39,52,29,42,27,58,77,25,60,63,71,16,68,60,40,33,30,120,19,115,53,26,44,28,43,30,35,21,26,49,102,102,55,56,85,76,63,17,27,15,19,42,19,27,61,29,20,27,19,18,11,12,16,27,11,20,26,30,28,18,27,16,8,8,56,53,9,20,25,32,92,22,17,39,54,19,35,56,44,40,130,45,7,13,65,65,33,8,10,53,46,79,32,30,29,34,18,26,24,34,37,18,24,49,24,37,30,14,35,64,45,33,26,28,33,12,17,22,23,23,53,35,33,25,52,49,38,23,31,29,28,60,50,75,39,61,39,35,59,59,64,62,36,26,70,20,42,52,28,28,50,60,70,13,37,36,36,36,43,16,49,17,50,44,12,29,28,5,9,33,52,24,21,25,6,50,33,75,74,15,110,67,57,57,9,85,14,6,18,9,21,15,5,21,9,9,41,22,35,76,29,81,21,13,14,16,15,91,26,90,107,14,114,54,27,36,64,47,61,52,61,20,48,22,118,73,83,27,43,20,7,20,73,121,99,71,27,53,51,9,5,
20180815,8,O3_24h,95,54,144,33,81,133,109,170,76,48,82,75,136,159,134,33,64,87,73,43,114,59,57,83,129,155,75,107,130,111,127,63,135,104,38,47,84,100,62,40,30,85,98,53,157,77,78,120,94,46,149,124,122,97,87,103,118,121,143,98,88,133,166,89,242,207,143,154,106,248,174,165,141,115,145,122,175,161,46,44,43,55,77,126,81,100,116,102,144,52,86,120,92,55,41,87,119,110,129,112,92,122,93,95,112,114,103,99,141,124,132,157,241,167,81,42,45,29,55,99,77,54,87,129,136,145,169,141,123,154,169,187,138,103,118,106,122,108,132,109,55,228,194,164,183,197,251,151,167,143,254,185,139,170,186,114,122,161,102,107,80,90,42,51,40,36,57,41,43,61,44,34,47,67,57,64,69,58,110,94,121,110,126,45,106,97,48,53,21,153,127,79,189,156,168,252,177,154,162,86,77,166,131,62,106,186,52,36,38,84,78,107,39,85,76,90,100,56,61,85,70,51,84,69,66,88,133,148,118,104,152,52,118,115,133,143,101,160,108,92,82,99,76,46,70,126,138,124,129,158,128,129,104,133,132,112,137,116,156,112,129,173,171,128,132,106,112,124,97,121,127,125,81,91,117,78,104,98,95,114,100,99,141,134,93,123,103,179,128,155,176,215,133,190,168,200,131,130,192,65,121,132,144,168,128,160,156,124,142,88,153,84,59,70,140,165,133,70,106,60,59,65,84,99,89,63,137,62,159,153,171,142,113,162,121,130,139,121,117,107,127,106,122,154,96,95,120,139,105,141,181,142,114,69,86,123,100,124,142,140,122,137,94,72,118,121,
20180815,8,O3_8h,12,22,26,17,46,28,28,62,6,18,28,13,31,21,28,9,45,33,38,15,9,9,16,18,63,6,6,8,8,14,16,22,20,12,8,10,10,9,9,20,13,12,16,11,31,27,41,43,48,24,46,55,54,53,62,91,51,58,48,56,66,48,25,48,63,15,65,26,53,21,50,73,32,18,42,44,32,53,10,14,16,30,30,74,23,28,91,76,55,25,63,28,30,19,28,65,36,72,71,54,45,89,42,65,42,72,68,42,22,31,31,44,79,14,61,10,9,11,38,24,30,49,35,16,13,34,71,26,55,41,62,85,35,64,61,64,30,67,66,35,37,51,57,31,74,74,36,45,40,28,41,38,20,37,39,108,101,69,63,82,63,60,25,33,16,23,27,22,25,41,33,24,30,15,9,13,7,12,22,6,16,17,23,22,16,32,12,8,11,57,58,12,60,21,41,116,14,12,95,50,21,54,58,41,42,130,33,6,8,54,55,40,15,8,38,40,65,16,34,13,31,16,26,22,24,30,28,45,54,35,47,28,12,36,59,51,36,42,27,33,15,14,12,22,19,66,44,41,25,61,54,28,20,33,36,35,64,50,76,44,68,18,72,64,50,68,64,48,28,68,28,52,62,44,26,48,61,66,13,27,42,40,53,50,20,56,26,47,46,16,26,60,17,17,29,78,31,29,50,7,85,46,90,95,21,65,65,66,61,14,74,30,6,17,19,36,24,7,25,11,8,53,27,48,84,39,93,26,24,5,30,11,97,40,90,102,8,108,60,23,62,66,61,73,59,60,78,58,40,119,37,99,44,41,37,15,31,66,81,79,95,38,55,54,42,8,
20180815,8,O3_8h_24h,12,27,36,21,52,47,35,66,6,25,44,18,48,35,43,10,47,54,42,15,14,9,17,26,69,7,6,8,8,15,25,29,35,15,8,13,11,11,12,25,16,14,23,14,62,29,53,60,53,31,62,71,69,62,70,94,56,61,49,62,74,49,40,48,71,31,75,44,60,39,51,75,62,32,51,53,46,66,15,21,19,31,36,93,28,41,93,76,68,27,63,39,52,33,32,65,54,76,84,74,52,109,43,65,42,77,70,42,34,46,41,77,80,18,63,10,12,14,39,31,42,54,46,27,24,55,91,41,65,56,80,94,49,65,68,72,45,68,88,38,40,67,59,43,74,81,60,48,62,31,63,40,27,44,48,113,108,82,70,83,63,60,31,39,28,30,27,23,27,41,37,27,31,17,10,16,7,14,23,6,17,17,24,22,22,36,15,16,14,66,69,12,95,23,63,140,21,36,135,62,32,85,68,43,53,141,34,8,8,54,78,42,30,9,42,42,65,20,44,13,32,16,34,24,39,38,55,76,55,59,59,34,32,44,59,77,53,63,33,36,30,15,14,22,29,82,61,58,35,73,71,28,32,48,58,46,81,56,90,56,95,31,123,81,51,77,78,65,32,79,43,65,75,51,29,51,63,84,15,27,48,49,71,60,22,63,53,47,56,24,31,80,23,40,43,106,40,34,68,9,98,59,93,125,34,65,66,72,67,20,94,46,11,21,56,58,38,11,30,15,11,64,35,63,87,45,107,28,47,5,53,14,105,83,97,105,9,108,68,30,85,71,92,79,60,64,101,78,49,119,56,114,73,41,50,15,52,66,81,110,105,48,65,64,57,22,
20180815,8,CO,0.53,1.02,0.73,1.67,0.28,0.60,0.72,0.30,0.73,0.70,0.87,0.75,0.82,1.00,1.07,0.78,0.54,0.78,0.52,0.44,0.44,0.27,0.30,0.45,1.03,0.60,0.54,0.47,0.90,0.57,0.36,0.63,0.65,0.71,0.60,0.70,0.47,0.57,0.77,0.47,0.57,0.43,0.50,0.53,0.68,0.70,0.50,0.81,0.51,0.35,0.86,0.89,0.81,0.70,0.63,0.60,0.63,0.80,0.93,0.78,0.70,0.80,0.98,0.63,0.89,1.27,0.64,0.90,0.38,1.25,0.63,0.83,1.42,0.65,0.82,0.57,0.92,0.88,3.70,0.60,0.93,1.05,0.37,0.60,1.00,1.10,0.90,1.00,0.80,0.20,0.38,0.80,0.40,0.67,0.40,0.30,0.80,0.73,0.70,0.80,0.80,0.80,0.90,0.55,0.80,0.90,0.93,0.75,2.03,1.00,1.75,2.48,1.26,1.17,0.40,1.78,0.53,0.92,0.72,0.75,0.38,0.30,0.60,0.87,0.68,0.90,1.19,1.10,0.97,1.30,0.90,0.83,1.08,1.05,1.12,0.80,1.23,0.57,1.00,1.10,0.45,0.80,0.74,1.48,0.30,0.80,1.30,0.80,0.65,1.55,1.20,1.70,1.05,0.81,1.07,0.10,0.50,0.85,0.74,0.33,0.70,0.45,0.35,0.30,0.30,0.35,0.40,0.50,0.35,1.00,0.30,0.40,0.40,0.57,0.50,0.65,0.30,0.55,0.40,0.67,0.65,0.80,0.80,0.40,0.45,0.70,0.30,0.80,0.40,0.63,0.80,0.80,2.54,1.26,0.75,1.02,0.75,1.03,1.30,0.37,0.35,0.50,0.50,0.30,0.35,0.65,0.64,1.80,0.50,0.72,0.63,1.00,1.45,0.65,0.45,0.25,0.50,0.50,0.47,0.25,0.35,0.53,0.50,0.45,0.55,0.30,1.03,0.58,0.87,1.32,0.63,0.60,0.70,0.87,0.40,0.70,0.85,0.50,0.40,0.57,0.83,0.67,0.70,0.70,0.80,0.80,0.53,0.45,1.70,0.57,0.60,1.05,0.65,1.20,1.42,1.02,1.07,0.47,0.86,0.87,0.47,0.98,0.80,0.97,0.90,0.80,0.65,0.95,0.97,0.90,1.15,0.92,0.75,1.13,1.80,0.80,1.48,1.73,0.50,0.90,1.13,1.00,0.80,1.20,1.15,1.00,0.80,0.75,0.75,0.67,0.70,1.07,1.20,0.97,1.15,0.78,0.40,0.80,1.02,0.40,0.40,1.02,1.00,0.77,0.45,0.80,1.10,0.95,0.70,0.50,0.60,1.40,1.00,0.95,0.85,1.23,1.75,0.65,0.80,0.80,0.95,0.80,0.60,0.45,0.40,0.35,0.35,0.25,0.83,1.53,0.70,0.65,0.70,0.60,0.50,0.30,0.45,0.40,0.70,0.50,0.50,0.70,0.80,2.20,0.80,1.20,0.60,0.30,0.50,0.60,0.43,0.75,1.10,0.60,1.05,1.05,0.40,0.60,1.00,0.40,0.30,0.80,0.80,0.80,0.65,0.70,
20180815,8,CO_24h,0.69,1.06,0.60,1.92,0.27,0.53,0.62,0.47,0.57,1.05,0.37,0.80,0.75,0.90,0.88,0.95,0.56,0.67,0.53,0.39,0.33,0.26,0.30,0.50,0.87,0.70,0.49,0.43,0.73,0.63,0.32,0.57,0.55,0.65,0.57,0.55,0.47,0.50,0.77,0.37,0.57,0.47,0.43,0.43,0.70,0.60,0.43,0.83,0.63,0.35,0.80,0.88,0.67,0.67,0.56,0.57,0.61,0.67,0.80,0.68,0.62,0.77,0.97,0.55,0.93,0.93,0.60,0.70,0.35,1.16,0.85,1.10,0.82,0.60,0.68,0.47,0.78,0.84,1.48,0.52,0.80,0.73,0.33,0.53,0.60,0.70,0.70,0.98,0.46,0.13,0.20,0.55,0.27,0.13,0.30,0.33,0.76,0.67,0.62,0.75,0.70,0.77,0.80,0.70,0.80,0.75,0.93,0.70,1.40,0.87,1.25,1.48,1.18,0.98,0.53,0.98,0.58,1.02,0.72,0.70,0.38,0.34,0.58,0.80,0.57,0.73,1.06,1.10,0.87,1.10,0.90,0.87,0.96,0.90,1.00,0.65,1.03,0.57,0.97,1.12,0.45,0.68,0.84,1.48,0.67,0.70,0.88,0.68,0.53,1.20,1.13,1.30,1.15,0.79,0.87,0.10,0.40,0.60,0.76,0.33,0.45,0.60,0.30,0.30,0.20,0.35,0.30,0.45,0.30,0.75,0.30,0.35,0.30,0.53,0.50,0.55,0.30,0.50,0.40,0.67,0.65,0.80,0.85,0.40,0.40,0.60,0.30,0.70,0.30,0.53,0.82,0.60,0.94,1.16,0.77,1.50,0.80,1.17,0.87,0.50,0.30,0.50,0.35,0.27,0.20,0.65,0.56,0.58,0.53,0.70,0.77,0.90,0.65,0.70,0.50,0.30,0.53,0.50,0.53,0.50,0.45,0.53,0.30,0.55,0.50,0.30,0.58,0.58,0.60,0.63,0.50,0.60,0.40,0.60,0.40,0.63,0.75,0.60,0.37,0.55,0.77,0.63,0.67,0.60,0.72,0.68,0.60,0.48,1.63,0.55,0.57,1.13,0.65,1.03,0.88,0.85,1.13,0.58,0.76,0.80,0.53,0.98,0.57,0.90,0.90,0.75,0.55,0.85,0.83,0.80,1.10,0.68,0.55,1.00,1.63,0.63,1.27,1.77,0.55,0.88,1.03,0.80,0.70,1.15,1.05,0.95,0.70,0.90,0.75,0.53,0.57,0.85,0.83,0.70,0.85,0.65,0.43,0.70,0.75,0.45,0.35,1.10,0.72,0.70,0.45,0.90,0.90,0.90,0.70,0.45,0.55,1.10,0.85,0.90,0.80,0.67,0.85,0.60,0.70,0.70,0.95,0.50,0.60,0.40,0.45,0.35,0.35,0.25,0.70,1.27,0.70,0.65,0.90,0.40,0.50,0.30,0.40,0.40,0.75,0.35,0.60,0.70,0.70,1.30,0.80,1.00,0.40,0.40,0.40,0.60,0.37,0.80,0.85,0.70,0.95,0.60,0.40,0.60,1.00,0.50,0.30,0.70,0.80,0.80,0.50,0.50,
20180815,9,AQI,28,35,38,28,21,34,35,30,54,40,32,33,28,81,46,20,28,24,33,29,37,33,31,37,40,51,38,41,45,44,44,43,33,29,22,20,26,25,24,19,17,19,23,20,37,18,23,25,19,37,44,35,47,26,22,28,21,24,32,23,21,34,51,25,51,86,64,71,39,78,48,82,72,83,41,35,58,59,44,16,39,18,34,49,29,34,16,23,58,28,28,35,38,36,30,26,25,30,27,41,31,28,32,23,26,20,22,71,58,30,61,88,74,64,31,29,23,23,12,47,35,24,29,31,25,55,51,32,34,68,53,39,57,53,45,47,53,35,23,47,31,59,37,59,34,65,93,66,36,63,79,64,45,67,72,102,26,66,36,89,31,16,33,31,30,31,19,35,21,24,26,26,26,28,29,34,35,30,,38,26,22,20,26,35,34,27,21,31,45,34,44,118,81,51,56,51,64,80,51,25,59,24,23,35,75,21,57,17,30,22,20,22,31,29,24,25,47,16,17,17,18,76,28,47,23,51,38,51,40,41,34,44,54,30,59,52,48,40,9,19,13,27,17,38,52,55,26,56,39,54,45,35,37,48,32,41,45,52,43,41,60,55,59,42,66,44,53,63,41,51,43,51,45,44,51,63,28,33,46,40,39,51,40,53,30,43,39,21,55,70,54,55,49,74,49,23,39,66,28,41,40,33,34,45,37,32,35,46,47,33,40,32,37,64,66,73,37,56,33,45,56,41,45,23,34,31,11,61,76,47,57,65,63,108,32,47,33,45,60,44,41,27,90,96,43,53,26,52,54,70,77,61,63,33,88,35,99,279,93,55,55,32,16,66,67,
20180815,9,PM2.5,15,19,19,16,8,16,11,10,12,19,12,23,8,58,13,12,13,12,11,12,14,10,14,22,25,25,13,21,19,19,18,15,19,12,9,8,9,15,10,9,7,12,11,4,14,6,16,10,13,12,24,22,24,15,12,11,13,17,20,16,15,21,23,6,32,64,46,52,15,54,22,37,47,31,21,20,26,25,25,7,13,12,18,34,14,23,10,13,28,9,11,22,12,12,14,4,17,16,18,23,16,8,16,12,13,13,11,16,35,17,20,61,54,38,14,12,9,9,8,32,7,11,17,17,11,22,35,21,19,49,34,25,30,36,31,33,26,23,16,29,12,38,12,41,17,47,69,48,18,45,58,42,25,47,52,29,11,48,12,36,15,4,8,17,15,6,13,15,4,7,18,12,6,11,12,12,14,11,,22,8,13,11,14,15,14,9,9,8,27,17,31,89,23,34,32,26,46,47,20,13,27,12,12,17,37,11,31,9,19,11,11,11,15,10,14,5,18,9,10,12,6,24,10,23,15,23,18,36,21,16,16,22,28,21,25,25,23,20,5,13,9,14,4,15,25,30,14,34,20,30,24,15,20,29,19,19,20,30,30,29,36,38,39,22,36,31,29,21,26,33,21,29,17,17,33,27,17,22,27,23,17,30,22,34,19,23,18,15,22,51,33,35,30,52,26,16,23,30,11,29,28,20,24,10,10,13,23,28,7,14,21,10,21,46,32,53,7,14,12,8,40,16,21,6,21,11,7,35,39,26,31,26,40,54,15,31,9,20,38,31,29,19,46,43,20,37,8,15,18,19,42,27,19,16,32,17,46,16,54,21,29,6,1,35,20,
20180815,9,PM2.5_24h,16,9,23,18,7,25,20,19,15,16,13,25,18,40,12,13,14,10,11,10,12,9,12,19,19,18,12,16,17,17,16,14,19,13,10,9,9,11,11,8,7,13,12,6,23,6,11,15,12,10,27,19,18,15,11,10,18,16,22,18,15,24,31,8,44,50,37,47,11,45,24,31,28,17,19,18,21,27,15,9,9,10,12,16,9,11,11,14,20,7,8,14,12,9,12,11,26,14,18,23,15,13,16,24,22,15,13,32,33,20,23,35,65,35,16,7,8,8,8,10,12,13,14,14,12,24,28,25,24,37,37,39,25,22,22,21,21,23,17,34,8,41,47,40,41,49,45,43,20,54,43,33,21,47,47,35,11,30,13,34,14,10,11,12,11,16,12,15,9,8,16,9,8,10,9,11,11,11,,15,10,13,11,13,14,11,10,7,8,25,25,20,36,31,34,52,28,44,35,25,15,34,18,17,8,38,13,13,10,16,13,9,4,9,16,16,7,16,14,20,19,17,13,13,21,10,25,25,21,21,17,7,16,21,24,22,15,17,15,8,17,14,20,6,15,24,33,17,30,29,31,26,14,22,28,21,32,37,31,20,27,33,27,33,20,27,22,18,14,18,26,20,21,16,24,27,21,16,23,39,22,21,32,38,30,21,28,27,17,17,41,27,34,26,38,32,18,26,24,11,19,36,39,30,14,35,15,27,33,9,26,13,8,17,38,35,40,8,16,11,8,12,16,11,9,20,9,7,30,38,27,29,20,35,64,37,34,14,21,29,29,28,18,45,28,15,21,15,8,27,21,20,23,21,10,18,17,67,45,50,28,26,5,7,19,13,
20180815,9,PM10,28,35,38,28,21,34,35,30,57,40,32,20,28,112,46,20,28,24,33,29,37,33,31,37,40,51,38,41,45,44,44,43,33,29,22,20,26,25,24,19,17,19,23,20,37,18,22,25,18,37,44,35,47,26,22,17,21,19,32,21,17,34,52,16,51,106,66,70,39,106,48,114,94,115,41,35,66,67,44,16,39,18,34,35,29,34,16,19,65,28,25,35,38,36,30,17,25,30,27,41,31,19,32,18,26,6,20,91,66,30,71,126,76,77,31,29,23,23,12,47,35,24,29,31,25,60,52,32,34,73,55,39,64,56,45,40,56,35,23,47,31,68,27,68,24,70,95,78,36,69,105,78,45,84,94,153,20,76,36,127,31,16,33,31,30,31,13,35,21,24,26,26,26,28,29,34,35,30,,38,26,22,20,26,35,34,27,21,31,45,34,43,148,111,52,61,51,62,110,52,25,68,24,23,35,100,15,63,17,30,17,18,22,31,29,24,15,47,16,17,14,18,101,28,47,23,51,38,46,40,41,34,44,58,,67,54,48,40,6,17,12,27,17,38,53,60,26,61,39,57,45,35,37,48,32,41,45,53,40,39,70,60,68,42,81,36,55,75,41,51,43,51,45,44,51,76,26,33,46,40,39,51,40,55,30,43,39,21,60,84,58,60,49,97,49,21,39,82,28,37,38,33,25,45,16,32,35,46,47,29,40,32,37,51,82,88,37,61,33,45,42,41,45,16,34,31,11,72,102,47,64,79,76,166,19,47,6,45,69,43,38,26,130,142,43,49,26,53,57,90,104,71,76,33,126,35,148,405,135,59,59,32,,82,83,
20180815,9,PM10_24h,27,19,38,28,16,44,31,40,45,29,23,26,35,76,38,21,30,21,27,31,30,29,37,32,36,44,34,34,37,37,40,34,43,30,22,23,25,27,26,22,22,23,25,17,45,16,18,32,23,41,51,36,35,25,21,14,31,31,41,32,26,40,56,15,75,82,65,79,33,89,49,72,62,63,37,31,53,61,23,16,19,17,23,37,18,19,21,25,45,24,23,26,25,36,26,30,40,24,27,39,30,33,28,35,33,25,29,40,60,35,55,66,96,65,29,17,17,18,13,21,27,23,23,34,31,58,49,42,50,58,60,63,50,44,36,32,42,35,32,52,21,71,70,66,71,69,84,66,36,80,93,58,51,82,95,231,58,60,39,143,23,17,31,35,28,31,28,33,24,41,34,25,27,27,30,29,34,29,,32,28,27,21,24,32,30,25,11,19,42,47,35,71,87,50,77,50,62,68,53,19,65,26,25,22,77,20,28,24,25,20,12,10,19,29,29,18,33,32,32,30,36,52,36,40,15,44,44,37,40,37,19,37,46,20,52,34,33,34,19,31,26,36,19,32,49,58,34,53,53,54,53,36,42,45,36,57,58,51,35,43,59,43,60,35,56,31,39,31,32,48,38,35,39,48,48,58,29,36,62,36,37,47,61,57,42,53,48,37,39,71,50,57,52,72,56,28,44,65,15,28,53,72,45,59,56,41,41,52,27,58,34,18,26,49,64,63,23,35,21,34,25,49,24,29,47,16,11,52,100,49,57,46,57,270,113,50,84,40,58,41,36,23,78,62,27,29,28,38,114,60,43,58,63,17,56,38,202,397,201,140,48,18,7,43,46,
20180815,9,SO2,2,5,9,20,8,12,7,10,4,4,12,10,13,10,9,10,6,3,7,7,7,4,13,4,24,10,11,13,10,5,7,5,8,7,6,6,6,8,3,3,4,8,4,5,7,5,10,4,5,6,6,6,10,6,6,3,6,6,4,4,5,11,13,4,9,11,9,42,7,11,7,8,11,10,12,14,35,12,11,7,31,49,7,12,4,9,10,10,35,5,12,9,5,11,6,3,10,7,10,24,8,8,10,8,7,12,11,9,10,7,20,18,23,23,5,13,11,10,6,13,6,3,6,7,9,12,14,11,8,11,15,9,8,10,9,9,4,8,7,24,6,8,7,64,5,8,58,8,7,24,13,11,10,5,5,6,10,7,5,6,13,9,5,3,8,3,5,5,6,9,14,4,5,8,12,15,7,13,,14,6,8,12,12,5,6,4,4,4,7,8,4,14,20,6,8,41,16,60,8,1,28,16,4,16,9,8,24,6,11,3,5,7,9,3,4,4,2,6,1,4,5,19,16,9,5,14,12,21,13,9,9,9,17,21,8,14,11,10,6,10,6,7,3,7,26,29,20,19,36,15,19,12,18,22,9,10,10,7,4,11,12,11,11,6,10,9,4,4,5,10,15,14,2,9,6,18,9,3,11,8,14,17,11,9,9,8,10,5,42,15,9,7,21,11,8,25,4,14,9,4,10,21,40,2,9,14,18,10,7,8,17,7,11,15,133,37,6,10,12,15,11,7,4,3,3,4,4,14,12,8,5,10,10,5,2,4,6,8,6,10,15,10,7,11,11,8,7,11,20,8,9,6,7,5,10,14,7,5,7,7,11,,7,9,9,
20180815,9,SO2_24h,2,5,7,24,8,6,5,9,3,5,10,7,12,6,9,10,6,3,6,6,6,4,12,5,13,10,9,12,8,5,7,5,7,7,6,5,6,8,3,3,4,9,4,4,6,5,5,5,10,5,5,6,8,6,6,3,6,6,5,5,6,8,11,4,8,8,5,28,7,9,8,12,8,9,10,11,15,10,6,6,13,30,6,7,5,7,5,8,19,6,9,5,5,5,6,5,9,6,6,14,8,8,7,8,8,11,8,11,9,6,14,11,16,12,10,6,10,9,7,6,6,3,6,6,8,12,13,9,7,6,16,7,7,9,11,9,4,8,7,18,4,9,8,44,20,10,21,12,6,22,12,10,10,4,5,7,13,17,6,6,12,9,5,3,8,3,4,5,6,7,11,4,5,8,9,14,5,11,,13,7,15,13,13,5,7,3,3,3,7,7,5,13,17,6,15,28,16,23,5,3,11,17,3,10,9,6,12,6,10,2,8,5,8,3,5,4,2,6,2,4,5,9,7,8,4,15,12,11,13,7,10,11,11,20,6,14,6,8,7,10,9,6,3,7,16,14,16,17,27,13,21,16,16,13,9,9,9,5,4,12,11,10,10,6,12,8,4,3,4,8,16,9,3,9,5,21,9,3,11,9,12,10,16,8,7,8,12,5,28,11,13,5,16,4,12,18,4,11,8,9,12,16,13,1,10,8,15,27,5,17,18,6,8,12,33,22,6,6,11,14,11,6,4,3,3,4,4,8,9,8,3,22,9,5,3,6,8,8,4,10,13,9,10,19,12,7,7,9,16,7,9,5,7,6,9,12,8,6,10,7,10,4,7,13,13,
20180815,9,NO2,19,23,23,31,14,19,23,14,29,20,26,20,12,41,30,23,7,22,19,14,17,18,10,8,33,16,19,25,16,9,6,9,17,14,15,17,8,10,10,9,5,10,13,12,21,16,42,14,19,9,24,23,21,37,24,10,27,20,27,29,20,25,37,10,41,64,21,47,24,52,30,35,35,46,27,22,39,26,33,12,22,23,33,29,5,17,15,13,21,4,17,19,12,17,13,9,17,16,15,9,14,10,13,12,22,10,18,15,25,12,19,42,25,31,20,26,10,17,18,24,9,19,15,10,10,16,32,21,8,31,12,13,36,13,12,12,33,12,13,18,8,33,20,32,28,12,37,24,19,25,34,36,28,33,27,9,42,30,18,17,13,18,13,6,14,11,12,12,15,8,21,5,13,13,16,17,11,19,,17,7,13,10,7,17,18,8,10,13,12,11,34,42,35,31,10,28,25,51,5,10,37,14,5,15,8,13,26,14,13,14,17,17,17,6,6,18,15,9,5,15,11,55,9,11,7,28,16,24,16,14,11,24,19,33,28,12,21,14,17,13,7,17,13,4,11,27,10,26,8,18,9,6,20,26,12,14,10,15,11,10,26,36,21,13,14,2,14,29,8,21,27,14,14,18,16,15,13,18,14,21,18,20,13,21,10,23,17,9,38,39,18,29,53,42,39,9,21,46,5,27,17,32,13,23,11,20,27,12,16,17,20,19,11,25,31,37,14,38,9,11,22,16,12,4,6,22,7,23,47,14,21,18,26,28,8,32,14,13,35,19,9,15,43,8,9,40,13,20,9,18,10,20,19,47,43,13,29,5,31,24,46,,,48,39,
20180815,9,NO2_24h,25,20,16,38,16,21,18,13,23,27,18,21,17,33,30,28,7,23,22,17,18,20,10,9,23,22,20,27,20,11,9,8,15,14,15,13,9,10,11,8,5,17,18,12,23,15,21,19,17,4,25,27,15,26,18,17,24,19,28,22,13,19,34,12,43,46,17,44,17,51,33,26,27,36,23,17,33,29,29,11,17,17,17,21,9,16,9,11,20,4,9,17,10,8,7,11,17,9,11,11,15,7,14,17,19,8,13,17,22,16,18,19,23,28,19,20,16,20,16,21,10,14,18,12,11,17,20,21,11,21,18,15,25,12,11,9,22,12,14,21,9,31,23,33,29,22,31,32,16,30,31,22,26,28,33,4,16,25,17,13,10,11,7,4,14,6,8,11,9,5,14,5,13,16,18,22,15,23,,22,9,16,14,6,18,14,12,8,9,12,15,22,16,35,24,11,30,32,21,7,11,21,14,6,9,7,15,17,20,12,17,16,13,17,10,8,14,20,9,12,9,12,29,7,18,7,28,18,19,17,13,11,21,17,29,24,13,15,16,11,14,9,22,10,6,11,16,10,16,10,13,13,8,21,24,12,16,14,14,13,12,27,15,22,15,12,2,9,13,10,14,16,9,16,16,19,15,12,10,20,16,19,15,18,18,11,17,15,10,28,32,25,28,34,29,29,13,24,28,5,16,14,26,12,13,22,23,19,12,10,15,10,18,12,22,18,25,10,26,9,12,12,14,8,3,4,6,6,15,46,13,19,11,19,13,4,30,9,8,27,11,7,14,26,7,6,13,10,13,8,19,11,21,28,26,38,12,20,11,23,13,28,7,30,25,27,
20180815,9,O3,62,38,52,39,33,42,58,64,34,61,31,34,57,34,55,22,46,32,61,27,21,22,24,17,47,18,19,24,21,24,24,30,31,26,23,15,24,30,22,24,19,34,36,19,21,30,32,51,52,16,44,66,61,39,59,90,47,61,47,54,56,45,17,79,65,17,61,36,43,37,64,61,40,19,48,42,46,83,12,12,18,23,12,63,49,36,44,73,73,24,91,39,64,14,23,82,48,63,49,49,67,91,54,75,48,65,70,57,21,35,54,45,82,50,60,11,19,11,32,38,44,37,81,27,25,59,63,33,52,36,70,83,43,77,69,76,14,71,50,43,32,45,119,30,109,113,43,50,36,54,61,39,26,30,69,96,82,74,57,76,83,41,20,25,17,17,59,20,61,77,28,23,29,25,21,15,17,24,,16,28,33,38,32,24,36,25,20,8,75,70,10,39,49,53,110,45,31,55,74,26,27,77,57,56,132,66,6,24,69,71,65,11,12,68,55,81,45,33,33,32,20,38,25,47,44,24,36,52,32,48,36,24,43,69,61,55,31,35,29,24,26,34,23,35,71,43,47,27,66,56,55,40,42,43,32,67,63,88,47,67,64,34,85,71,70,83,61,40,81,24,46,62,50,38,52,69,88,14,48,36,40,51,61,28,57,27,48,49,26,52,73,13,13,54,56,28,31,36,5,51,44,84,87,16,118,75,55,67,11,107,32,12,28,15,34,17,8,15,12,9,42,22,36,72,28,53,23,28,56,23,13,81,43,65,101,19,106,55,42,41,67,61,49,53,79,52,55,28,116,81,89,50,45,26,7,49,58,117,80,59,17,,50,11,5,
20180815,9,O3_24h,96,58,144,39,81,133,109,170,76,61,82,75,136,159,134,32,64,86,74,43,114,59,57,83,129,155,75,107,130,111,127,63,135,104,38,47,84,100,62,40,30,85,98,53,157,77,78,120,96,46,149,124,122,97,87,103,118,121,143,98,88,133,165,89,242,207,143,154,106,248,174,165,141,115,145,122,175,161,46,44,44,55,77,126,81,100,116,102,144,52,91,120,92,55,41,87,119,110,129,112,92,122,93,95,112,114,103,99,141,124,132,157,241,167,81,42,45,28,55,99,77,54,91,129,136,145,169,141,123,154,169,187,138,103,118,106,122,108,132,109,55,228,194,164,183,197,251,151,167,143,254,185,139,170,186,114,122,161,102,107,83,90,42,48,40,36,63,41,61,77,44,34,47,67,57,64,69,58,,94,121,110,126,45,106,97,48,53,21,153,127,79,189,156,168,252,177,154,162,86,77,166,131,62,106,186,66,36,38,84,78,106,39,85,76,90,100,56,61,85,70,51,84,69,66,88,133,148,118,104,152,52,118,115,133,143,101,160,108,92,82,99,76,46,70,126,138,124,129,158,128,129,104,133,132,112,137,116,156,112,129,173,171,128,132,106,112,124,97,121,127,125,81,91,117,78,104,98,95,114,100,99,141,134,93,123,103,179,128,155,176,215,133,185,164,200,131,130,192,65,121,132,144,168,128,160,156,124,142,88,153,84,59,70,140,165,133,70,106,60,59,65,84,99,89,63,137,62,159,153,171,142,113,162,121,130,139,121,117,107,127,106,122,154,96,95,120,139,105,141,181,142,114,69,86,123,100,124,142,140,122,137,94,72,118,121,
20180815,9,O3_8h,20,24,29,20,44,27,31,63,10,23,26,15,33,21,29,11,46,31,40,17,10,10,17,17,62,7,8,10,10,16,16,23,19,13,10,11,12,11,10,20,13,14,18,11,26,27,39,42,51,23,44,55,53,51,61,91,51,60,48,56,64,49,23,53,64,13,64,25,51,21,54,73,30,17,43,44,33,56,10,13,17,31,27,66,26,27,89,77,55,25,68,28,32,16,27,69,35,71,67,51,47,88,43,69,43,71,70,47,21,29,32,40,82,19,61,10,10,10,38,26,30,47,40,16,13,35,69,25,54,39,61,83,36,66,61,64,26,68,61,37,36,48,66,29,79,80,34,46,36,31,42,39,19,36,44,106,98,70,64,89,66,59,24,30,14,22,32,22,29,46,33,23,30,17,10,13,8,13,,7,18,19,24,24,16,32,13,8,10,58,57,12,53,27,40,112,18,11,86,52,20,47,59,43,44,128,37,6,10,58,54,47,13,9,41,41,71,21,33,16,33,18,28,22,25,31,24,40,56,31,45,29,12,36,61,49,37,38,27,32,14,16,14,22,20,65,42,39,24,60,52,32,21,32,34,33,62,51,75,43,64,23,61,65,54,67,64,48,29,68,26,50,61,46,27,48,63,66,13,31,41,40,51,50,21,56,24,49,44,17,30,60,17,13,29,72,30,28,46,7,80,44,91,90,19,77,71,65,61,13,75,28,5,18,14,33,21,6,23,11,8,50,26,44,83,39,87,26,22,12,26,12,94,35,86,102,9,109,58,24,57,66,58,70,58,62,73,55,37,118,40,96,41,45,35,14,31,72,89,75,89,35,54,52,37,6,
20180815,9,O3_8h_24h,20,28,36,22,52,47,35,68,10,25,44,18,48,36,43,11,47,54,43,17,15,10,17,26,69,8,8,10,10,16,25,29,35,15,10,14,12,12,12,25,16,15,23,14,62,29,53,60,55,31,62,71,69,62,70,94,57,62,50,62,74,50,40,53,73,31,75,44,60,39,55,76,62,32,51,53,46,67,15,21,20,31,36,82,29,41,93,77,69,27,68,39,52,33,32,69,54,76,84,74,52,109,44,69,43,77,70,47,34,46,43,77,82,21,64,10,12,14,40,33,42,54,46,27,24,55,91,41,65,56,80,94,49,67,68,72,45,68,88,40,40,67,66,43,79,84,60,49,62,34,63,40,27,44,53,113,108,82,73,89,66,60,31,36,28,30,32,23,29,46,37,27,31,18,10,16,8,14,,7,18,19,25,24,22,36,15,16,14,66,69,12,95,27,63,140,23,36,135,62,32,85,68,44,53,141,37,8,10,58,78,47,30,9,42,42,71,22,44,16,33,18,34,24,39,38,55,76,56,59,59,34,32,44,61,77,53,63,33,36,30,16,17,22,29,82,61,58,35,73,71,32,32,48,58,47,81,56,90,56,95,32,123,81,54,77,78,65,33,79,43,65,75,51,30,52,64,84,15,31,48,49,71,60,22,63,53,49,56,24,33,80,23,31,37,106,40,35,68,9,98,59,93,125,34,77,71,74,67,20,94,46,11,21,56,58,38,11,30,15,11,64,35,63,87,45,107,28,47,12,53,15,105,83,97,105,9,109,68,30,85,71,92,79,60,64,101,78,49,119,56,114,73,45,50,15,52,72,89,110,105,49,65,64,57,22,
20180815,9,CO,0.46,1.02,0.66,1.13,0.24,0.55,0.65,0.38,0.63,0.67,0.77,0.70,0.75,1.07,1.02,0.77,0.54,0.69,0.52,0.44,0.38,0.26,0.33,0.43,1.11,0.60,0.53,0.50,0.82,0.73,0.36,0.57,0.65,0.69,0.55,0.68,0.47,0.57,0.77,0.43,0.57,0.43,0.43,0.53,0.70,0.72,0.60,0.76,0.57,0.38,0.91,0.98,0.83,0.78,0.63,0.60,0.64,0.87,1.03,0.80,0.78,0.85,1.04,0.65,0.88,1.30,0.67,0.94,0.40,1.32,0.63,0.87,1.60,0.77,0.80,0.58,0.94,0.82,3.75,0.60,0.95,0.83,0.47,0.90,0.97,1.05,1.27,1.10,1.02,0.17,0.44,0.80,0.27,0.73,0.37,0.30,0.76,0.80,0.68,0.75,0.90,0.77,0.90,0.65,1.10,0.90,1.02,0.80,2.13,0.97,1.23,3.18,1.48,1.05,0.38,2.20,0.55,1.00,0.80,0.87,0.38,0.34,0.56,0.80,0.65,0.80,1.27,1.17,0.90,1.17,0.90,0.83,1.08,1.05,1.22,0.85,1.30,0.60,1.00,1.05,0.45,0.70,0.74,1.32,0.37,0.47,1.05,0.80,0.63,1.15,1.27,1.63,1.10,0.87,1.03,0.10,1.05,0.70,0.80,0.37,0.65,0.80,0.40,0.35,0.30,0.40,0.45,0.50,0.55,1.00,0.30,0.35,0.40,0.60,0.50,0.50,0.40,0.55,,0.67,0.65,0.80,0.80,0.40,0.45,0.70,0.30,0.80,0.35,0.50,0.80,0.80,2.82,1.12,0.77,0.98,0.70,1.07,1.53,0.33,0.30,0.60,0.40,0.33,0.60,0.60,0.54,1.97,0.50,0.67,0.73,0.90,1.60,0.75,0.50,0.25,0.50,0.43,0.50,0.30,0.45,0.53,0.50,0.50,0.55,0.30,0.72,0.58,0.93,0.65,0.60,0.60,0.70,0.90,0.50,0.63,0.80,0.60,0.40,0.60,0.77,0.70,0.80,0.80,0.70,0.75,0.53,0.45,1.68,0.45,0.55,0.97,0.60,1.20,1.23,1.02,1.10,0.47,0.78,0.87,0.40,0.82,0.80,0.92,0.90,0.82,0.65,0.90,0.93,0.87,1.20,0.86,0.72,1.10,1.77,0.75,1.45,1.93,0.80,0.98,1.10,0.93,0.70,1.10,1.15,1.00,0.80,0.80,0.75,0.80,0.67,0.85,1.07,1.15,1.10,0.75,0.43,0.83,1.02,0.45,0.60,1.05,0.63,0.73,0.60,0.85,1.05,1.05,0.60,0.70,0.60,1.40,1.00,0.95,1.05,1.70,1.80,0.90,1.05,0.80,1.05,0.65,0.60,0.55,0.45,0.40,0.50,0.25,0.83,1.27,0.80,0.75,0.75,0.65,0.60,0.35,0.45,0.40,0.75,0.50,0.60,0.80,0.80,2.20,0.70,1.20,0.70,0.40,0.50,0.50,0.40,0.75,1.05,0.60,1.10,1.15,0.30,0.65,1.00,0.50,0.35,1.07,,0.90,0.80,0.80,
20180815,9,CO_24h,0.68,1.06,0.60,1.80,0.30,0.53,0.62,0.43,0.57,1.05,0.40,0.80,0.75,0.87,0.87,0.95,0.56,0.68,0.52,0.39,0.36,0.27,0.30,0.50,0.87,0.67,0.50,0.43,0.75,0.60,0.32,0.57,0.55,0.66,0.57,0.55,0.47,0.50,0.73,0.37,0.57,0.47,0.43,0.43,0.68,0.60,0.43,0.81,0.59,0.35,0.79,0.89,0.67,0.68,0.56,0.60,0.61,0.67,0.80,0.68,0.62,0.73,0.97,0.55,0.91,0.93,0.60,0.70,0.33,1.17,0.77,1.07,0.82,0.60,0.68,0.47,0.74,0.84,1.60,0.52,0.85,0.73,0.33,0.53,0.63,0.70,0.70,1.02,0.50,0.13,0.22,0.55,0.35,0.17,0.30,0.33,0.76,0.67,0.62,0.75,0.70,0.77,0.80,0.65,0.80,0.80,0.93,0.70,1.40,0.87,1.23,1.48,1.20,0.97,0.53,1.06,0.57,1.02,0.72,0.70,0.38,0.34,0.58,0.80,0.57,0.70,1.06,1.10,0.87,1.10,0.87,0.87,0.96,0.90,1.04,0.65,1.03,0.57,0.97,1.10,0.45,0.68,0.84,1.38,0.67,0.67,0.88,0.68,0.53,1.10,1.10,1.33,1.15,0.79,0.87,0.10,0.45,0.60,0.76,0.33,0.45,0.60,0.30,0.35,0.20,0.35,0.30,0.45,0.30,0.75,0.30,0.35,0.30,0.53,0.50,0.55,0.30,0.50,,0.67,0.65,0.80,0.85,0.40,0.40,0.60,0.30,0.70,0.30,0.53,0.80,0.60,1.00,1.14,0.77,1.44,0.75,1.17,0.87,0.50,0.30,0.50,0.35,0.27,0.25,0.65,0.56,0.63,0.53,0.65,0.77,0.90,0.70,0.70,0.50,0.30,0.53,0.50,0.53,0.37,0.45,0.53,0.30,0.45,0.50,0.30,0.58,0.58,0.67,0.63,0.50,0.57,0.50,0.60,0.40,0.63,0.75,0.60,0.37,0.55,0.77,0.63,0.67,0.60,0.72,0.68,0.60,0.45,1.63,0.53,0.57,1.10,0.65,1.03,0.88,0.85,1.13,0.58,0.78,0.80,0.50,0.98,0.57,0.90,0.90,0.75,0.55,0.85,0.83,0.80,1.10,0.68,0.55,1.00,1.63,0.65,1.27,1.80,0.55,0.88,1.03,0.80,0.70,1.15,1.05,0.95,0.70,0.90,0.75,0.53,0.57,0.82,0.83,0.75,0.90,0.65,0.43,0.70,0.75,0.45,0.40,1.10,0.70,0.67,0.45,0.90,0.90,0.90,0.70,0.45,0.50,1.10,0.85,0.90,0.75,0.70,0.90,0.60,0.70,0.70,0.95,0.50,0.60,0.40,0.45,0.35,0.35,0.25,0.70,1.27,0.70,0.65,0.90,0.45,0.50,0.25,0.40,0.40,0.75,0.35,0.60,0.70,0.70,1.30,0.80,1.00,0.30,0.30,0.40,0.60,0.37,0.80,0.90,0.70,0.95,0.60,0.40,0.60,1.00,0.45,0.30,0.73,0.80,0.80,0.50,0.50,
20180815,10,AQI,26,32,36,25,19,31,29,33,39,39,35,29,24,73,39,20,29,24,35,32,34,32,33,31,58,49,40,43,41,41,38,37,40,30,23,24,28,31,21,20,17,23,26,25,43,25,27,20,21,46,38,39,53,29,24,28,23,24,30,21,24,36,53,22,51,94,65,74,54,78,52,84,75,78,48,44,59,55,47,16,16,12,44,130,25,39,21,25,55,29,30,30,27,41,36,23,32,25,31,29,42,27,31,24,25,28,37,33,65,27,56,93,96,56,28,43,21,24,19,42,36,20,24,31,29,46,51,26,32,64,52,43,57,57,49,49,49,37,32,45,32,63,31,46,31,46,74,68,31,61,80,68,48,66,65,82,25,65,43,82,24,26,39,25,34,41,28,30,27,38,29,22,25,26,29,30,38,19,,39,19,19,20,27,39,36,28,19,24,42,34,53,101,66,55,52,47,61,84,50,21,80,33,26,30,65,27,55,18,26,20,23,21,26,31,25,26,33,19,18,20,15,89,40,33,21,42,40,66,41,43,23,44,63,37,59,52,48,43,10,15,17,14,13,39,50,57,41,54,41,53,40,31,35,44,22,41,34,52,35,31,55,58,56,42,63,42,53,55,45,55,49,49,51,43,53,62,44,38,50,38,26,44,47,49,28,48,47,31,52,73,38,59,65,67,51,25,41,68,23,44,44,41,31,49,38,31,36,36,36,40,51,30,23,64,78,85,43,58,39,40,55,63,47,32,34,55,12,60,54,46,71,73,61,128,33,51,32,49,59,38,61,35,96,98,52,54,25,32,50,79,84,51,44,55,74,37,101,398,100,151,62,39,18,76,67,
20180815,10,PM2.5,11,16,16,16,7,16,9,9,11,19,14,20,7,44,14,10,13,11,12,12,15,11,15,22,37,28,13,23,20,18,19,14,20,12,10,11,13,19,9,8,7,12,12,6,16,9,14,7,14,14,22,24,27,15,14,12,13,17,20,15,16,20,27,7,32,70,47,54,20,57,25,45,44,34,24,23,27,19,28,7,8,8,18,99,9,24,13,17,24,8,17,18,12,16,15,3,17,11,18,19,16,8,14,13,14,15,16,17,39,18,20,69,72,36,15,22,7,8,8,29,10,11,15,18,13,20,36,16,17,46,33,27,32,36,28,34,29,25,22,30,15,40,15,29,13,19,54,49,17,42,59,49,27,48,45,23,13,47,10,27,12,16,11,17,17,29,17,21,15,10,20,12,7,11,16,14,15,12,,17,8,13,12,15,19,17,11,8,9,24,14,37,74,18,31,29,27,44,51,17,9,33,12,13,13,29,8,26,10,17,11,12,13,12,12,11,4,14,13,10,14,5,30,11,22,11,22,24,48,19,16,11,23,30,26,26,20,24,20,5,8,10,10,6,11,20,32,15,34,19,28,19,11,19,24,14,17,15,27,24,22,30,38,27,22,37,25,28,33,28,30,22,25,20,14,31,26,22,20,32,22,18,31,22,31,19,19,18,16,21,53,20,39,24,44,24,15,24,33,12,31,31,25,22,12,10,13,23,25,17,17,22,7,16,46,47,63,10,23,8,7,39,26,21,10,20,17,7,33,31,30,35,29,38,56,12,34,12,23,35,26,36,19,47,43,25,37,15,11,21,28,43,23,17,21,26,15,49,120,60,62,40,12,7,35,24,
20180815,10,PM2.5_24h,16,10,23,18,8,24,19,18,14,15,13,25,17,40,11,13,14,10,11,10,12,9,13,19,21,18,12,17,17,17,17,14,19,13,10,9,9,11,11,8,7,13,12,6,22,6,11,15,11,10,27,20,18,15,12,10,18,16,22,18,16,23,30,7,43,51,36,47,12,45,24,31,29,18,19,19,21,27,16,9,10,8,12,21,9,11,10,14,20,7,9,14,12,9,12,11,25,14,18,24,15,12,16,22,22,15,13,31,32,20,22,35,64,34,15,8,8,9,8,11,12,13,14,15,12,24,28,25,23,38,36,39,26,23,21,22,21,23,16,32,8,41,47,39,40,48,46,43,20,51,43,34,22,47,47,35,11,31,13,34,14,10,11,12,11,16,13,15,9,8,16,9,8,10,10,11,11,11,,15,10,13,11,13,14,12,10,7,8,26,24,21,37,30,34,51,27,44,34,24,15,34,17,16,8,38,13,13,10,15,12,9,5,9,15,16,6,16,15,18,19,16,14,13,21,10,25,25,23,20,17,7,17,21,24,22,16,17,15,8,16,13,19,6,15,24,34,17,29,29,31,25,14,21,28,20,31,36,31,20,27,33,27,33,20,27,22,18,15,19,26,20,20,16,23,27,20,17,22,39,22,21,32,37,31,20,27,26,17,18,41,28,35,27,39,31,18,26,25,11,20,36,38,29,14,34,15,26,32,9,25,13,8,17,37,35,39,8,16,11,8,13,16,11,9,18,9,7,30,38,27,29,20,35,64,34,34,13,20,29,30,29,17,46,29,15,21,14,8,28,21,21,24,21,10,19,17,67,49,51,30,26,5,7,20,14,
20180815,10,PM10,22,32,36,25,19,31,27,33,39,39,35,,22,96,39,20,29,24,35,32,34,32,33,29,65,49,40,43,41,41,38,37,40,30,23,24,28,31,21,20,17,23,26,25,43,25,27,20,21,46,38,39,56,29,24,19,23,,30,15,24,36,55,13,52,118,74,74,58,97,54,118,99,106,48,44,68,60,47,16,16,12,44,52,25,39,21,25,60,29,30,30,27,41,36,11,32,24,31,29,42,18,31,17,25,28,37,33,79,27,61,127,101,62,28,43,21,24,19,42,36,20,24,31,29,46,52,26,32,67,54,43,64,63,49,45,49,37,32,45,32,75,25,46,22,46,87,80,31,71,103,80,48,80,79,114,21,67,43,113,24,26,39,25,34,34,28,15,21,38,28,22,25,26,29,30,38,19,,39,19,16,20,27,39,36,28,19,24,42,34,42,152,81,59,54,47,56,117,50,21,109,19,26,30,80,15,60,18,26,19,16,21,26,31,25,12,33,18,18,19,15,128,40,33,21,42,40,79,41,43,23,44,76,,68,54,48,43,10,15,17,11,13,39,50,63,41,57,41,56,40,31,35,44,22,41,34,53,35,31,59,65,61,42,75,42,55,59,45,59,49,49,52,43,55,74,44,38,50,38,26,44,47,49,28,48,47,31,53,85,38,67,80,83,51,25,41,85,23,31,41,41,23,49,18,31,36,33,36,28,52,30,18,61,105,115,43,65,39,40,49,76,47,32,34,59,12,70,58,46,92,95,72,206,21,52,17,49,67,38,72,35,141,145,54,57,25,32,50,107,117,51,44,60,97,37,151,498,149,252,73,39,7,102,83,
20180815,10,PM10_24h,27,20,38,28,16,43,30,39,44,29,24,26,35,77,37,21,30,22,27,31,30,29,36,32,38,44,34,34,37,37,40,34,43,30,22,23,25,28,26,22,22,23,26,17,45,15,18,31,23,41,51,36,35,25,21,14,29,29,41,30,26,40,55,15,74,84,63,79,34,90,49,74,64,65,38,32,54,60,24,16,18,15,24,38,18,20,21,25,46,24,24,27,25,36,26,29,40,24,27,38,30,32,27,33,32,25,30,38,60,35,55,66,95,65,29,20,17,19,14,22,27,23,23,34,31,58,49,41,48,58,60,62,51,44,37,33,42,34,32,50,22,71,70,66,70,69,84,66,35,76,94,59,51,82,95,234,53,61,39,145,23,17,32,34,28,31,28,33,24,41,34,25,27,27,30,29,34,24,,32,28,26,21,25,33,31,25,11,19,42,45,35,75,86,50,75,49,61,67,52,20,68,26,25,22,78,20,30,23,25,20,13,11,19,29,29,18,34,31,29,30,35,56,36,41,15,44,44,40,39,37,19,38,48,20,53,34,33,35,18,30,26,36,19,32,49,58,34,52,52,54,52,35,41,45,35,56,56,51,36,43,60,43,60,36,56,31,40,34,32,49,39,36,40,48,47,58,30,36,61,35,36,46,59,57,41,52,46,37,41,71,50,58,53,73,55,27,44,65,16,28,53,68,44,58,54,40,40,51,28,55,34,18,26,49,64,62,24,36,22,35,26,49,25,29,44,18,11,52,99,49,58,46,57,267,108,49,77,39,57,41,38,23,81,67,28,29,27,38,116,62,47,59,62,19,59,38,207,394,201,148,49,20,8,46,48,
20180815,10,SO2,2,4,12,21,9,11,5,10,3,3,12,9,13,11,29,9,6,3,7,7,6,4,13,4,26,9,10,12,8,6,8,5,7,6,6,6,6,8,2,3,5,7,4,6,7,5,6,3,5,6,6,7,10,6,6,3,5,6,4,6,5,11,12,4,8,11,8,37,11,11,7,8,11,10,12,14,41,9,13,6,14,9,8,27,4,6,8,12,29,5,12,5,6,6,7,5,10,7,9,14,6,8,10,8,8,10,11,10,12,7,17,15,56,24,5,18,11,9,7,12,5,3,6,7,8,12,13,9,6,12,12,8,7,10,9,9,4,8,8,22,5,7,8,39,4,9,38,7,7,25,13,11,10,5,6,2,13,8,6,6,14,11,6,4,8,3,5,5,7,8,14,4,5,8,11,15,10,15,,15,6,7,12,13,7,6,3,4,3,7,7,7,17,23,4,7,,16,77,8,2,23,16,3,21,10,6,28,6,10,4,5,6,9,2,4,5,2,6,2,4,4,27,8,9,4,14,12,31,10,5,10,12,9,24,9,13,13,7,6,9,7,6,3,6,18,25,21,18,29,15,17,5,18,19,9,6,8,6,4,11,10,8,9,6,10,8,4,11,5,7,14,11,2,8,6,8,7,3,11,6,13,15,9,7,7,9,10,4,33,13,9,9,19,15,13,18,4,13,8,10,11,17,17,2,9,16,19,5,8,7,18,7,11,11,82,31,6,12,36,15,12,7,4,3,3,4,4,10,9,11,6,18,10,5,3,4,5,8,4,15,16,10,9,21,12,7,7,11,20,15,9,5,7,5,10,14,8,5,8,8,13,5,7,9,9,
20180815,10,SO2_24h,2,4,7,24,8,7,5,9,3,5,10,7,12,7,10,10,6,3,6,6,7,4,12,5,14,10,9,12,8,5,7,5,7,7,6,5,6,8,3,3,4,9,4,4,5,5,5,5,10,5,5,6,8,6,6,3,6,6,5,5,5,8,11,4,8,8,5,28,7,9,8,12,8,9,10,11,16,10,6,6,13,17,6,8,5,7,5,8,20,6,8,6,5,5,6,5,9,6,6,13,8,7,7,8,8,11,8,11,10,6,14,11,17,13,10,7,10,9,7,6,6,3,6,6,8,12,12,9,7,6,16,7,7,9,11,9,4,8,7,17,4,9,8,37,19,10,22,12,6,21,12,10,10,4,5,7,14,17,6,6,12,9,5,3,7,3,4,5,6,7,11,4,5,8,9,14,6,11,,13,7,14,13,13,5,7,3,4,3,7,7,5,12,17,5,14,29,15,23,5,3,12,16,3,10,9,6,13,6,10,2,7,5,8,3,5,4,2,6,2,4,5,10,7,8,4,15,13,11,13,7,10,11,11,19,6,14,6,8,7,10,9,6,3,7,16,15,16,16,26,13,22,16,16,13,9,9,9,5,4,12,11,10,9,6,11,8,4,3,4,8,16,9,3,9,5,20,8,3,10,9,11,10,15,8,7,8,12,5,28,11,13,5,16,4,10,18,4,11,8,9,12,15,12,1,10,8,15,26,5,17,18,6,8,11,34,23,6,6,12,14,11,6,4,3,3,4,4,7,9,7,3,20,9,5,3,6,8,8,4,10,13,9,10,18,12,7,7,9,17,7,9,5,7,6,8,12,8,6,9,7,10,4,7,13,13,
20180815,10,NO2,12,15,20,26,13,14,15,13,16,19,28,8,11,35,19,22,6,23,17,14,16,21,8,6,27,16,18,25,15,11,8,7,20,14,14,22,8,11,8,8,4,11,12,12,21,17,40,13,14,9,21,22,21,34,23,13,27,13,30,23,17,24,35,15,43,79,17,47,27,50,24,35,33,43,28,21,30,17,36,10,9,20,31,32,5,12,15,13,17,4,16,17,9,16,12,9,16,14,11,8,12,14,11,11,17,6,19,15,31,12,17,22,33,29,20,38,10,13,18,21,8,19,9,12,11,13,29,18,7,25,12,9,25,11,10,11,31,11,13,15,8,31,27,24,31,13,34,19,15,26,19,31,32,31,19,5,49,22,15,12,10,16,15,9,17,10,10,10,15,9,16,4,12,13,17,18,14,20,,19,7,15,11,5,18,15,7,7,12,9,10,33,40,18,22,6,27,19,47,5,8,30,8,4,10,10,7,23,8,9,14,19,18,15,5,9,15,11,9,6,12,8,59,6,9,5,28,15,24,16,11,12,21,15,28,25,9,26,12,15,10,5,19,17,3,9,25,11,19,7,18,9,3,17,23,9,12,9,14,9,8,22,29,17,11,13,2,16,20,6,19,23,10,12,16,13,8,11,16,15,18,13,15,13,14,8,16,12,10,34,31,18,34,49,31,31,10,19,34,4,26,11,25,8,28,14,19,22,8,18,13,16,15,9,26,27,38,16,32,12,9,21,18,10,4,3,16,6,23,24,18,43,15,24,16,8,28,25,10,18,17,12,12,39,4,8,9,12,8,10,15,8,18,16,34,53,11,41,14,48,23,45,,,54,53,
20180815,10,NO2_24h,25,20,16,37,16,20,18,13,23,27,18,21,17,33,30,28,7,23,22,17,18,20,10,9,23,22,20,27,21,11,9,8,16,14,15,14,10,11,11,8,5,16,18,12,23,15,22,19,16,4,25,27,16,27,18,17,24,19,28,23,13,20,33,12,43,47,17,44,17,51,32,25,28,37,23,18,33,28,30,11,17,17,18,21,9,16,9,11,20,4,10,17,10,8,8,11,17,9,11,10,15,7,14,17,20,8,13,17,22,16,18,18,23,28,18,21,16,20,15,21,10,14,18,13,11,17,20,21,11,21,18,14,25,12,11,9,22,12,14,21,9,31,23,32,29,22,31,31,16,29,31,23,26,28,33,4,17,25,16,13,10,11,7,4,14,6,8,10,9,5,14,5,13,16,19,22,15,24,,22,9,16,14,6,18,14,12,8,9,12,15,22,17,35,24,11,31,31,22,7,11,22,14,6,9,7,15,17,19,11,17,16,13,17,9,8,14,20,9,11,9,13,30,7,18,7,28,18,20,16,13,11,21,17,29,25,13,15,16,13,14,9,22,10,6,11,16,10,16,10,13,13,8,21,24,12,16,14,14,13,12,27,15,21,15,12,2,10,13,10,14,16,9,16,16,17,15,12,9,20,15,18,14,18,18,11,17,15,10,28,32,24,28,34,29,29,13,23,28,5,16,14,26,11,13,21,23,19,11,10,15,11,19,12,21,18,26,10,26,9,12,12,14,8,3,4,6,6,15,46,13,20,10,19,13,4,30,10,8,27,11,7,14,26,6,6,13,10,12,9,18,10,21,27,26,39,12,21,11,24,13,28,7,30,26,28,
20180815,10,O3,84,52,75,48,37,63,94,80,70,77,36,66,77,66,82,31,47,39,71,36,34,29,30,28,80,32,36,41,32,29,32,37,41,36,30,24,39,43,32,35,24,48,49,33,38,32,43,62,59,20,61,74,73,49,65,90,53,75,55,64,65,51,32,69,73,43,74,56,51,56,73,60,65,29,59,57,70,103,13,14,40,32,15,89,69,61,48,63,94,26,91,51,66,15,23,75,62,80,69,64,81,85,66,76,62,83,80,58,35,47,69,100,95,75,56,12,33,16,35,25,51,36,77,41,40,84,89,48,56,55,76,107,81,99,78,85,31,78,63,56,51,61,100,66,98,122,62,75,52,72,105,73,35,49,97,98,72,97,74,83,74,45,20,26,33,53,82,45,85,76,32,27,34,35,25,27,22,29,,26,43,42,49,42,36,54,38,37,8,103,80,20,72,86,93,137,65,66,90,77,34,60,104,62,82,134,87,10,33,80,63,75,16,17,75,64,84,51,32,32,29,24,44,37,58,48,34,54,69,49,75,43,34,61,85,96,81,44,47,23,41,41,39,22,50,86,57,63,48,77,64,74,63,54,57,50,72,73,98,60,83,93,59,95,94,77,100,89,72,92,54,60,79,73,53,60,83,107,27,57,41,45,73,81,40,72,55,61,53,53,86,102,26,31,98,78,33,54,87,12,68,69,95,97,19,121,88,64,79,23,128,48,28,43,34,64,21,20,37,19,15,58,28,43,70,36,71,26,55,100,47,14,83,87,91,104,35,101,68,72,58,66,83,55,57,81,96,78,52,115,95,99,63,48,50,20,51,42,103,52,66,36,88,57,17,14,
20180815,10,O3_24h,102,67,144,48,81,133,109,170,80,77,82,75,136,159,134,35,64,83,76,44,114,59,57,83,129,155,75,107,130,111,127,63,135,104,38,47,84,100,62,40,30,85,98,52,157,77,78,120,96,46,149,124,122,97,88,103,118,121,143,98,88,133,165,89,242,207,143,154,106,248,174,165,141,115,145,122,175,161,46,41,44,53,77,126,81,100,116,102,144,52,95,120,92,55,41,87,119,110,129,111,92,122,93,95,112,114,103,99,141,124,132,157,241,167,81,37,45,27,55,99,77,54,92,129,136,145,169,141,123,154,169,187,138,103,121,106,122,108,132,109,55,228,194,164,183,197,251,151,167,143,254,185,139,170,186,114,118,161,102,107,83,90,42,48,42,53,82,45,85,77,44,34,47,67,57,64,69,58,,94,121,110,126,45,106,97,48,53,21,153,127,79,189,156,168,252,177,154,162,86,77,166,131,62,106,186,87,36,38,86,78,105,39,79,78,90,100,56,61,85,70,51,84,69,66,88,133,148,118,104,152,52,118,115,133,143,101,160,108,90,82,99,76,46,70,126,138,124,129,158,128,129,104,133,132,112,137,116,156,112,129,173,171,128,132,106,112,124,97,121,127,125,82,91,117,78,104,107,95,114,100,99,141,134,93,123,103,179,128,155,176,215,133,185,164,200,131,130,192,65,121,132,144,168,128,160,156,124,142,88,153,84,59,70,140,165,133,70,106,60,59,66,84,99,89,63,137,62,159,153,171,142,113,162,121,130,139,121,117,107,127,106,122,154,96,95,120,139,105,141,181,142,114,69,86,123,100,124,142,140,122,137,94,72,118,121,
20180815,10,O3_8h,30,28,34,24,44,30,38,67,18,30,25,21,38,25,35,14,46,30,44,20,13,13,19,18,63,11,12,15,13,18,18,24,21,16,12,12,15,16,13,21,15,17,22,14,24,27,38,43,54,21,45,55,54,50,60,91,51,63,51,57,63,49,22,57,65,16,64,28,50,24,57,72,33,18,45,44,37,61,10,13,19,32,25,70,31,31,87,78,60,25,74,30,35,14,26,72,37,72,65,52,52,85,48,71,46,73,72,52,22,30,37,44,87,26,61,11,13,11,39,26,32,45,45,18,16,40,67,27,53,39,62,86,40,70,61,66,24,69,60,40,37,49,73,32,85,86,36,51,36,37,47,43,21,37,54,105,94,72,65,91,69,60,22,28,16,25,43,25,36,51,32,23,30,19,12,15,10,15,,10,21,22,27,27,18,35,16,12,10,63,59,12,51,35,43,112,24,17,81,54,21,45,65,45,46,128,44,7,13,62,54,55,12,10,46,44,78,24,33,19,36,19,29,24,30,33,23,37,59,31,48,30,14,38,63,53,42,36,30,31,17,19,16,23,24,66,42,41,26,61,51,38,25,34,35,34,62,54,78,45,67,33,55,67,61,67,69,51,35,71,28,50,61,50,31,50,65,71,15,36,42,40,51,52,23,57,26,52,45,21,37,63,18,14,39,70,30,31,49,7,77,46,92,88,18,89,78,64,63,13,81,29,8,21,14,34,20,7,25,12,9,50,25,43,81,37,84,27,24,24,27,12,93,40,86,102,13,109,59,30,54,65,56,67,58,65,72,56,38,118,48,94,44,48,35,8,32,75,96,71,84,34,57,51,32,6,
20180815,10,O3_8h_24h,30,30,38,26,52,47,38,71,18,30,44,21,48,37,43,14,47,54,46,20,16,13,19,26,70,11,12,15,13,18,25,29,35,16,12,14,15,16,13,25,17,18,24,15,62,30,53,60,56,31,62,71,69,62,70,94,58,64,51,62,74,50,40,57,74,32,75,46,60,39,59,76,62,33,52,53,47,70,15,21,21,32,36,85,31,41,93,78,71,27,74,39,52,33,32,72,54,76,84,68,55,109,48,71,46,77,72,52,34,46,45,77,87,28,65,11,14,14,40,34,42,54,47,27,24,55,91,41,65,56,80,94,49,70,68,72,45,69,88,42,40,67,73,45,85,86,61,52,62,38,63,43,27,44,59,113,108,82,74,91,69,60,31,36,28,30,43,25,36,51,37,27,31,19,12,17,10,15,,10,21,22,27,27,23,36,16,16,14,66,69,12,95,35,63,140,26,36,135,62,32,85,69,45,53,141,44,8,13,62,78,55,30,10,46,44,78,24,44,19,36,19,34,24,39,38,55,76,59,59,59,34,32,44,63,77,53,63,33,36,30,19,18,23,29,82,61,58,35,73,71,38,32,48,58,47,81,56,90,56,95,36,123,81,61,77,78,65,37,79,43,65,75,51,31,53,65,84,15,36,49,49,71,60,24,63,53,52,56,27,38,80,23,31,41,106,40,36,68,9,98,59,95,125,35,89,78,74,67,20,94,46,11,23,56,58,38,11,32,15,11,64,35,63,87,45,107,28,47,24,53,15,105,83,97,105,13,110,68,31,85,71,92,79,60,65,101,78,49,119,59,114,73,48,50,15,52,75,96,110,105,49,65,64,57,22,
20180815,10,CO,0.38,0.87,0.70,0.95,0.24,0.45,0.52,0.43,0.40,0.63,0.80,0.70,0.73,1.03,0.97,0.70,0.54,0.68,0.52,0.44,0.36,0.27,0.33,0.43,1.07,0.57,0.50,0.45,0.73,0.80,0.40,0.57,0.60,0.67,0.54,0.73,0.47,0.57,0.77,0.37,0.57,0.37,0.43,0.53,0.66,0.74,0.53,0.77,0.53,0.44,0.93,0.93,0.84,0.80,0.63,0.57,0.64,0.77,0.97,0.76,0.74,0.80,1.01,0.65,0.89,1.27,0.63,0.86,0.45,1.32,0.63,1.00,1.40,0.82,0.80,0.60,0.86,0.74,3.92,0.55,0.65,0.60,0.50,0.72,0.83,0.85,1.10,1.28,0.58,0.15,0.44,0.75,0.35,0.50,0.37,0.38,0.78,0.72,0.62,0.65,0.80,0.83,0.85,0.55,1.15,0.75,1.02,0.75,3.37,0.87,1.20,2.54,1.66,1.00,0.38,3.28,0.55,0.88,1.00,0.87,0.38,0.38,0.50,0.80,0.60,0.69,1.21,1.07,0.87,1.10,0.87,0.70,1.00,1.05,1.13,0.85,1.23,0.63,0.93,0.87,0.50,0.65,0.76,1.28,0.37,0.40,0.90,0.74,0.60,1.20,1.27,1.73,1.20,0.87,0.93,0.10,0.90,0.80,0.76,0.37,0.70,1.25,0.45,0.40,0.55,0.45,0.50,0.65,0.50,1.00,0.30,0.35,0.35,0.60,0.50,0.50,1.00,0.65,,0.73,0.65,0.80,0.85,0.40,0.45,0.60,0.20,0.80,0.40,0.53,0.78,,2.70,1.02,0.80,0.88,0.65,1.00,1.53,0.27,0.30,0.60,0.30,0.30,0.45,0.60,0.50,1.10,0.53,0.60,0.70,1.00,1.50,0.75,0.40,0.20,0.47,0.43,0.50,0.30,0.50,0.45,0.70,0.45,0.55,0.30,0.65,0.60,0.93,0.55,0.53,0.57,0.45,0.63,0.40,0.60,0.75,0.60,0.40,0.60,0.63,0.63,0.75,0.70,0.55,0.68,0.57,0.48,1.57,0.35,0.53,0.97,0.60,1.13,1.15,0.90,1.10,0.55,0.78,0.77,0.40,0.78,0.77,0.82,0.90,0.82,0.60,0.90,1.00,0.80,1.10,0.80,0.63,1.15,1.77,0.72,1.32,1.73,0.80,0.80,1.07,0.87,0.60,0.95,1.10,1.00,0.70,0.75,0.75,0.77,0.57,0.68,1.17,1.05,1.03,0.68,0.40,0.80,0.80,0.45,0.45,1.02,0.55,0.63,0.75,0.85,0.90,0.95,0.60,0.75,0.40,1.25,0.85,0.85,0.90,1.63,1.80,0.80,1.05,0.80,1.00,0.65,0.75,0.50,0.50,0.40,0.45,0.25,0.80,1.00,0.80,0.80,0.80,0.60,0.40,0.40,0.45,0.50,0.70,0.40,0.70,0.80,0.70,2.10,0.80,1.10,0.50,0.40,0.50,0.60,0.63,0.75,0.95,0.50,0.80,1.15,0.30,0.95,1.10,0.70,0.30,1.03,0.60,0.80,0.90,0.90,
20180815,10,CO_24h,0.67,1.06,0.60,1.70,0.30,0.53,0.62,0.40,0.57,1.05,0.43,0.75,0.75,0.85,0.87,0.94,0.56,0.68,0.52,0.39,0.36,0.26,0.30,0.45,0.89,0.67,0.50,0.43,0.75,0.65,0.32,0.57,0.55,0.65,0.57,0.55,0.47,0.50,0.73,0.37,0.57,0.47,0.43,0.43,0.68,0.60,0.43,0.80,0.55,0.35,0.79,0.89,0.69,0.68,0.56,0.60,0.61,0.67,0.83,0.68,0.66,0.73,0.96,0.55,0.91,0.93,0.58,0.68,0.32,1.17,0.75,1.00,0.86,0.60,0.68,0.47,0.72,0.80,1.70,0.52,0.85,0.57,0.33,0.53,0.67,0.75,0.73,1.00,0.54,0.13,0.22,0.55,0.35,0.17,0.30,0.33,0.76,0.67,0.62,0.80,0.70,0.77,0.80,0.65,0.85,0.80,0.95,0.70,1.43,0.87,1.20,1.50,1.20,0.97,0.53,1.67,0.55,1.00,0.76,0.70,0.38,0.34,0.54,0.80,0.55,0.70,1.06,1.07,0.87,1.10,0.87,0.87,0.96,0.90,1.00,0.65,1.03,0.57,0.97,1.07,0.45,0.68,0.84,1.28,0.60,0.67,0.88,0.68,0.53,1.10,1.10,1.33,1.15,0.79,0.87,0.10,0.45,0.60,0.76,0.33,0.45,0.60,0.30,0.35,0.20,0.35,0.30,0.45,0.30,0.80,0.30,0.35,0.30,0.53,0.50,0.55,0.30,0.50,,0.67,0.65,0.80,0.85,0.40,0.40,0.60,0.30,0.70,0.30,0.53,0.78,0.60,1.06,1.12,0.77,1.42,0.75,1.13,0.87,0.43,0.30,0.50,0.35,0.27,0.25,0.65,0.56,0.67,0.53,0.65,0.77,0.90,0.70,0.70,0.50,0.30,0.53,0.50,0.53,0.30,0.40,0.53,0.30,0.45,0.50,0.30,0.60,0.58,0.70,0.63,0.50,0.57,0.45,0.63,0.40,0.63,0.75,0.60,0.37,0.60,0.77,0.63,0.67,0.60,0.72,0.68,0.60,0.42,1.63,0.53,0.57,1.10,0.65,1.00,0.88,0.85,1.10,0.58,0.78,0.77,0.50,0.96,0.57,0.90,0.90,0.75,0.55,0.85,0.83,0.80,1.10,0.68,0.55,1.00,1.65,0.65,1.27,1.80,0.55,0.83,1.00,0.80,0.63,1.10,1.05,0.95,0.70,0.90,0.75,0.53,0.57,0.82,0.83,0.80,0.90,0.65,0.43,0.70,0.75,0.45,0.40,1.10,0.63,0.60,0.45,0.90,0.90,0.90,0.70,0.50,0.50,1.10,0.85,0.90,0.75,0.73,0.90,0.60,0.70,0.70,0.95,0.50,0.60,0.40,0.45,0.35,0.35,0.25,0.67,1.27,0.70,0.65,0.80,0.45,0.50,0.30,0.40,0.40,0.75,0.35,0.60,0.70,0.70,1.40,0.80,1.00,0.30,0.30,0.40,0.60,0.43,0.80,0.95,0.70,0.95,0.60,0.40,0.65,1.00,0.45,0.30,0.73,0.80,0.80,0.55,0.50,
20180815,11,AQI,29,24,40,23,24,27,36,32,27,35,34,31,31,65,41,21,30,25,45,33,35,36,32,30,53,53,40,44,36,42,37,32,39,32,23,26,27,36,20,21,18,27,30,27,42,19,26,22,25,45,40,42,54,23,30,29,25,27,30,28,26,38,51,20,49,90,60,64,55,91,65,84,71,55,51,44,54,48,50,17,14,17,34,145,29,29,20,29,57,27,29,30,26,39,30,27,29,29,27,32,38,28,28,24,29,28,53,26,69,34,46,75,109,46,30,50,16,23,26,26,43,20,25,45,35,50,58,35,28,70,48,41,53,58,51,48,43,45,31,40,30,63,33,34,30,41,78,69,29,73,76,76,57,64,65,68,29,59,26,64,28,26,43,29,30,21,29,28,27,33,34,24,30,24,35,28,41,29,,43,21,25,23,28,44,36,26,19,22,41,39,53,111,55,50,48,53,61,84,51,22,71,37,22,30,67,27,43,17,35,20,26,23,20,30,25,26,36,21,17,20,16,59,42,55,21,41,45,59,41,39,20,38,59,33,65,41,48,34,10,18,18,20,34,32,46,56,45,49,38,52,38,32,36,45,23,42,44,50,31,29,41,51,50,41,60,35,52,49,40,55,43,42,50,44,56,57,54,37,49,31,26,47,53,54,36,39,49,33,43,73,38,58,60,73,49,24,43,68,16,43,40,39,47,61,42,37,36,34,36,42,53,16,39,65,72,78,34,52,43,28,59,62,37,44,46,28,14,64,50,56,70,79,56,127,33,50,30,50,56,41,58,30,95,71,53,44,27,28,45,82,85,55,38,19,67,33,124,366,133,97,54,25,21,83,75,
20180815,11,PM2.5,10,14,15,16,9,8,10,9,8,12,17,20,7,29,8,12,12,11,12,13,13,13,16,21,30,32,15,25,23,23,19,15,22,13,11,12,13,21,10,9,8,13,11,8,18,5,17,7,12,15,21,26,28,14,16,15,14,19,20,17,18,23,26,7,31,67,43,46,21,68,26,50,44,26,26,23,21,18,32,8,7,10,15,111,11,15,10,17,29,7,12,12,11,19,17,8,18,13,16,15,18,7,13,12,16,18,17,18,41,13,13,55,82,30,16,27,6,6,8,17,5,13,14,18,13,19,41,16,17,51,32,27,26,27,30,31,28,27,22,27,12,37,17,24,9,16,57,50,15,53,56,56,30,46,47,9,10,42,12,18,12,16,30,18,20,15,13,16,15,11,20,8,11,12,12,15,13,12,,24,8,15,11,14,25,17,12,8,9,23,18,37,84,17,30,25,22,44,54,16,12,35,11,12,11,28,8,19,12,16,14,11,10,9,8,10,4,14,14,8,14,4,35,12,39,7,21,25,41,22,16,10,19,33,18,27,20,23,23,5,8,10,13,6,12,21,31,15,25,17,25,14,10,20,28,12,16,30,28,21,19,24,36,24,26,39,24,25,34,27,21,23,28,23,20,29,19,23,26,34,22,18,28,24,28,20,17,21,18,18,53,13,37,18,53,30,16,26,32,10,27,28,25,33,10,10,12,22,22,17,20,16,7,27,47,51,53,15,21,7,6,42,35,15,16,26,12,7,32,28,32,37,31,35,57,11,35,10,24,36,20,41,15,50,37,34,22,13,11,19,31,46,33,16,13,29,10,67,83,72,33,26,9,7,39,30,
20180815,11,PM2.5_24h,15,11,23,17,8,23,18,17,13,15,13,24,17,39,11,13,14,11,11,10,12,9,13,19,21,19,12,17,17,17,17,14,19,13,10,9,10,12,11,8,7,13,12,6,21,6,11,14,11,10,27,20,19,15,12,10,18,16,22,17,16,23,30,7,42,52,36,47,12,46,24,31,30,19,20,19,21,26,16,9,10,8,13,26,9,12,10,15,21,7,9,14,12,10,12,11,25,14,18,24,15,12,15,21,22,15,13,31,32,19,21,35,64,34,15,9,8,8,8,11,12,13,14,15,12,24,29,24,23,38,36,38,26,23,22,22,21,23,17,31,8,42,46,39,39,47,47,43,19,47,43,35,22,47,47,35,11,32,13,35,14,10,12,12,12,16,13,15,9,8,16,9,8,10,10,11,11,11,36,15,10,13,11,13,15,12,10,8,8,26,23,22,39,28,33,50,27,44,34,23,15,35,17,16,8,38,13,14,10,15,12,9,5,9,15,16,6,16,15,18,19,15,14,13,22,10,25,25,24,20,17,7,17,22,24,23,16,17,16,8,15,12,18,6,14,24,34,16,29,28,31,25,13,21,28,19,30,36,32,21,26,33,27,33,20,28,22,19,16,19,26,20,21,17,23,26,20,17,22,39,21,20,31,36,31,20,26,25,17,18,42,27,35,27,40,30,18,26,25,11,20,36,36,30,14,33,15,26,32,9,25,13,8,18,38,36,38,9,17,11,8,14,16,11,9,18,10,7,30,37,27,29,19,36,64,30,34,13,20,30,30,29,17,47,29,16,22,14,8,28,22,22,25,21,10,19,16,69,50,51,30,26,5,7,21,14,
20180815,11,PM10,22,24,40,14,24,27,23,19,27,35,34,21,21,80,41,21,30,25,45,33,35,36,32,28,55,56,40,44,36,42,37,32,39,32,23,26,27,36,20,21,18,27,30,27,42,19,26,19,22,45,40,42,58,23,30,21,25,21,27,28,24,38,51,12,49,117,70,70,60,105,79,117,91,60,51,44,58,48,50,17,4,17,34,96,24,29,13,29,63,27,29,13,26,39,30,21,29,22,27,32,38,10,24,22,29,27,56,25,87,34,46,97,118,46,30,50,15,23,26,26,43,20,25,45,35,50,57,35,28,76,48,41,55,65,51,48,43,45,22,40,30,75,28,33,18,35,78,75,29,79,84,78,63,74,76,86,28,61,26,78,21,26,35,29,30,21,29,15,21,33,34,24,30,24,35,28,41,29,,43,21,25,19,28,44,36,26,16,22,41,39,50,134,60,50,48,56,61,117,51,22,92,23,22,13,84,16,43,13,35,20,16,23,20,30,25,7,36,21,17,19,16,67,42,28,21,41,45,67,41,39,20,38,67,,79,41,48,34,8,18,18,20,34,32,46,61,45,49,38,53,38,32,36,45,22,42,44,50,31,29,41,52,50,41,70,35,53,46,40,60,43,42,50,44,62,64,58,34,48,29,24,47,56,58,36,39,49,33,43,83,24,65,69,95,49,24,43,85,16,43,38,39,27,72,19,32,36,34,36,38,56,16,26,61,94,105,34,54,43,28,50,73,37,44,46,28,14,78,50,61,89,108,61,204,16,48,25,50,62,41,44,26,140,92,55,44,25,28,45,114,119,59,38,18,83,33,197,473,215,143,58,25,,115,99,
20180815,11,PM10_24h,26,21,38,27,17,42,28,37,44,29,24,25,34,74,36,21,31,23,28,31,31,30,36,31,39,45,34,35,38,38,40,34,43,30,22,23,25,28,25,22,22,23,26,18,44,15,19,31,24,41,51,37,36,25,21,15,29,29,39,30,26,40,52,16,72,86,62,79,35,91,48,75,65,66,38,33,54,59,25,16,19,14,25,40,18,20,21,26,47,24,24,27,25,36,26,29,40,24,27,37,30,30,27,31,32,26,32,38,60,34,54,65,95,65,29,24,17,19,14,22,27,22,23,35,31,58,49,41,47,59,59,62,51,45,37,34,41,34,32,48,22,72,69,65,67,68,83,67,34,71,94,60,52,82,95,240,51,62,39,145,23,17,32,33,28,31,28,33,24,41,34,25,27,27,30,29,34,24,44,33,28,27,21,25,34,32,25,12,19,42,44,36,78,84,49,73,49,60,67,52,20,69,25,24,22,80,20,32,23,25,20,13,11,19,29,29,18,34,30,29,29,35,57,36,41,16,44,44,41,38,38,18,38,49,20,55,35,33,35,15,29,25,35,18,32,49,59,34,51,52,54,51,35,41,45,33,55,55,52,37,41,59,43,60,36,57,32,41,34,32,49,39,36,41,48,46,59,31,35,60,35,35,45,57,57,40,51,45,37,41,71,49,59,54,75,53,27,44,66,16,29,53,64,43,58,53,40,40,49,28,54,36,19,26,49,66,63,25,37,23,35,28,48,25,31,43,18,11,52,99,48,60,47,57,265,106,49,66,39,57,41,38,23,84,70,29,30,25,37,115,66,51,59,60,19,61,38,213,387,204,150,50,19,8,48,50,
20180815,11,SO2,2,3,10,25,9,9,4,10,3,4,11,7,12,15,8,8,6,3,6,5,6,4,12,5,22,8,9,11,6,6,8,5,6,7,6,7,5,7,3,4,6,6,3,5,5,5,10,4,5,5,6,4,9,6,6,3,5,6,5,5,7,11,10,4,8,11,6,25,13,10,6,8,11,12,11,12,27,10,15,7,9,7,7,16,4,6,4,11,25,5,10,4,5,7,6,6,10,7,8,9,6,8,9,6,7,10,6,10,13,6,14,7,64,17,6,25,11,10,7,11,6,3,5,6,7,9,14,9,7,12,11,6,7,9,8,8,5,9,7,14,4,7,13,27,4,8,24,7,7,18,15,12,9,5,6,3,11,7,6,7,14,9,58,4,8,3,7,,6,8,13,5,5,8,12,13,12,16,,15,6,6,11,13,6,6,2,4,3,6,7,3,20,22,6,10,,16,73,8,2,15,13,3,15,10,6,29,6,10,2,5,7,7,3,4,4,2,5,2,5,5,10,9,9,4,13,11,21,10,4,11,12,6,24,7,14,14,10,5,8,12,7,3,6,15,18,25,16,22,17,13,2,16,15,9,5,9,6,4,10,10,10,9,6,10,8,4,10,4,6,13,9,2,8,6,6,8,2,9,6,13,13,10,7,6,8,10,6,33,10,10,10,24,11,10,18,4,12,7,8,43,21,11,1,9,9,23,5,7,6,10,7,11,10,66,44,6,7,56,15,11,8,3,2,3,4,3,10,7,12,4,12,10,4,3,4,7,8,4,17,16,10,10,14,13,7,5,11,17,18,9,5,7,5,11,13,9,7,9,7,13,4,7,14,11,
20180815,11,SO2_24h,2,4,7,24,8,7,5,9,3,5,10,7,12,6,9,10,6,3,6,7,7,4,12,5,14,10,9,12,8,5,7,5,7,7,6,5,6,8,3,3,5,8,4,4,5,5,5,5,10,5,5,6,8,6,6,3,6,6,5,5,5,9,10,4,7,9,5,29,7,9,7,11,9,9,10,11,16,9,7,6,12,15,7,8,5,7,5,8,20,5,9,6,5,5,6,5,9,6,6,12,8,7,7,8,8,11,8,10,10,6,14,10,18,13,10,9,10,9,7,7,6,3,6,6,8,11,12,10,7,7,16,7,7,9,11,9,4,8,7,17,4,8,8,35,19,10,23,12,6,20,12,10,10,4,5,7,13,17,6,6,12,9,8,3,8,3,4,5,6,7,11,4,5,8,10,14,6,12,2,13,7,14,12,13,5,7,3,4,3,7,7,5,13,17,5,13,30,15,23,6,3,12,16,3,11,9,6,13,6,10,2,7,5,7,3,5,4,2,6,2,4,5,10,7,8,4,15,13,12,12,7,10,11,11,19,6,14,6,8,6,9,9,6,3,7,16,15,16,16,26,13,22,16,16,13,9,9,9,5,4,12,11,10,9,6,11,8,4,4,4,8,16,9,3,8,5,19,8,3,10,9,11,10,14,8,7,8,11,5,29,11,13,5,16,4,9,18,4,11,8,9,13,15,12,1,10,8,15,26,5,16,18,6,8,11,35,24,6,6,14,14,11,6,3,2,3,4,4,7,9,7,3,18,9,4,3,6,8,8,4,10,13,9,9,17,12,7,6,9,16,8,9,5,7,6,8,12,7,6,9,7,10,4,7,13,13,
20180815,11,NO2,12,9,14,21,14,11,11,9,11,15,24,6,10,28,12,19,7,22,14,14,13,25,6,6,21,16,16,23,14,10,8,7,20,12,15,17,6,10,8,7,3,9,11,13,21,18,36,9,12,11,19,19,16,25,24,18,26,14,21,19,13,26,25,16,41,83,13,42,22,47,27,32,31,37,28,18,19,16,38,10,9,17,21,25,3,12,11,12,14,6,15,11,8,18,9,7,13,10,11,8,12,10,8,9,15,5,17,12,38,10,10,4,32,21,17,38,8,11,16,17,7,14,7,11,10,9,24,11,6,18,11,6,27,10,10,10,26,10,11,11,11,23,19,25,26,6,27,19,14,23,17,24,36,26,17,5,27,16,14,8,11,11,17,9,14,12,10,10,14,8,16,3,12,15,15,18,14,18,,22,6,18,8,4,17,12,7,5,11,8,10,39,28,16,18,4,20,15,41,4,8,17,6,6,4,10,8,20,7,10,7,21,20,11,4,5,13,8,8,6,7,6,22,7,9,5,25,14,20,15,9,16,18,13,23,22,6,27,10,12,9,4,20,15,3,9,14,11,17,6,15,7,2,16,18,6,11,9,11,9,7,16,28,16,12,13,1,19,12,6,12,20,7,11,15,13,7,9,7,13,13,12,12,11,9,8,10,10,13,21,25,16,37,49,30,30,10,21,26,5,19,13,19,9,11,14,9,20,9,18,12,15,14,11,20,21,34,14,24,13,8,26,19,7,5,3,6,4,20,16,12,30,12,13,7,6,22,20,8,17,12,13,11,32,3,11,5,10,4,9,14,5,17,16,24,54,7,29,21,47,21,24,11,,45,37,
20180815,11,NO2_24h,25,19,16,36,15,20,18,13,22,26,18,21,17,31,29,28,7,23,22,18,18,21,10,9,24,22,20,27,21,11,9,8,16,14,15,14,10,11,11,8,5,16,18,12,23,15,22,19,15,5,26,27,16,27,18,17,25,19,28,23,13,20,31,12,43,49,16,45,17,51,31,25,28,37,24,18,33,28,30,10,18,16,18,22,9,16,9,12,20,4,10,17,10,9,8,11,17,9,11,10,15,7,14,16,20,8,13,17,22,16,18,18,24,28,19,26,15,19,15,21,10,14,18,13,11,17,21,20,11,21,18,14,24,12,11,9,22,12,14,20,9,31,23,31,29,21,30,31,16,28,31,24,26,28,33,3,18,26,16,13,10,10,8,4,14,6,8,10,9,5,14,5,13,16,19,22,15,24,10,23,9,16,14,6,18,14,12,8,10,12,15,22,18,34,24,10,31,31,22,6,11,22,14,6,9,7,15,17,19,11,17,16,13,16,9,8,14,19,10,11,9,13,29,7,18,7,28,18,20,16,13,11,21,17,29,24,12,16,16,10,14,9,23,10,6,11,16,10,16,9,13,13,8,21,25,12,16,14,14,13,12,27,15,21,15,12,2,11,13,10,14,17,9,16,16,17,14,12,9,19,15,18,14,17,18,11,17,15,10,27,32,24,29,35,30,29,13,23,27,5,16,14,25,10,13,21,23,19,11,10,15,11,19,11,22,18,26,10,26,9,12,13,14,8,3,4,6,6,15,45,13,21,9,18,12,4,30,10,8,27,12,7,14,27,6,6,13,10,12,9,19,10,22,28,27,40,12,21,11,24,13,28,7,30,26,28,
20180815,11,O3,94,78,109,46,39,87,114,102,87,91,49,99,100,108,102,42,49,48,79,47,62,37,44,45,110,59,60,74,55,43,46,46,65,53,37,49,57,61,39,41,28,73,66,59,66,31,42,71,79,26,87,90,88,71,68,92,67,80,96,78,71,54,64,65,77,81,85,81,57,92,72,66,105,58,73,76,94,115,15,15,45,37,32,127,93,90,65,77,119,28,93,96,74,20,28,87,84,94,79,68,89,89,89,78,74,90,73,70,56,65,93,119,136,106,64,17,50,23,41,49,57,47,68,67,63,102,122,78,70,92,92,124,87,108,99,103,61,93,82,71,65,95,105,78,97,131,105,106,80,97,148,119,63,84,119,99,94,123,80,93,88,72,62,30,82,64,80,88,85,78,33,31,39,49,38,34,39,46,,38,65,67,73,53,41,75,58,62,9,110,83,25,125,105,118,151,91,119,134,84,48,111,118,64,97,142,86,21,43,72,51,82,24,31,79,69,82,62,33,31,33,26,41,42,57,53,48,81,104,70,99,45,57,78,107,129,95,64,75,33,56,49,51,25,60,86,83,87,58,76,88,97,81,67,78,72,88,83,115,71,94,114,78,102,117,83,109,116,109,104,83,81,92,92,64,59,90,117,57,70,55,61,95,83,61,92,66,80,58,88,109,123,46,66,116,106,49,76,134,23,86,89,110,98,74,133,119,78,80,50,133,54,40,45,88,99,50,38,57,33,25,64,45,56,69,37,88,39,94,123,97,23,87,135,112,105,66,95,81,85,81,67,95,63,58,80,102,87,69,116,128,107,75,50,60,34,59,57,84,56,72,67,64,67,33,48,
20180815,11,O3_24h,107,86,144,50,81,133,114,170,87,89,82,99,136,160,134,43,56,83,80,48,114,59,57,83,129,155,75,107,130,111,127,63,135,104,40,51,85,100,62,42,30,85,98,59,157,76,78,120,96,47,147,124,122,97,88,103,118,121,143,98,88,133,166,89,242,207,143,154,106,248,174,165,141,115,145,122,175,161,46,33,44,53,77,131,93,100,116,102,144,52,95,120,92,55,41,89,119,110,129,111,92,122,93,95,112,114,103,99,141,124,132,157,241,167,81,38,54,28,55,99,77,54,94,129,136,145,169,141,123,154,169,187,138,108,118,107,122,108,132,102,64,228,194,164,183,197,251,151,167,143,254,185,139,170,186,114,116,161,102,107,88,90,62,48,82,64,82,88,86,78,44,34,47,67,57,64,69,58,89,94,121,110,126,53,106,97,58,62,21,153,127,79,189,156,168,252,177,154,162,87,77,166,131,64,106,186,87,36,43,86,78,86,38,70,80,90,100,61,61,79,70,51,84,69,66,88,133,148,121,104,152,51,118,115,133,144,101,160,108,91,82,99,76,46,69,126,138,124,129,158,128,129,104,133,132,112,137,116,156,112,129,173,171,128,132,106,112,125,109,121,127,125,92,92,117,78,105,117,95,114,100,99,141,134,93,123,103,179,128,155,176,215,133,185,164,200,131,130,192,65,121,132,144,168,128,160,156,124,142,88,153,84,59,70,140,165,133,70,106,60,59,67,84,99,89,63,137,62,159,153,171,142,113,162,121,130,139,121,117,107,127,106,122,154,96,95,120,139,105,141,181,142,114,69,86,123,100,124,142,140,122,137,94,72,118,121,
20180815,11,O3_8h,41,34,44,28,44,36,49,72,28,37,28,33,45,48,43,18,46,31,49,24,19,17,23,21,69,18,18,23,19,21,21,27,26,21,17,17,21,22,17,22,16,26,29,21,27,28,37,46,64,21,49,59,58,52,60,90,52,66,57,60,62,49,26,60,67,25,65,35,50,34,60,71,42,23,48,47,44,70,10,12,19,33,25,80,39,39,85,82,69,25,79,38,37,14,25,77,42,74,65,57,56,83,56,73,50,75,73,56,26,32,43,52,93,37,61,12,18,12,39,28,34,44,50,25,22,49,72,35,53,43,65,90,45,75,66,72,26,72,63,44,39,53,82,37,90,91,44,59,41,46,58,53,28,42,64,103,94,76,67,90,74,61,26,27,24,30,53,33,44,57,32,23,31,23,16,18,14,20,16,14,27,29,34,31,22,40,21,18,10,70,61,14,58,46,51,115,33,31,81,58,23,47,74,48,52,128,51,8,18,67,55,60,13,13,51,48,84,29,32,22,35,21,28,26,34,35,23,40,67,35,54,32,19,44,69,62,49,38,36,33,22,23,22,24,29,68,45,46,31,62,55,47,32,38,39,38,64,58,83,49,71,46,55,71,69,69,74,57,45,75,34,52,64,54,36,51,69,78,20,41,43,42,55,57,29,61,30,57,47,29,47,69,20,19,50,72,32,36,56,9,74,51,94,88,24,101,86,65,66,18,87,32,13,25,24,41,22,12,29,14,11,50,27,43,79,36,83,27,32,38,34,14,91,46,87,102,20,107,61,37,54,64,59,64,58,68,72,59,41,118,61,95,46,49,37,10,35,71,99,71,80,38,57,53,29,11,
20180815,11,O3_8h_24h,41,35,45,29,52,47,49,73,28,37,44,33,49,53,46,18,48,54,50,24,19,17,23,26,74,18,18,23,19,21,25,29,35,21,17,18,21,22,17,25,17,26,29,21,62,30,53,60,65,31,61,71,70,62,70,94,59,66,57,62,74,50,40,60,77,35,75,50,60,41,62,76,66,36,53,54,49,73,15,21,22,33,36,89,39,41,93,82,77,27,79,40,52,33,32,77,54,77,84,72,57,109,56,73,50,77,73,56,34,46,48,77,93,38,65,12,18,14,40,35,42,54,50,27,24,58,91,43,65,58,80,95,51,75,70,74,45,72,88,45,41,67,82,49,90,91,63,59,62,46,63,53,31,47,66,113,108,84,76,91,74,61,31,36,28,30,53,33,44,57,37,27,31,23,16,19,14,20,18,14,27,29,34,31,24,40,21,18,14,70,69,14,95,46,63,140,33,36,135,62,32,85,74,48,53,141,51,9,18,67,78,60,30,13,51,48,84,29,44,22,36,21,34,26,39,38,55,76,67,59,59,36,32,46,69,77,53,63,36,40,30,23,23,24,31,82,61,58,37,73,71,47,33,48,58,48,81,58,90,57,95,46,123,81,69,77,78,65,45,79,43,65,75,54,36,55,69,85,20,41,49,49,71,60,29,63,53,57,56,33,47,80,23,31,50,106,40,40,68,9,98,59,95,125,39,101,86,76,67,20,97,46,13,25,56,58,38,13,34,15,11,64,35,63,87,45,107,28,47,38,53,15,105,83,97,105,20,110,68,37,85,71,92,79,60,68,101,78,49,119,66,114,73,49,50,17,52,75,99,110,105,51,65,64,57,22,
20180815,11,CO,0.37,0.75,0.62,0.70,0.26,0.45,0.47,0.40,0.32,0.60,0.63,0.60,0.63,0.96,0.92,0.69,0.54,0.66,0.57,0.44,0.36,0.26,0.30,0.43,1.10,0.53,0.45,0.38,0.65,0.82,0.40,0.55,0.60,0.66,0.54,0.68,0.43,0.53,0.77,0.37,0.57,0.33,0.43,0.50,0.66,0.70,0.57,0.73,0.54,0.41,0.91,0.92,0.81,0.74,0.63,0.60,0.65,0.77,0.83,0.70,0.70,0.80,0.93,0.68,0.88,1.25,0.59,0.78,0.48,1.38,0.58,0.97,1.64,0.87,0.80,0.57,0.64,0.70,4.17,0.55,0.65,0.67,0.37,0.65,0.67,0.75,0.75,1.30,0.56,0.17,0.40,0.50,0.30,0.47,0.33,0.30,0.74,0.72,0.55,0.67,0.75,0.80,0.75,0.50,1.00,0.80,0.93,0.70,2.90,0.90,0.75,0.80,1.56,0.87,0.23,1.97,0.57,0.68,0.78,0.77,0.40,0.34,0.50,0.80,0.55,0.63,1.20,0.93,0.87,1.33,0.90,0.73,0.96,1.00,1.22,0.85,1.27,0.60,0.90,0.82,0.50,0.53,0.74,1.18,0.33,0.40,0.78,0.76,0.60,1.00,1.27,1.77,1.30,0.83,0.87,0.10,0.60,0.65,0.70,0.33,0.75,0.70,0.55,0.40,0.50,0.60,0.55,0.70,0.50,0.90,0.30,0.35,0.35,0.67,0.60,0.45,0.90,0.70,,0.87,0.65,0.80,0.75,0.40,0.45,0.60,0.20,0.80,0.45,0.53,0.85,0.80,2.37,0.98,0.85,0.90,0.50,1.03,1.43,0.23,0.30,0.60,0.30,0.27,0.35,0.65,0.52,0.80,0.45,0.60,0.73,1.00,1.55,0.75,0.40,0.20,0.43,0.40,0.50,0.33,0.45,0.38,0.80,0.40,0.55,0.20,0.58,0.58,0.85,0.48,0.50,0.55,0.30,0.57,0.40,0.58,0.70,0.70,0.40,0.57,0.63,0.63,0.70,0.60,0.65,0.65,0.47,0.42,1.57,0.33,0.50,0.97,0.60,1.07,1.13,0.82,1.03,0.55,0.86,0.77,0.40,0.64,0.73,0.85,0.93,0.78,0.55,0.90,0.83,0.77,1.00,0.76,0.58,1.18,1.85,0.70,1.23,1.67,0.85,0.67,1.00,0.80,0.57,0.90,1.00,0.90,0.60,0.80,0.75,0.67,0.50,0.70,1.13,1.05,1.10,0.65,0.40,0.80,0.80,0.45,0.45,1.00,0.57,0.60,0.50,0.85,0.65,0.90,0.60,0.65,0.45,1.20,0.75,0.90,0.80,1.03,1.30,0.75,0.85,0.80,0.85,0.65,0.75,0.50,0.45,0.40,0.35,0.25,0.77,1.00,0.70,0.85,0.75,0.50,0.40,0.30,0.40,0.50,0.70,0.40,0.60,0.80,0.70,1.30,0.80,1.20,0.40,0.30,0.40,0.60,0.60,0.70,0.95,0.60,0.75,1.05,0.30,0.70,1.10,0.75,0.30,0.77,0.70,0.90,0.80,1.00,
20180815,11,CO_24h,0.65,1.06,0.61,1.65,0.30,0.53,0.62,0.40,0.57,1.05,0.43,0.75,0.75,0.84,0.87,0.92,0.56,0.67,0.52,0.39,0.36,0.26,0.30,0.45,0.91,0.67,0.50,0.43,0.75,0.65,0.32,0.57,0.55,0.65,0.57,0.55,0.47,0.50,0.73,0.37,0.57,0.43,0.43,0.43,0.67,0.60,0.43,0.79,0.52,0.35,0.76,0.89,0.69,0.69,0.56,0.60,0.61,0.67,0.83,0.68,0.68,0.73,0.92,0.55,0.91,0.94,0.58,0.74,0.33,1.17,0.75,0.90,0.88,0.62,0.68,0.50,0.72,0.80,1.80,0.52,0.77,0.57,0.33,0.53,0.70,0.75,0.77,0.98,0.54,0.13,0.22,0.55,0.35,0.20,0.30,0.33,0.76,0.67,0.62,0.77,0.70,0.77,0.80,0.65,0.80,0.80,0.95,0.70,1.50,0.87,1.20,1.46,1.22,0.97,0.47,1.57,0.55,1.00,0.76,0.70,0.38,0.34,0.54,0.80,0.55,0.69,1.06,1.07,0.87,1.17,0.87,0.87,0.96,0.90,1.04,0.67,1.07,0.57,0.97,1.05,0.45,0.68,0.86,1.22,0.60,0.67,0.88,0.68,0.50,1.10,1.10,1.33,1.15,0.79,0.87,0.10,0.45,0.60,0.76,0.33,0.50,0.60,0.30,0.35,0.25,0.35,0.30,0.45,0.30,0.80,0.30,0.35,0.35,0.53,0.50,0.55,0.40,0.50,0.40,0.73,0.65,0.80,0.85,0.40,0.40,0.60,0.30,0.70,0.30,0.53,0.78,0.60,1.10,1.10,0.77,1.34,0.75,1.07,0.87,0.43,0.30,0.50,0.35,0.27,0.25,0.65,0.56,0.70,0.53,0.65,0.77,0.90,0.80,0.65,0.50,0.25,0.53,0.50,0.53,0.30,0.40,0.53,0.40,0.45,0.50,0.30,0.60,0.58,0.70,0.63,0.50,0.57,0.45,0.63,0.40,0.63,0.75,0.60,0.37,0.57,0.77,0.63,0.67,0.60,0.70,0.68,0.57,0.42,1.60,0.53,0.57,1.10,0.65,1.00,0.88,0.85,1.10,0.55,0.78,0.77,0.50,0.94,0.57,0.90,0.90,0.75,0.55,0.85,0.83,0.83,1.10,0.70,0.55,1.02,1.70,0.60,1.27,1.80,0.55,0.83,1.00,0.80,0.63,1.05,1.05,0.95,0.70,0.85,0.75,0.53,0.57,0.82,0.87,0.85,0.90,0.63,0.43,0.70,0.75,0.45,0.40,1.10,0.60,0.60,0.45,0.90,0.85,0.85,0.70,0.50,0.50,1.10,0.85,0.90,0.75,0.77,0.90,0.60,0.70,0.70,0.95,0.50,0.60,0.40,0.45,0.35,0.35,0.25,0.67,1.27,0.70,0.65,0.75,0.45,0.50,0.25,0.40,0.40,0.75,0.35,0.60,0.70,0.70,1.40,0.70,1.00,0.30,0.30,0.40,0.60,0.43,0.80,0.95,0.70,0.90,0.70,0.40,0.65,1.10,0.45,0.30,0.73,0.80,0.80,0.55,0.50,
20180815,12,AQI,29,26,42,20,23,35,43,34,30,34,27,37,35,61,33,21,34,27,43,31,33,47,29,30,43,51,39,42,36,43,41,33,53,33,22,22,28,35,21,22,18,31,28,32,42,12,30,23,30,41,48,44,51,28,29,29,29,31,32,38,48,34,49,21,47,85,59,61,44,96,62,76,69,67,44,46,45,44,33,17,17,23,38,72,34,35,25,30,52,30,34,25,26,40,31,26,34,31,25,21,39,29,35,25,29,42,24,33,76,25,33,56,111,45,27,32,21,18,20,22,31,21,25,35,31,43,60,31,39,66,46,51,54,51,53,46,39,49,27,39,24,57,35,37,31,43,53,74,33,69,73,76,59,70,65,61,26,53,37,51,27,34,40,23,35,31,30,29,27,32,30,38,39,31,32,29,40,30,65,44,26,33,28,20,41,46,23,25,27,47,36,66,81,54,49,50,52,66,80,48,23,77,38,28,33,64,28,43,18,26,26,31,32,21,50,29,24,33,22,13,18,16,58,44,36,18,44,50,44,35,35,16,31,62,38,61,42,40,31,14,25,21,28,24,27,41,54,39,50,35,52,36,29,32,43,33,44,50,53,33,32,46,53,53,42,60,35,52,41,36,48,44,43,48,48,55,54,38,31,41,40,35,46,40,51,34,28,51,27,35,64,46,56,55,85,44,26,41,69,14,43,42,38,39,57,47,38,32,38,50,42,53,19,47,64,75,68,32,55,46,48,69,55,31,44,43,29,15,60,41,52,67,83,53,115,33,50,34,49,53,43,58,31,76,60,53,35,28,25,40,74,85,60,47,22,78,21,112,414,131,80,44,37,22,60,68,
20180815,12,PM2.5,9,11,15,14,9,14,12,8,10,14,18,20,7,18,3,13,13,9,13,15,17,15,16,21,22,30,14,26,25,24,22,14,26,13,11,10,14,22,11,10,9,15,13,11,19,5,21,6,12,15,23,30,28,18,18,14,16,22,19,24,18,20,26,7,32,63,42,44,13,72,24,41,45,23,31,25,20,12,23,7,7,12,16,52,11,9,9,17,22,10,15,17,12,16,15,6,18,13,16,10,19,6,13,11,16,23,13,19,39,13,10,35,84,26,17,14,7,5,8,12,11,12,11,17,14,19,43,17,16,48,32,28,25,20,32,28,27,30,11,26,15,32,19,26,8,13,36,54,11,50,53,56,33,51,47,8,7,37,12,9,15,18,28,16,18,14,9,11,13,9,17,12,10,11,12,14,13,12,47,26,8,14,10,14,25,22,11,8,10,21,14,48,60,17,34,27,16,48,55,14,15,34,9,13,7,35,8,20,11,13,17,11,15,10,15,13,3,18,14,7,12,4,,9,25,,27,30,31,17,14,4,21,40,14,29,21,21,20,5,9,10,12,6,15,14,33,16,23,14,24,17,14,17,30,12,15,24,30,23,18,24,37,25,29,41,24,27,29,21,24,25,30,20,21,32,16,19,22,24,23,18,28,24,26,19,18,24,19,15,46,9,36,17,63,25,17,26,30,9,30,28,17,27,10,7,12,19,17,16,18,21,6,33,46,51,44,16,18,11,11,50,21,10,16,17,11,6,25,25,29,43,31,33,49,9,31,10,26,29,18,41,18,56,29,34,13,12,10,18,25,46,31,17,11,30,7,62,105,56,20,21,6,4,19,20,
20180815,12,PM2.5_24h,15,11,22,17,8,22,17,19,13,16,13,24,16,39,11,13,14,11,11,10,12,9,13,19,21,20,12,17,18,17,17,14,19,13,10,9,9,12,11,8,7,13,12,6,21,6,11,14,12,11,26,21,19,15,12,10,17,16,21,17,16,22,29,7,42,54,36,47,12,47,23,31,31,19,20,20,21,25,17,9,9,8,13,28,9,12,10,15,21,7,9,14,12,10,12,10,25,15,18,22,15,12,15,20,21,15,13,31,32,18,21,34,63,34,15,9,7,8,8,12,12,13,14,15,12,23,29,24,23,35,36,38,26,23,23,23,21,23,16,30,9,42,45,39,38,46,47,44,21,44,43,36,22,47,47,35,10,33,13,34,14,10,12,12,12,16,12,15,10,8,16,9,8,10,10,11,12,11,36,16,10,13,11,13,15,13,9,8,8,26,22,23,40,27,33,48,26,44,34,23,16,35,17,16,8,38,13,15,10,15,13,10,6,9,15,15,6,16,15,17,19,15,14,12,23,10,25,26,25,19,16,7,17,23,24,23,17,17,16,7,14,12,18,6,14,24,34,16,28,27,31,24,14,21,28,19,29,35,32,21,26,33,28,33,21,29,22,19,17,19,25,20,21,17,23,26,20,18,22,38,21,20,30,34,31,20,26,24,17,19,42,27,35,24,40,29,18,26,25,10,21,35,35,30,14,32,15,25,31,10,24,14,8,18,38,37,38,9,17,11,9,16,15,11,10,18,10,7,30,36,27,30,19,36,64,28,33,12,20,30,30,30,17,47,29,16,22,13,8,29,22,23,25,20,10,20,16,70,54,52,30,26,5,7,21,15,
20180815,12,PM10,21,24,41,16,23,24,22,15,18,34,27,20,30,72,21,21,34,27,43,31,33,47,29,28,43,52,39,42,34,43,41,33,56,33,22,22,28,35,21,22,18,28,28,32,42,12,27,21,22,41,48,44,51,28,29,20,22,29,25,38,48,34,49,12,47,107,66,60,44,108,74,101,88,83,42,46,45,44,27,17,17,23,38,93,26,32,19,30,53,30,27,23,25,40,31,26,34,28,23,21,39,28,35,13,29,42,17,33,101,22,22,62,121,45,27,32,14,18,20,22,31,18,20,35,31,43,68,24,39,78,43,52,57,52,56,46,39,49,19,39,24,63,32,34,16,32,56,70,22,58,88,88,68,79,70,71,18,49,37,51,24,34,39,23,32,27,29,23,23,32,30,38,39,31,32,29,40,30,,44,21,24,19,18,41,46,22,14,27,47,36,,108,57,49,50,53,46,109,48,23,103,17,28,10,77,17,43,15,15,26,15,32,21,50,29,24,33,22,13,18,16,66,44,28,,44,50,44,35,35,16,31,73,26,71,42,40,31,14,25,21,28,24,27,41,57,39,50,35,54,36,28,32,41,33,44,50,56,31,29,46,47,56,42,70,32,54,32,32,48,44,42,48,48,60,57,37,27,41,40,35,46,40,51,34,28,51,23,30,74,19,62,59,103,44,26,41,87,12,35,42,38,29,63,14,31,32,38,50,34,56,19,28,65,100,86,32,59,46,48,68,59,31,44,43,21,10,70,37,54,84,116,50,180,14,50,24,49,55,43,46,27,101,70,55,35,25,25,40,98,119,70,47,22,106,19,173,514,211,110,44,37,4,69,85,
20180815,12,PM10_24h,26,21,38,27,17,40,27,35,43,30,24,24,33,75,35,21,30,23,29,31,31,30,37,31,40,45,34,35,38,38,40,34,44,31,22,23,25,28,26,22,22,23,25,18,44,15,19,30,23,40,50,37,36,25,21,15,28,26,39,30,26,39,52,16,71,89,62,78,35,91,48,75,67,68,38,34,54,59,26,16,20,14,25,43,19,22,20,26,48,24,24,27,25,36,26,29,40,25,27,35,30,30,28,29,32,26,31,38,61,33,54,65,95,65,29,25,17,19,14,23,28,22,23,35,31,58,49,40,46,57,58,61,51,45,37,34,41,34,32,48,22,72,67,68,65,67,83,67,37,69,94,62,52,82,95,236,45,63,39,143,22,17,31,32,28,31,27,33,24,41,33,25,27,27,30,29,34,25,44,33,28,27,21,24,34,33,25,12,19,41,44,36,80,83,48,71,49,60,67,51,20,70,25,24,21,81,20,33,23,25,21,13,12,19,29,29,18,35,30,28,29,34,57,36,40,16,44,45,41,37,38,18,38,51,22,56,36,33,36,15,28,24,34,18,32,49,59,34,51,51,55,51,34,41,45,33,54,54,53,37,41,59,43,60,36,59,32,42,35,32,49,39,36,41,48,46,58,31,34,58,35,34,44,53,58,40,49,44,36,41,71,48,60,53,75,52,28,43,67,16,30,52,62,43,58,51,39,40,48,29,53,36,19,26,51,67,64,25,38,24,36,30,46,25,32,44,18,11,53,98,48,60,49,57,264,91,49,49,40,56,41,39,22,86,71,30,30,25,37,112,68,55,61,59,20,64,37,218,387,208,150,50,21,7,48,52,
20180815,12,SO2,2,4,7,18,9,8,4,8,3,4,9,7,10,13,8,7,5,4,6,6,6,4,12,5,19,8,10,11,5,5,8,4,6,7,6,5,5,7,2,4,5,6,4,6,5,4,7,4,5,5,6,4,9,6,7,3,6,6,4,5,7,8,9,4,7,11,5,18,9,10,7,8,11,11,10,12,10,9,11,7,16,7,7,9,4,6,4,13,17,9,13,4,5,4,6,5,10,6,7,8,6,8,8,5,7,11,7,8,13,6,12,8,57,14,6,19,9,10,7,14,6,3,6,6,7,10,12,7,6,10,9,6,6,8,7,8,5,8,8,17,4,7,8,27,5,10,12,6,8,16,15,12,10,5,7,3,16,9,6,6,15,9,6,3,9,3,8,5,6,10,13,6,5,7,12,12,11,14,2,15,6,6,11,13,6,6,2,4,3,6,6,8,18,20,6,8,23,14,53,8,2,21,10,3,11,11,5,22,7,10,4,5,5,10,3,4,4,2,6,1,6,3,7,13,9,,12,10,13,10,6,9,13,8,17,4,13,13,8,6,8,6,6,3,5,13,12,23,14,22,15,13,6,15,12,9,5,8,6,4,10,8,12,9,6,9,8,4,8,4,5,15,8,4,8,6,5,8,2,8,7,14,10,10,8,6,7,12,6,30,11,10,9,18,12,6,18,4,13,7,7,10,19,8,1,9,8,12,5,7,5,10,6,10,12,58,27,6,8,50,17,11,6,4,3,3,4,4,7,6,13,4,11,9,4,3,4,6,8,4,10,15,10,11,13,12,7,5,10,17,12,9,5,8,6,24,13,10,5,8,7,11,4,8,24,12,
20180815,12,SO2_24h,2,4,7,24,8,7,5,9,3,5,10,7,12,6,9,10,6,3,6,7,6,4,12,5,15,10,10,12,8,5,7,5,7,7,6,5,6,8,3,3,5,8,4,4,5,4,5,5,10,5,5,6,8,6,6,3,5,6,5,5,6,9,10,4,7,9,5,29,7,9,7,11,9,9,10,11,16,9,7,6,12,15,7,8,5,7,5,8,21,5,9,6,5,5,6,5,9,6,6,12,8,8,7,8,8,11,8,10,10,6,14,9,20,14,10,9,10,9,7,7,6,3,6,6,8,11,12,10,7,7,16,7,7,9,10,9,4,8,7,17,4,8,8,29,18,10,22,11,5,20,12,10,10,4,5,6,11,17,6,6,12,9,8,3,8,3,4,5,6,7,12,4,5,8,10,14,6,12,2,14,7,13,12,13,5,7,3,4,3,7,7,5,13,17,5,12,30,15,23,6,3,12,16,3,11,9,6,14,6,10,2,7,5,8,3,5,4,2,6,2,4,5,9,7,8,4,15,13,12,12,7,10,11,11,19,6,14,7,8,7,9,9,6,3,7,17,15,16,16,26,13,22,16,16,13,9,9,9,5,4,12,11,10,9,6,11,8,4,4,4,8,16,9,3,8,5,19,8,3,10,9,12,10,14,8,7,8,11,5,28,11,12,5,14,6,8,18,4,11,8,9,12,16,12,1,9,8,15,25,5,16,18,6,8,11,36,24,6,6,15,14,11,6,4,2,3,4,4,7,9,7,4,17,9,4,3,6,7,8,4,10,14,9,9,17,12,7,6,10,16,8,9,5,7,6,9,12,7,6,9,7,10,4,7,13,13,
20180815,12,NO2,12,8,7,32,13,8,13,8,8,16,15,4,8,17,10,15,6,18,11,13,11,30,5,6,18,12,17,19,15,9,10,6,18,11,12,8,4,7,9,6,2,8,10,11,18,19,29,10,10,20,20,13,13,30,21,9,25,14,19,22,11,18,18,21,39,50,11,29,14,36,31,24,24,34,25,13,13,13,23,9,10,17,19,19,2,11,9,11,11,8,13,12,7,12,7,10,11,9,11,9,13,10,7,9,16,11,19,12,38,10,8,4,23,20,17,25,6,10,12,14,7,12,5,7,6,8,18,10,6,15,9,9,23,6,8,8,20,11,11,11,10,14,15,21,24,9,12,19,14,19,13,23,30,17,12,4,36,12,15,6,12,9,28,10,11,10,10,,12,7,13,3,12,14,13,11,13,13,7,18,6,15,6,3,12,13,7,4,12,8,10,32,16,13,16,3,15,11,24,6,6,15,4,4,3,8,8,20,9,12,11,8,16,12,4,4,9,9,7,5,7,5,19,6,5,,21,17,16,14,7,14,15,11,26,19,9,17,10,11,8,5,10,12,3,7,9,9,15,5,11,6,3,9,16,6,10,7,12,7,7,10,21,16,6,13,2,10,7,6,11,14,7,9,15,13,6,12,7,12,10,12,13,10,8,8,12,9,8,18,22,14,32,36,27,18,11,15,25,5,13,15,14,20,10,6,10,12,9,17,13,21,13,9,15,19,22,10,21,14,9,24,17,7,3,3,4,3,10,13,7,23,10,8,7,6,17,12,6,9,12,10,11,20,3,8,5,10,5,8,11,4,15,15,21,46,5,10,7,36,19,17,3,,24,17,
20180815,12,NO2_24h,24,19,16,36,14,20,17,12,22,26,18,20,17,31,29,27,7,23,21,18,18,22,10,9,24,22,21,27,21,11,9,8,16,14,16,14,10,11,11,8,5,16,18,12,23,15,23,19,15,5,26,26,16,28,18,16,25,18,28,23,13,20,32,12,43,45,17,45,17,50,31,25,29,38,24,19,33,28,29,10,17,16,19,22,8,16,8,12,20,4,11,17,10,9,8,11,17,9,11,10,15,7,14,16,20,8,14,17,23,16,18,17,24,28,18,25,15,19,15,21,10,13,18,13,11,17,21,20,11,24,17,14,25,12,11,9,22,12,14,21,9,31,23,32,29,20,29,31,19,29,31,24,27,28,33,4,19,26,16,13,10,10,9,5,14,7,8,10,10,5,14,5,13,16,19,22,15,24,10,23,9,17,14,6,18,14,12,8,10,12,15,23,18,34,24,10,31,31,22,6,11,22,13,6,9,7,14,17,19,11,17,16,13,15,9,8,14,19,9,11,9,13,29,7,18,7,29,18,20,16,13,11,21,17,29,24,12,16,16,11,14,9,23,10,6,11,16,10,16,9,13,13,8,21,24,12,16,13,14,13,12,26,16,21,15,12,2,11,14,10,14,17,10,16,17,17,14,13,9,19,14,18,14,16,18,11,17,15,10,27,32,23,29,35,31,29,13,23,27,5,16,14,25,11,14,21,23,19,11,11,15,11,18,11,22,19,26,11,26,9,12,14,14,8,3,4,6,5,15,45,13,21,9,18,12,4,30,11,8,27,12,8,14,27,6,6,13,10,12,9,19,10,22,28,27,41,12,21,11,25,14,28,6,31,26,29,
20180815,12,O3,93,84,133,48,42,112,137,110,96,90,72,117,111,125,107,64,45,66,87,57,86,45,51,59,129,93,76,110,83,64,66,56,94,69,55,64,67,87,68,52,37,98,89,85,104,35,61,74,96,26,102,117,107,76,73,94,94,86,102,82,84,89,89,67,81,160,94,111,64,139,75,87,161,74,88,108,108,128,29,15,51,39,58,151,109,113,80,90,129,54,110,79,84,39,35,63,92,100,81,67,99,93,92,79,75,96,77,78,103,80,105,126,216,121,71,34,66,35,50,66,62,67,79,90,83,114,155,100,81,133,107,143,91,115,128,116,69,109,86,77,69,116,113,100,99,136,130,135,104,113,175,140,119,136,142,99,82,144,77,96,86,83,50,44,113,98,95,94,87,86,38,33,40,62,61,51,52,60,78,66,83,105,89,55,63,87,72,80,9,108,80,41,173,113,135,158,112,149,167,83,71,129,121,62,104,154,89,69,59,84,52,98,45,48,87,73,70,74,39,31,37,31,38,43,53,57,87,115,107,77,112,47,86,102,122,134,103,92,85,39,64,57,64,34,64,91,92,107,77,91,98,110,92,92,100,95,99,89,133,77,101,113,99,108,130,92,113,127,126,114,84,103,101,109,75,62,90,120,62,71,78,92,103,85,71,103,49,104,74,112,134,148,84,128,145,140,70,103,158,44,110,105,123,101,71,151,122,92,85,74,135,61,50,64,108,135,93,62,69,51,38,84,63,63,82,45,94,47,114,131,106,75,96,162,114,106,96,109,99,103,110,61,99,91,59,87,102,88,79,117,155,114,84,57,67,77,67,89,114,85,91,81,64,69,69,78,
20180815,12,O3_24h,107,92,145,52,81,133,134,172,92,90,82,117,136,158,134,62,56,82,87,57,114,58,58,83,134,155,78,112,130,111,127,63,135,104,53,64,93,100,68,52,37,98,98,74,157,76,78,120,99,47,147,127,122,97,88,103,118,121,143,98,89,133,165,89,242,209,143,154,106,248,174,165,161,115,145,122,175,161,46,28,51,53,77,151,109,113,116,102,146,60,110,120,93,55,41,89,119,110,129,111,99,122,95,95,112,114,103,99,141,124,132,157,241,167,81,42,66,35,56,99,77,67,95,129,136,145,169,141,123,155,169,187,138,115,128,117,122,109,132,98,71,228,194,161,183,197,251,151,168,143,254,185,139,170,186,114,116,161,102,107,88,90,62,48,113,98,95,94,87,86,44,34,47,67,61,64,69,60,89,94,121,110,126,55,106,97,72,80,21,153,127,79,189,156,168,252,177,156,173,87,77,166,131,64,106,186,89,55,59,89,78,98,45,65,87,90,100,74,61,79,70,51,84,69,66,88,133,148,121,94,152,50,118,115,133,144,103,160,108,89,82,96,74,46,65,126,138,123,123,158,128,129,104,133,132,112,137,116,156,112,129,173,168,128,134,106,113,128,126,121,127,125,101,109,117,78,102,119,92,114,100,102,137,134,93,123,92,179,128,155,176,215,133,190,169,200,131,130,192,65,121,132,144,168,128,160,156,121,142,88,153,84,59,70,140,165,133,71,106,60,59,84,84,99,89,61,137,62,159,153,171,142,113,168,121,130,139,121,117,107,127,106,122,154,96,95,120,139,105,133,181,142,114,69,86,123,100,124,142,140,122,137,94,72,118,121,
20180815,12,O3_8h,52,42,59,31,43,47,62,79,37,47,34,46,55,62,54,25,46,35,55,29,28,21,27,26,76,29,28,36,29,27,28,31,36,28,22,23,28,32,25,26,19,37,38,27,36,28,40,49,70,21,56,67,65,54,62,90,57,66,64,63,65,54,33,64,69,43,68,46,51,49,64,71,58,31,52,55,53,78,13,12,24,34,28,93,50,49,82,84,78,28,84,45,45,16,26,79,50,77,65,58,63,83,62,75,55,78,73,60,36,38,53,62,108,51,63,15,26,15,40,34,38,47,56,34,32,60,83,44,55,54,72,98,51,82,75,80,29,77,67,49,43,60,90,43,96,96,56,70,49,58,75,66,41,54,73,103,91,85,68,90,78,64,28,29,36,39,66,41,52,63,32,25,32,29,24,23,20,26,36,21,35,40,43,35,28,47,29,28,9,76,64,18,65,56,64,119,46,49,88,63,29,58,82,50,59,131,60,12,25,71,54,64,17,18,58,51,83,38,33,26,33,22,29,29,38,38,31,48,76,40,62,35,29,52,77,70,57,43,44,32,28,29,29,24,35,71,51,54,37,66,61,58,42,46,47,46,69,62,89,54,75,59,58,77,78,72,80,66,57,81,41,59,69,59,43,53,72,84,26,47,48,48,62,63,34,66,32,64,51,41,57,79,27,33,57,79,36,45,69,13,75,58,96,89,30,111,94,68,68,25,95,35,19,30,35,53,31,19,33,19,15,55,31,44,78,36,81,30,44,54,40,22,91,63,91,103,32,108,66,47,59,64,67,66,57,71,72,64,45,117,74,97,50,50,40,19,40,73,104,77,79,42,58,56,26,20,
20180815,12,O3_8h_24h,52,42,59,32,52,48,62,79,37,47,44,46,55,62,54,25,48,55,55,29,28,21,27,27,78,29,28,36,29,27,28,31,37,28,22,23,28,32,25,26,20,37,38,27,63,31,53,60,70,31,63,73,72,63,70,94,63,67,64,63,74,54,41,64,80,46,76,56,60,50,65,76,72,40,56,57,54,79,15,21,25,34,36,94,50,49,93,84,85,28,84,45,52,33,32,79,55,78,84,72,63,109,62,75,55,78,73,60,40,46,53,77,108,51,66,15,26,16,41,38,42,54,56,34,32,64,92,46,65,62,80,100,54,82,75,80,45,77,88,50,44,67,90,47,96,96,67,70,62,58,75,66,41,57,73,113,108,88,76,91,78,64,31,36,36,39,66,41,52,63,37,27,32,29,24,23,20,26,36,21,35,40,43,35,28,47,29,28,14,76,70,18,95,56,66,140,46,49,135,63,33,85,82,50,59,141,60,13,25,71,78,64,30,18,58,51,84,38,44,26,36,22,34,29,39,38,55,76,76,59,64,38,32,52,77,78,57,63,44,36,31,29,29,24,35,82,61,58,38,73,71,58,42,50,59,51,81,62,93,59,95,59,123,82,78,77,80,67,57,81,43,66,77,59,43,57,72,88,26,47,51,50,71,63,34,66,53,64,56,41,57,81,27,42,65,106,43,47,74,13,98,61,96,125,42,111,94,78,68,25,100,46,19,30,56,59,38,19,37,19,15,64,35,63,87,45,107,30,48,54,53,22,105,83,97,105,32,110,68,47,85,71,92,79,60,71,101,78,49,119,74,114,73,50,50,22,52,75,104,110,105,53,65,64,57,22,
20180815,12,CO,0.35,0.69,0.54,0.68,0.24,0.42,0.42,0.27,0.33,0.63,0.50,0.50,0.63,0.72,0.83,0.66,0.56,0.59,0.58,0.44,0.40,0.27,0.33,0.45,1.17,0.53,0.53,0.40,0.65,0.85,0.40,0.55,0.65,0.63,0.52,0.55,0.40,0.50,0.80,0.35,0.57,0.30,0.43,0.50,0.62,0.65,0.60,0.69,0.57,0.46,0.92,0.87,0.82,0.77,0.60,0.60,0.68,0.77,0.80,0.74,0.68,0.67,0.86,0.73,0.89,1.03,0.57,0.62,0.40,1.40,0.55,0.90,1.32,0.75,0.82,0.55,0.48,0.66,1.33,0.55,0.73,0.77,0.40,0.47,0.75,0.80,0.80,1.18,0.46,0.37,0.44,0.60,0.35,0.30,0.33,0.35,0.74,0.74,0.57,0.67,0.75,0.80,0.70,0.50,0.95,0.85,0.93,0.70,2.03,0.90,0.53,0.74,1.32,0.78,0.33,1.17,0.60,0.68,0.64,0.70,0.35,0.32,0.40,0.77,0.55,0.51,1.14,0.90,0.83,1.35,0.80,0.77,0.98,0.95,1.26,0.77,1.23,0.67,0.80,0.83,0.55,0.52,0.74,1.10,0.33,0.50,0.65,0.72,0.53,0.90,1.27,1.73,1.30,0.84,0.90,0.15,0.65,0.65,0.72,0.37,0.85,0.55,0.70,0.50,0.40,0.55,0.55,0.60,0.45,1.00,0.30,0.40,0.40,0.63,0.70,0.40,0.90,0.60,1.20,0.87,0.65,0.80,0.75,0.40,0.40,0.60,0.20,0.80,0.40,0.53,0.75,0.80,1.27,0.94,0.82,0.90,0.45,0.90,1.10,0.23,0.30,0.75,0.20,0.30,0.30,0.60,0.50,0.80,0.42,0.57,0.70,0.90,1.65,0.50,0.40,0.20,0.43,0.40,0.43,0.33,0.65,0.37,,0.45,0.40,0.20,0.54,0.60,0.67,0.40,0.47,0.53,0.35,0.60,0.40,0.60,0.75,0.60,0.37,0.60,0.60,0.65,0.53,0.60,0.63,0.57,0.47,0.40,1.55,0.35,0.40,0.97,0.50,0.90,1.05,0.83,1.00,0.55,0.86,0.77,0.40,0.56,0.77,0.88,0.95,0.82,0.55,0.85,0.80,0.83,0.95,0.75,0.63,1.13,1.88,0.70,1.23,1.83,0.95,0.70,0.97,0.87,0.60,0.80,1.00,0.90,0.65,0.85,0.75,0.60,0.70,0.73,1.10,0.80,1.13,0.57,0.40,0.70,0.70,0.45,0.35,0.97,0.45,0.60,0.50,0.70,0.65,0.80,0.50,0.50,0.45,1.00,0.75,0.90,0.75,0.93,0.85,0.55,0.80,0.70,0.90,0.55,0.65,0.50,0.40,0.35,0.35,0.25,0.63,0.93,0.70,0.70,0.75,0.50,0.40,0.25,0.35,0.45,0.70,0.35,0.60,1.20,0.70,1.10,0.80,1.00,0.30,0.40,0.40,0.60,0.53,0.65,0.95,0.60,0.70,0.95,0.30,0.65,1.10,0.60,0.40,0.60,0.60,0.90,0.60,0.80,
20180815,12,CO_24h,0.62,1.03,0.61,1.60,0.28,0.53,0.60,0.37,0.57,1.05,0.43,0.75,0.75,0.83,0.87,0.92,0.57,0.66,0.52,0.42,0.37,0.26,0.30,0.45,0.91,0.67,0.51,0.43,0.75,0.65,0.32,0.57,0.55,0.63,0.57,0.55,0.47,0.50,0.73,0.37,0.57,0.43,0.43,0.43,0.66,0.60,0.47,0.79,0.51,0.35,0.76,0.89,0.69,0.69,0.56,0.60,0.62,0.67,0.80,0.68,0.68,0.73,0.90,0.55,0.90,0.95,0.57,0.74,0.33,1.17,0.68,0.90,0.90,0.63,0.70,0.52,0.70,0.80,1.80,0.52,0.73,0.60,0.30,0.50,0.70,0.75,0.77,1.02,0.54,0.17,0.22,0.55,0.35,0.20,0.30,0.33,0.76,0.67,0.62,0.77,0.75,0.80,0.80,0.65,0.80,0.80,0.95,0.70,1.53,0.87,1.20,1.42,1.22,0.95,0.45,1.45,0.55,0.98,0.76,0.70,0.38,0.34,0.54,0.80,0.55,0.69,1.06,1.07,0.87,1.10,0.87,0.87,0.96,0.90,1.04,0.67,1.07,0.57,0.97,1.05,0.45,0.68,0.86,1.35,0.60,0.67,0.85,0.68,0.50,1.10,1.10,1.37,1.15,0.79,0.87,0.10,0.45,0.65,0.74,0.33,0.55,0.60,0.30,0.35,0.25,0.35,0.30,0.45,0.30,0.80,0.30,0.35,0.35,0.53,0.50,0.55,0.40,0.50,0.50,0.77,0.65,0.80,0.85,0.40,0.40,0.60,0.30,0.70,0.30,0.53,0.75,0.60,1.12,1.08,0.77,1.24,0.75,1.07,0.87,0.43,0.30,0.50,0.30,0.27,0.25,0.65,0.56,0.70,0.53,0.63,0.77,0.90,0.80,0.65,0.45,0.25,0.53,0.50,0.53,0.30,0.40,0.53,0.40,0.45,0.50,0.30,0.60,0.58,0.70,0.63,0.50,0.57,0.45,0.63,0.40,0.63,0.75,0.60,0.37,0.58,0.70,0.63,0.67,0.60,0.70,0.68,0.53,0.42,1.60,0.53,0.57,1.10,0.65,1.00,0.90,0.85,1.10,0.55,0.80,0.77,0.50,0.92,0.57,0.90,0.90,0.75,0.55,0.85,0.83,0.83,1.05,0.70,0.57,1.02,1.70,0.60,1.25,1.80,0.55,0.83,1.00,0.80,0.63,1.05,1.05,0.95,0.70,0.85,0.75,0.53,0.57,0.82,0.90,0.77,0.90,0.63,0.43,0.70,0.75,0.45,0.40,1.10,0.60,0.60,0.45,0.90,0.85,0.85,0.70,0.50,0.50,1.10,0.85,0.90,0.75,0.73,0.90,0.60,0.70,0.70,0.90,0.50,0.55,0.40,0.45,0.35,0.35,0.25,0.67,1.23,0.70,0.65,0.75,0.45,0.50,0.25,0.40,0.40,0.75,0.35,0.60,0.70,0.70,1.40,0.70,1.00,0.30,0.30,0.40,0.60,0.43,0.80,0.95,0.70,0.90,0.70,0.40,0.65,1.10,0.45,0.30,0.73,0.80,0.80,0.45,0.60,
20180815,13,AQI,29,27,44,23,19,40,45,34,28,31,29,40,38,56,37,24,36,23,38,25,35,47,27,48,45,52,44,51,39,45,46,36,44,29,26,21,23,34,26,22,19,35,34,27,39,12,39,23,32,38,55,43,47,32,25,31,32,33,45,39,37,42,45,22,46,121,51,56,35,90,67,69,89,63,45,52,37,43,55,15,35,24,24,59,37,38,33,35,50,27,34,31,31,33,27,27,35,32,31,31,35,30,35,26,42,35,30,47,64,31,35,43,105,43,26,34,23,14,21,21,27,34,24,31,33,35,69,35,46,71,42,48,45,40,52,40,34,50,37,45,28,51,41,39,31,61,45,70,35,51,103,72,59,74,64,60,34,53,44,55,31,30,46,29,38,34,34,37,32,29,30,35,28,25,39,27,34,27,61,39,33,42,30,24,40,41,23,29,14,49,32,58,95,51,46,61,41,69,85,43,24,74,38,22,33,61,27,40,28,27,26,30,24,28,48,34,24,40,20,11,21,17,19,30,20,3,42,50,43,31,37,18,37,59,44,58,35,39,29,16,21,22,33,27,26,36,47,36,46,35,52,41,33,38,47,34,42,46,53,31,34,42,61,40,42,57,37,53,39,37,46,42,51,46,54,52,45,43,30,45,48,43,49,34,52,34,38,51,27,39,58,68,56,100,91,51,31,39,101,19,50,39,40,37,45,47,40,30,33,69,44,51,18,33,56,85,54,25,48,42,50,58,54,23,31,29,30,18,48,44,55,64,78,55,83,33,51,33,35,51,44,62,30,73,55,45,31,29,27,41,68,90,52,50,22,65,26,110,320,154,83,47,33,25,62,33,
20180815,13,PM2.5,9,10,15,16,8,10,12,10,9,14,14,22,9,14,6,11,13,7,12,17,15,16,17,24,21,29,21,31,27,25,23,15,22,14,12,8,11,23,12,10,9,15,14,11,23,6,27,6,10,12,24,29,29,19,17,13,19,23,18,22,17,20,27,6,28,68,29,40,11,67,31,33,44,32,29,26,14,12,39,8,8,12,15,38,10,13,12,15,21,19,16,17,12,18,13,7,19,12,15,15,18,12,12,10,18,17,14,22,33,9,9,23,55,26,15,18,6,4,9,9,17,16,11,15,15,18,43,15,15,52,28,27,29,25,34,26,22,33,12,27,14,28,25,27,6,18,24,51,14,36,52,52,32,54,45,20,24,34,13,8,19,15,32,14,14,17,9,14,13,10,14,10,9,13,13,15,14,13,44,22,9,16,10,17,21,20,9,10,10,32,13,,43,15,30,25,10,50,50,14,9,37,9,15,5,34,10,18,9,13,16,7,15,12,11,13,2,19,14,6,15,4,13,11,11,,27,34,29,16,13,8,21,37,17,31,21,20,20,6,9,9,13,7,10,12,28,20,24,15,24,19,15,13,29,13,12,18,32,20,17,23,44,19,27,39,21,30,27,22,24,25,32,17,23,28,22,21,21,22,26,22,27,24,26,22,21,29,18,13,41,9,36,15,68,25,20,25,31,7,35,26,19,26,12,6,14,17,18,19,14,24,5,23,40,63,31,8,22,12,8,41,17,8,11,14,11,8,24,19,29,46,31,34,26,12,32,10,20,20,21,34,20,53,27,23,10,13,10,19,25,44,23,16,9,31,8,69,89,70,17,18,8,6,15,10,
20180815,13,PM2.5_24h,14,11,21,17,8,21,16,15,13,16,13,23,16,30,10,13,13,11,11,11,12,10,13,19,22,20,13,18,19,17,17,14,20,13,10,9,10,13,11,8,8,13,12,6,21,5,12,14,11,11,26,22,20,15,12,10,17,17,21,17,16,22,28,7,41,55,36,47,12,47,23,31,32,20,21,20,21,24,18,9,9,9,13,30,10,12,10,15,21,8,9,15,12,10,12,10,24,15,17,21,15,12,15,19,21,15,13,31,32,17,20,34,63,33,15,10,7,8,8,12,13,13,14,15,13,23,30,23,22,36,35,38,26,23,24,23,21,23,16,30,9,41,45,38,37,46,46,44,20,43,43,36,22,46,47,34,10,33,13,34,14,10,13,12,12,16,12,15,10,9,17,9,8,10,11,12,12,11,37,16,9,14,11,13,15,13,9,8,8,26,22,23,41,26,33,47,25,44,35,22,16,35,16,16,8,38,13,15,10,15,13,10,6,9,14,15,6,17,15,17,18,15,14,13,23,10,25,27,25,19,16,7,17,23,24,24,17,17,16,7,14,11,17,6,14,24,33,16,28,27,31,24,14,21,28,18,28,34,33,22,25,32,28,33,21,30,23,20,18,19,25,20,22,17,23,26,20,18,21,37,21,20,30,33,31,21,26,24,17,19,42,27,36,25,41,28,19,26,25,10,22,35,34,30,14,31,15,25,30,10,24,14,8,19,38,37,38,9,17,11,9,17,15,12,9,19,10,7,30,36,26,30,20,37,63,25,33,11,20,30,29,31,17,48,29,17,22,13,8,29,23,25,25,20,10,21,15,72,58,55,30,26,6,7,21,15,
20180815,13,PM10,20,21,38,19,19,25,23,21,22,31,24,28,30,61,16,19,36,19,38,25,27,47,27,48,42,53,44,52,39,45,46,36,44,29,26,21,23,27,23,22,19,25,31,27,39,12,37,18,23,38,59,43,47,32,25,20,32,26,45,39,37,42,45,9,46,110,51,36,35,96,83,88,79,76,43,54,33,36,45,15,35,24,24,68,27,25,33,27,50,17,30,31,26,33,27,27,35,20,31,31,35,30,35,,42,,16,47,78,29,25,40,82,43,26,34,13,14,21,19,27,34,20,29,33,34,64,26,46,77,42,46,45,40,53,40,34,50,31,45,28,52,41,34,14,35,45,73,24,48,75,93,68,75,77,70,24,47,44,60,31,30,36,29,27,33,20,37,20,29,30,35,28,25,39,27,34,27,,39,19,30,16,24,40,41,17,15,14,49,32,65,83,52,46,43,35,58,95,43,23,98,11,22,8,71,22,40,28,26,26,12,24,28,48,34,11,40,15,11,20,17,,30,20,,42,50,43,31,37,18,34,68,21,65,35,36,29,9,12,19,33,27,26,36,47,36,46,35,53,41,29,31,47,33,42,46,56,31,23,42,55,40,42,63,31,55,,35,46,42,52,46,57,54,45,43,20,45,48,43,49,31,53,34,38,52,26,31,66,14,62,50,104,40,29,39,91,9,36,37,37,30,45,12,24,27,33,88,37,52,18,28,54,102,58,25,48,42,50,61,57,23,31,29,19,15,48,33,59,66,106,49,116,16,52,15,35,52,44,73,26,84,60,45,19,20,26,41,86,130,54,50,21,80,26,169,436,257,116,47,33,,74,30,
20180815,13,PM10_24h,25,22,38,27,17,39,27,32,43,30,24,24,33,75,34,21,29,23,29,31,31,31,36,31,40,46,34,36,38,38,40,34,44,31,22,23,25,28,26,22,22,23,26,19,44,14,19,30,23,40,50,37,37,25,22,15,28,22,38,30,27,39,50,15,69,90,61,78,35,91,48,76,69,69,38,35,53,58,27,16,21,17,26,44,20,22,20,26,48,24,24,27,25,35,26,29,40,24,26,33,30,30,28,27,31,26,31,38,63,33,53,63,95,65,28,25,17,18,15,23,28,22,23,35,31,58,49,39,46,59,57,61,51,45,38,35,40,34,31,48,23,71,66,67,63,67,81,67,35,68,93,63,52,81,95,228,35,64,40,142,22,17,31,31,28,30,26,33,24,40,33,25,27,27,31,29,34,25,44,34,27,27,21,24,35,34,25,13,18,42,44,37,81,82,48,69,49,60,67,51,21,71,24,24,20,82,20,34,23,25,21,13,13,19,29,29,18,36,30,27,27,33,58,36,40,16,44,46,41,37,38,18,38,52,25,57,37,33,36,14,27,22,33,19,32,50,58,34,51,50,55,50,33,40,45,32,53,54,53,37,40,57,44,59,36,60,32,43,36,33,49,39,37,42,48,47,58,32,34,56,36,34,44,49,58,40,49,43,36,42,72,47,61,53,77,51,28,43,68,16,30,51,61,43,58,50,39,39,48,32,52,36,19,26,52,68,65,25,39,25,37,32,47,25,32,44,19,11,52,97,48,61,52,58,250,80,49,39,38,56,42,43,23,87,72,31,31,24,36,113,70,59,62,58,20,66,37,223,386,217,150,50,21,7,48,52,
20180815,13,SO2,2,3,7,19,8,7,4,8,3,4,9,6,11,10,9,7,5,3,6,5,6,4,12,5,18,9,10,12,8,5,7,5,6,6,5,5,5,7,3,4,6,5,3,5,5,5,8,3,5,12,6,4,7,6,6,2,5,5,4,4,5,7,9,4,6,10,4,10,9,10,5,8,10,14,10,9,7,8,9,6,14,10,7,10,5,5,5,10,12,5,14,4,5,3,6,4,9,6,7,8,6,8,8,7,7,11,6,9,13,6,10,7,32,12,6,16,9,9,6,17,5,3,5,5,6,9,11,6,6,9,9,4,6,8,8,7,4,9,8,17,4,6,11,26,4,9,9,6,7,16,16,11,10,5,5,3,24,10,6,6,15,8,6,3,8,3,10,5,7,10,13,5,5,8,12,11,10,12,2,15,6,7,10,12,5,6,2,4,4,6,6,12,17,16,7,7,20,15,24,5,2,15,14,3,11,11,6,18,6,8,2,5,4,7,3,4,4,2,6,2,5,4,5,7,8,4,10,9,11,11,4,9,10,6,16,4,16,11,6,6,7,5,4,3,5,7,7,23,10,23,10,13,6,12,9,8,5,8,5,4,10,7,12,9,6,9,8,4,6,4,5,14,9,4,7,6,4,8,3,8,6,13,10,10,8,6,7,14,5,24,10,12,6,16,44,6,17,4,12,8,7,10,17,6,1,8,7,9,5,7,4,9,6,10,10,52,11,7,6,25,17,11,6,4,4,3,4,4,6,6,8,16,11,7,4,3,4,6,8,3,8,17,10,9,12,13,7,8,9,17,10,9,5,7,6,26,13,8,5,8,7,13,4,7,15,10,
20180815,13,SO2_24h,2,4,7,24,8,7,5,9,3,5,10,7,12,6,9,10,6,3,6,7,6,4,12,5,15,10,10,12,8,5,7,4,7,6,6,5,6,8,3,3,5,8,4,4,5,5,5,5,10,5,5,6,8,6,6,3,5,6,5,5,6,9,10,4,8,9,5,30,7,9,6,10,9,9,10,12,15,9,7,6,12,30,7,9,5,7,5,9,21,5,9,6,5,5,6,5,9,6,6,12,8,8,7,8,8,11,8,10,10,6,14,9,20,14,9,10,10,9,7,8,6,3,6,6,8,11,12,9,7,7,15,7,7,9,10,9,4,8,7,17,4,8,9,28,17,10,22,11,6,21,12,10,10,4,5,6,11,17,6,6,13,9,8,3,8,3,4,5,6,8,12,4,5,8,10,13,7,12,2,14,6,12,12,13,5,7,3,4,3,7,7,6,13,17,5,12,30,15,23,6,2,12,16,3,11,9,6,14,6,10,2,7,5,8,3,4,4,2,6,2,4,5,9,7,8,4,15,13,12,12,7,10,11,11,18,6,14,7,8,7,9,9,6,3,7,16,15,17,16,26,13,22,15,15,13,8,9,9,5,4,12,11,10,9,6,11,8,4,4,4,7,16,9,3,8,5,18,8,3,10,9,12,10,14,8,7,8,11,5,29,11,12,5,12,8,8,18,4,11,7,9,12,15,12,1,9,8,14,25,5,15,18,6,8,12,36,24,6,6,15,15,11,6,3,2,3,4,4,7,9,7,4,17,9,4,3,6,7,8,4,10,14,10,9,17,12,7,6,10,17,8,9,5,7,6,9,12,7,6,9,7,10,4,7,13,13,
20180815,13,NO2,14,6,5,26,13,6,10,8,11,15,13,4,7,11,9,12,5,12,12,12,10,28,4,7,16,11,14,19,12,6,9,8,16,9,13,6,2,7,10,5,2,7,9,8,14,18,27,10,9,28,17,12,9,30,19,6,22,8,17,21,11,15,15,13,33,30,9,20,11,23,23,22,17,30,16,11,10,12,25,10,8,17,15,15,4,10,5,7,9,9,13,10,6,9,8,4,11,8,12,9,10,10,5,7,20,5,14,16,19,9,6,3,9,12,13,23,5,10,11,13,5,8,6,6,5,5,13,9,5,10,8,8,14,8,5,7,19,10,9,14,6,8,14,17,22,11,6,16,14,14,10,22,19,13,8,3,27,13,14,5,6,6,23,12,8,8,8,8,10,7,13,3,14,15,12,9,14,11,9,18,6,15,6,3,9,11,4,3,12,7,9,27,11,9,13,4,9,12,13,4,6,11,3,3,3,6,7,17,7,11,6,9,10,8,3,3,8,8,6,5,7,5,16,5,7,5,14,17,14,14,9,11,14,12,22,16,7,13,9,9,8,5,19,13,3,4,6,6,8,6,11,6,3,8,12,4,9,6,12,7,7,7,16,13,6,9,2,7,4,6,7,10,10,10,15,12,5,13,6,12,10,11,10,9,7,6,17,8,5,12,12,12,23,34,18,15,11,10,20,4,2,12,14,6,10,6,8,9,5,11,7,11,12,10,9,16,11,9,14,9,9,18,15,7,2,2,5,3,6,11,8,11,7,7,5,4,12,11,5,6,9,5,8,16,4,12,5,10,3,10,8,3,11,13,20,36,4,6,2,20,14,15,1,,12,7,
20180815,13,NO2_24h,24,19,16,36,14,20,17,12,21,26,17,20,16,31,29,27,7,22,21,18,18,22,10,9,24,22,21,28,21,11,9,9,16,14,16,14,10,11,11,8,5,16,18,13,23,15,24,19,15,6,26,26,16,28,18,15,25,18,28,23,13,21,32,12,43,45,16,45,16,50,31,25,29,38,24,19,32,28,29,10,17,15,19,21,8,15,8,12,20,4,11,17,10,9,8,11,17,10,11,10,15,7,14,16,20,8,14,18,23,16,17,17,24,29,18,25,15,18,15,21,10,13,18,13,11,17,21,20,11,24,17,14,25,12,11,9,23,12,14,21,8,30,23,31,29,20,29,31,19,29,31,24,27,28,33,3,19,26,17,13,10,10,9,5,14,7,8,10,10,5,15,5,13,17,19,22,15,24,11,23,9,17,14,6,18,14,12,8,10,12,15,23,18,34,24,10,32,31,22,6,10,22,13,5,9,7,14,18,18,12,16,16,13,14,9,7,14,18,9,11,9,13,28,7,18,7,29,18,21,16,13,11,22,17,30,24,12,16,16,12,13,9,23,11,6,11,16,10,16,9,13,13,8,21,24,12,16,14,14,13,12,26,16,21,15,12,2,11,13,10,14,17,10,16,17,16,14,12,10,19,14,17,14,16,18,11,18,15,10,27,32,23,29,38,31,29,13,23,27,5,16,14,24,11,14,20,22,19,11,11,15,11,18,11,22,19,26,11,26,9,12,14,15,8,3,4,7,5,15,45,13,22,9,18,12,5,31,11,7,27,12,8,14,27,6,6,13,9,12,9,19,9,22,27,27,42,12,21,11,25,14,29,6,31,27,29,
20180815,13,O3,93,86,142,54,46,129,144,110,91,97,93,129,123,132,118,76,42,75,89,65,111,71,54,69,144,114,92,132,118,72,83,67,98,80,64,64,60,108,84,58,40,112,108,80,121,31,74,73,103,47,119,117,122,82,78,99,100,89,90,86,81,99,99,71,93,241,97,132,75,185,73,97,191,100,143,129,118,139,55,15,59,44,73,163,119,121,58,111,130,64,108,96,98,87,38,52,93,103,82,70,101,97,84,84,66,113,97,76,150,100,111,137,209,131,78,75,73,41,57,67,60,73,77,99,101,113,175,113,88,165,120,155,108,119,146,124,88,112,117,82,59,119,113,118,100,169,134,154,111,143,206,136,158,163,155,102,88,162,86,98,79,93,71,80,122,110,110,106,101,84,41,32,67,81,70,57,66,66,95,80,104,134,95,60,80,82,72,94,9,111,85,73,196,122,148,169,132,160,188,89,78,160,120,66,107,155,86,76,84,86,69,97,75,57,88,76,76,79,39,36,34,31,,40,50,,120,145,120,86,119,49,119,121,140,131,110,124,89,50,67,71,42,35,65,73,90,110,106,92,66,114,104,121,124,110,101,92,142,84,109,108,120,113,126,106,117,130,118,119,83,116,94,115,88,78,94,100,63,73,98,106,113,91,76,101,48,133,87,125,159,174,128,200,152,161,98,114,202,60,122,124,127,106,76,150,129,95,94,106,141,61,55,93,116,152,116,72,83,76,50,103,68,74,84,49,97,56,129,141,128,114,105,164,119,107,127,106,109,107,128,54,95,107,64,85,99,92,85,117,171,117,103,60,71,115,76,104,133,123,105,96,80,80,99,106,
20180815,13,O3_24h,104,97,149,56,81,133,144,170,94,97,93,129,136,157,134,76,57,80,93,64,114,71,57,83,144,155,92,132,130,111,129,63,135,103,65,68,93,108,84,58,40,112,104,80,157,71,79,115,105,50,143,129,125,97,88,104,115,121,130,95,89,129,163,86,241,241,142,154,106,249,173,165,191,115,152,129,175,161,57,28,59,55,78,163,115,121,116,111,148,68,110,120,99,87,41,89,119,110,129,110,101,122,93,95,107,115,103,94,151,124,130,157,241,167,80,75,73,42,59,98,77,73,95,129,136,144,177,141,123,165,169,187,130,119,146,124,122,113,143,96,71,228,194,161,183,197,251,156,161,143,254,185,158,171,186,114,116,165,102,107,88,94,73,80,122,110,110,96,101,86,44,34,67,81,70,61,69,66,95,94,121,134,126,60,106,97,72,94,21,153,127,78,195,156,159,252,177,160,177,87,79,171,131,65,107,186,89,80,78,89,78,98,75,57,89,84,100,79,58,70,64,51,84,69,66,88,135,153,124,91,152,51,127,118,140,141,110,160,108,87,82,73,69,46,66,126,138,116,120,158,128,122,105,133,131,112,137,116,156,112,129,173,160,128,134,109,117,130,126,122,127,125,101,115,117,88,102,119,89,112,101,108,135,133,93,123,91,161,128,155,180,215,136,203,164,199,131,130,202,65,122,137,144,168,128,160,156,118,142,106,153,84,62,93,140,165,133,75,106,76,59,103,84,99,89,61,137,62,159,153,163,142,113,170,119,130,139,121,117,108,128,105,114,154,96,95,120,139,105,133,177,142,114,69,86,123,100,124,142,140,122,137,94,80,116,121,
20180815,13,O3_8h,63,50,73,35,39,62,78,82,48,59,43,61,67,73,67,33,45,41,62,35,38,29,32,32,84,42,39,52,42,35,37,36,46,37,29,30,35,45,34,31,23,51,47,36,48,30,44,54,75,24,66,76,74,57,63,91,63,69,68,65,67,60,43,69,72,71,72,60,52,70,66,73,79,41,64,65,64,91,19,13,31,34,33,105,60,61,75,87,86,33,89,54,55,25,27,75,58,80,66,60,70,86,66,75,57,80,75,63,52,47,64,74,120,66,64,24,34,19,40,40,43,49,63,46,43,71,96,56,58,70,79,105,61,88,87,87,37,83,73,55,47,68,99,55,102,107,68,84,73,73,98,78,57,70,88,102,90,96,70,90,81,70,34,37,50,50,74,48,61,70,33,26,37,37,32,29,28,33,63,31,47,55,52,39,36,53,37,39,9,83,68,26,79,68,79,128,61,69,96,67,38,73,89,53,68,135,67,22,33,74,58,68,24,24,66,56,80,46,34,29,33,23,31,32,42,39,44,62,83,47,70,38,43,59,88,82,66,54,52,34,34,34,33,25,41,72,57,63,48,70,64,68,54,58,59,55,75,67,97,58,80,71,65,84,87,77,87,77,68,88,49,67,73,67,50,57,76,89,32,52,54,57,69,68,41,72,35,74,57,55,74,92,40,64,77,90,45,56,89,20,76,68,99,90,37,119,97,71,72,37,106,39,25,40,48,69,43,27,39,28,20,62,37,48,78,36,82,33,58,72,53,34,92,81,93,104,46,106,70,60,67,63,72,70,58,74,73,68,51,117,95,99,59,50,44,33,45,74,109,87,81,50,63,59,33,33,
20180815,13,O3_8h_24h,63,50,73,35,52,62,78,82,48,59,44,61,67,73,67,33,48,56,62,35,39,29,32,32,84,42,39,52,42,35,37,36,46,37,29,30,35,45,34,31,23,51,47,36,64,31,53,60,75,31,68,78,77,65,71,95,67,70,68,65,74,60,45,69,82,71,77,64,61,70,67,77,80,46,65,65,64,91,19,21,31,34,36,105,60,61,93,87,92,33,89,54,56,33,32,79,58,81,84,72,70,109,66,75,57,80,75,63,52,47,64,79,120,66,67,24,34,19,41,42,44,54,63,46,43,72,98,56,65,70,84,105,62,88,87,87,47,83,89,55,47,70,99,56,102,107,71,84,76,73,98,78,57,70,88,113,108,96,77,91,81,70,34,37,50,50,74,48,61,70,37,27,37,37,32,29,28,33,63,31,47,55,52,39,36,53,37,39,14,83,71,26,95,68,79,142,61,69,135,67,38,85,89,53,68,141,67,22,33,74,78,68,30,24,66,56,84,46,44,29,36,23,34,32,42,39,57,76,83,59,70,39,43,59,88,84,66,63,52,38,35,34,33,25,41,82,62,63,48,73,71,68,54,58,62,57,81,67,98,60,95,71,123,84,87,77,87,77,68,88,49,68,78,67,50,58,76,91,32,52,55,57,72,68,41,72,53,74,57,55,74,92,40,64,79,109,49,56,89,20,98,68,99,125,46,119,97,81,72,37,106,46,25,40,56,69,43,27,41,28,20,64,37,63,87,45,107,33,58,72,54,34,105,88,97,105,46,110,71,60,85,71,92,79,60,74,101,78,51,119,95,114,73,50,50,33,52,75,109,110,105,56,65,64,57,33,
20180815,13,CO,0.37,0.59,0.53,0.83,0.24,0.42,0.38,0.30,0.33,0.63,0.40,0.50,0.57,0.53,0.82,0.64,0.58,0.60,0.55,0.41,0.39,0.30,0.28,0.47,1.03,0.50,0.51,0.47,0.70,0.68,0.36,0.55,0.60,0.61,0.51,0.50,0.33,0.50,0.65,0.33,0.57,0.40,0.43,0.43,0.61,0.62,0.63,0.64,0.50,0.80,0.92,0.80,0.76,0.79,0.61,0.58,0.67,0.77,0.83,0.74,0.68,0.63,0.83,0.65,0.83,0.92,0.47,0.54,0.35,1.34,0.58,0.80,1.04,0.78,0.76,0.53,0.48,0.66,1.02,0.50,0.63,0.63,0.37,0.53,2.13,0.75,0.60,0.90,0.30,0.80,0.52,0.90,0.35,0.30,0.33,1.37,0.76,0.70,0.58,0.67,0.75,0.83,0.70,0.55,1.00,0.75,0.97,0.75,0.93,0.77,0.50,0.68,0.96,0.67,0.37,1.17,0.55,0.68,0.68,0.75,0.35,0.30,0.44,0.77,0.57,0.43,1.07,0.87,0.75,1.30,0.77,0.70,0.92,0.95,1.22,0.75,1.23,0.67,0.80,0.88,0.50,0.43,0.72,1.20,0.37,0.57,0.57,0.68,0.50,0.85,1.30,1.60,1.25,0.84,0.77,0.15,0.60,1.15,0.72,0.27,0.60,0.50,0.65,0.60,0.40,0.55,0.50,0.55,0.45,1.00,0.30,0.45,0.45,0.60,0.70,0.40,0.90,0.55,1.80,0.80,0.65,0.80,0.75,0.40,0.40,0.50,0.20,0.70,0.30,0.45,0.73,1.20,1.16,0.84,0.73,0.86,0.40,0.83,0.87,0.30,0.30,0.60,0.20,0.27,0.30,0.55,0.50,0.75,0.45,0.60,0.67,0.90,1.30,0.50,0.40,0.20,0.40,0.40,0.40,0.37,0.45,0.40,0.30,0.45,0.45,0.20,0.48,0.56,0.67,0.40,0.43,0.50,0.60,0.43,0.50,0.57,0.75,0.60,0.30,0.55,0.55,0.63,0.47,0.70,0.58,0.50,0.50,0.40,1.50,0.28,0.53,0.97,0.50,0.83,0.92,0.82,0.93,0.50,0.86,0.77,0.50,0.48,0.70,0.82,0.90,0.78,0.55,0.85,0.70,0.80,0.95,0.68,0.67,1.27,1.88,0.75,1.25,1.87,0.90,0.70,0.97,0.83,0.60,0.75,1.00,0.80,0.70,0.90,0.70,0.47,0.57,0.73,0.93,0.75,0.92,0.50,0.45,0.67,0.68,0.45,0.30,0.93,0.45,0.53,0.55,0.70,0.60,0.75,0.40,0.45,0.40,1.30,0.75,0.85,0.70,0.83,0.55,0.55,0.70,0.70,0.90,0.40,0.60,0.40,0.40,0.30,0.35,0.25,0.63,0.80,0.70,0.75,0.70,0.40,0.40,0.40,0.35,0.45,0.65,0.35,0.60,0.70,0.60,1.20,0.80,1.30,0.20,0.40,0.40,0.60,0.65,0.65,0.95,0.60,0.70,1.05,0.30,0.55,1.00,0.40,0.40,0.60,0.60,0.90,0.50,0.40,
20180815,13,CO_24h,0.61,0.97,0.60,1.60,0.28,0.53,0.60,0.38,0.55,1.02,0.43,0.75,0.73,0.82,0.85,0.91,0.55,0.67,0.51,0.42,0.37,0.26,0.30,0.45,0.93,0.67,0.51,0.43,0.78,0.65,0.32,0.57,0.55,0.63,0.57,0.55,0.47,0.50,0.73,0.37,0.57,0.43,0.43,0.47,0.66,0.60,0.47,0.79,0.51,0.37,0.74,0.89,0.69,0.70,0.56,0.60,0.62,0.67,0.83,0.68,0.68,0.73,0.90,0.55,0.89,0.97,0.57,0.74,0.33,1.18,0.65,0.87,0.92,0.63,0.72,0.52,0.70,0.80,1.80,0.52,0.73,0.75,0.30,0.53,0.77,0.75,0.77,1.02,0.52,0.18,0.24,0.55,0.35,0.23,0.30,0.40,0.76,0.67,0.62,0.73,0.75,0.80,0.80,0.65,0.80,0.80,0.95,0.70,1.53,0.87,1.20,1.38,1.22,0.95,0.45,1.43,0.55,0.96,0.76,0.72,0.38,0.32,0.54,0.80,0.55,0.67,1.06,1.00,0.87,1.15,0.87,0.87,0.96,0.90,1.04,0.67,1.07,0.57,1.00,1.05,0.45,0.68,0.86,1.32,0.60,0.67,0.85,0.68,0.50,1.10,1.13,1.37,1.15,0.79,0.87,0.10,0.50,0.65,0.74,0.33,0.55,0.60,0.35,0.35,0.25,0.35,0.35,0.50,0.30,0.80,0.30,0.35,0.35,0.57,0.50,0.55,0.40,0.50,0.60,0.77,0.65,0.80,0.80,0.40,0.40,0.60,0.30,0.70,0.30,0.53,0.75,0.70,1.14,1.08,0.77,1.24,0.70,1.07,0.87,0.43,0.30,0.50,0.30,0.30,0.25,0.65,0.56,0.70,0.55,0.65,0.73,0.90,0.80,0.65,0.45,0.25,0.53,0.50,0.53,0.30,0.40,0.53,0.40,0.45,0.50,0.30,0.60,0.58,0.70,0.63,0.50,0.57,0.45,0.63,0.40,0.63,0.75,0.60,0.37,0.58,0.70,0.63,0.67,0.60,0.70,0.68,0.53,0.42,1.60,0.47,0.55,1.07,0.65,1.03,0.90,0.85,1.10,0.55,0.80,0.77,0.50,0.92,0.57,0.90,0.90,0.78,0.55,0.85,0.83,0.83,1.05,0.70,0.57,1.05,1.70,0.60,1.25,1.82,0.55,0.83,1.00,0.80,0.63,1.05,1.05,0.95,0.70,0.85,0.75,0.53,0.57,0.82,0.90,0.65,0.88,0.63,0.43,0.70,0.75,0.45,0.40,1.05,0.57,0.60,0.45,0.90,0.85,0.85,0.70,0.50,0.50,1.10,0.85,0.90,0.75,0.77,0.90,0.60,0.70,0.70,0.90,0.50,0.60,0.40,0.45,0.35,0.35,0.25,0.67,1.23,0.70,0.65,0.75,0.50,0.50,0.25,0.40,0.40,0.75,0.35,0.60,0.70,0.70,1.40,0.70,1.00,0.30,0.30,0.40,0.60,0.43,0.75,0.95,0.70,0.90,0.70,0.40,0.70,1.10,0.45,0.30,0.73,0.80,0.80,0.45,0.50,
20180815,14,AQI,30,26,45,22,19,41,49,36,28,34,31,43,43,50,38,28,37,25,33,24,42,40,29,53,47,53,38,53,43,39,45,34,33,28,28,23,22,38,27,21,19,40,35,27,34,12,42,23,34,32,55,39,53,31,24,31,33,32,30,28,26,30,42,22,39,143,41,58,50,99,58,54,81,62,49,47,38,45,75,15,22,31,28,64,35,38,24,24,39,23,30,34,31,34,29,46,28,33,27,24,37,30,28,24,29,41,32,27,61,33,34,45,118,40,27,42,24,31,22,25,35,31,23,33,34,34,78,39,36,64,38,49,45,39,52,39,34,51,30,54,29,47,42,41,29,93,46,68,34,47,108,57,61,71,56,52,28,66,52,39,25,32,35,33,41,38,33,19,33,25,29,26,22,40,30,26,35,21,59,46,41,68,32,23,39,33,23,33,13,40,32,56,93,40,49,80,44,59,65,41,25,78,37,27,35,67,28,34,33,27,24,31,24,22,29,26,26,50,17,18,33,17,19,29,23,18,38,55,44,34,38,16,63,47,63,51,39,41,29,18,19,31,22,20,26,35,39,36,35,33,47,42,31,43,43,38,38,39,55,33,34,37,54,41,39,52,38,50,39,43,34,52,40,47,54,52,43,61,20,29,53,37,43,36,44,32,42,54,28,34,60,98,56,108,74,48,41,37,107,23,43,45,38,34,43,45,41,27,32,40,44,48,20,33,51,85,37,25,29,27,43,52,44,27,27,18,33,18,43,45,49,58,80,59,67,34,48,35,34,50,41,55,30,66,50,43,30,28,27,41,78,85,34,42,25,62,26,102,141,209,85,45,34,27,54,38,
20180815,14,PM2.5,11,8,17,15,11,16,14,10,8,15,13,17,12,16,3,10,13,7,12,16,16,18,13,28,25,29,20,32,30,23,21,15,18,14,14,9,11,16,14,10,9,14,15,11,21,4,21,7,10,22,23,27,30,19,14,13,18,21,19,18,16,16,28,6,24,72,23,39,11,57,25,25,35,38,28,23,11,12,55,8,9,12,18,45,14,12,9,16,19,6,18,16,9,18,10,7,18,9,14,13,15,13,11,12,20,13,13,18,37,12,7,22,41,23,13,25,6,6,11,6,11,19,9,14,14,17,42,15,14,46,22,26,22,27,32,24,24,33,11,30,16,24,24,29,7,22,20,49,11,32,56,39,26,52,40,12,13,30,13,16,11,12,22,23,18,16,15,13,13,11,16,13,7,16,13,15,11,13,42,32,10,22,9,16,19,15,9,14,9,24,11,31,56,9,32,26,13,42,47,13,9,35,7,14,8,33,7,16,11,13,15,9,13,10,3,6,2,23,12,10,23,6,13,9,16,6,21,27,31,19,17,10,31,27,21,27,21,20,18,8,8,9,10,6,8,10,17,20,16,14,19,18,14,14,27,13,16,18,30,18,16,14,38,18,24,32,20,32,27,26,15,23,21,19,26,31,14,26,13,11,31,23,26,25,26,21,21,31,18,13,30,11,38,21,53,26,20,23,34,7,30,27,18,24,16,10,10,15,15,19,23,22,5,21,36,63,21,5,18,9,12,33,15,8,10,8,6,5,23,15,29,40,31,36,23,10,32,8,19,18,24,38,17,48,24,24,9,12,6,15,25,39,13,16,7,27,7,60,94,84,27,21,7,1,19,9,
20180815,14,PM2.5_24h,13,11,21,17,8,20,15,14,13,16,13,23,15,29,10,13,13,11,11,11,12,10,13,19,22,21,13,19,19,17,18,14,20,13,10,9,10,13,11,8,8,13,12,6,20,5,12,13,11,11,25,22,20,15,12,10,17,17,21,17,16,21,27,7,40,55,36,47,12,48,23,30,33,21,21,20,20,24,20,9,9,9,13,31,10,12,10,15,21,7,10,15,12,11,12,10,24,15,17,20,15,12,14,19,21,15,13,30,32,17,19,33,62,33,15,11,7,8,8,12,13,13,14,15,13,23,31,22,22,37,35,37,26,24,25,24,22,23,16,30,9,41,44,38,36,45,45,45,19,43,44,36,23,46,47,33,9,33,13,33,14,9,13,12,13,15,13,15,10,9,17,10,8,11,11,12,12,11,37,17,9,14,11,14,16,14,9,8,8,26,22,24,43,25,33,46,24,44,35,22,16,35,16,17,8,39,12,15,10,15,14,10,6,10,14,15,6,18,15,16,18,15,14,13,23,11,25,27,26,19,16,7,18,24,25,25,18,16,16,7,13,11,17,6,14,24,32,16,27,26,31,24,14,21,28,18,27,34,33,22,25,32,29,32,21,31,23,21,19,20,25,20,22,17,23,26,20,19,21,36,22,20,29,31,32,21,26,23,17,19,42,27,36,25,43,28,19,25,26,10,23,34,33,30,14,30,15,25,30,10,23,15,8,19,39,36,38,9,18,11,9,18,15,11,9,18,10,6,29,36,26,30,20,37,62,23,33,11,20,30,30,32,17,48,30,18,22,13,8,29,23,26,25,20,10,21,15,73,62,57,31,27,6,6,21,15,
20180815,14,PM10,18,19,37,22,19,29,25,20,21,27,25,24,26,50,14,20,37,19,33,24,30,40,29,55,47,55,38,56,42,39,45,34,33,28,28,23,22,31,23,21,19,31,27,27,25,8,42,16,20,32,60,39,55,28,20,21,28,22,,24,23,22,42,9,39,114,41,65,50,86,66,57,64,73,49,47,21,34,54,15,22,31,28,45,35,27,24,24,38,7,30,26,20,27,29,46,26,17,25,22,37,13,16,18,27,41,24,27,71,30,15,36,60,34,27,42,12,31,22,15,35,31,16,28,31,29,59,29,36,56,35,40,45,39,53,37,30,52,28,57,29,47,42,31,11,36,46,68,16,47,87,64,72,72,61,54,27,51,53,39,25,19,33,29,24,27,21,,21,25,29,26,14,40,30,26,35,20,,45,25,47,18,17,39,33,18,21,9,40,32,61,94,40,44,49,27,,77,41,16,105,13,27,10,84,20,34,27,19,23,11,18,22,27,21,12,50,13,18,,17,,29,19,10,37,53,38,34,37,15,48,47,25,52,39,36,29,16,18,31,22,20,26,35,39,35,35,33,47,42,28,29,43,38,38,39,59,33,26,35,48,41,35,54,28,50,,43,34,54,40,47,57,53,43,71,16,29,56,37,43,33,44,32,42,58,24,27,69,20,61,63,98,36,33,37,86,17,40,37,28,22,43,19,22,23,25,40,40,48,20,27,49,76,16,23,29,27,43,54,44,21,19,18,13,13,41,23,49,66,110,40,83,18,48,7,24,50,41,60,17,72,50,43,14,12,14,41,75,120,33,42,10,74,23,153,231,356,119,45,34,4,58,30,
20180815,14,PM10_24h,24,22,37,27,18,38,26,30,43,31,24,24,32,73,33,21,30,23,29,30,31,32,36,32,41,47,35,38,39,38,40,34,44,30,22,23,25,28,26,22,22,23,26,20,44,14,21,29,23,40,50,38,38,26,22,16,27,22,37,29,26,38,48,15,68,91,61,78,36,91,49,76,70,71,39,36,52,58,28,16,21,17,26,44,21,23,20,25,47,23,23,27,25,35,26,29,40,25,26,32,31,31,27,26,31,27,31,37,64,32,53,63,94,65,28,26,17,19,15,23,28,22,23,35,31,57,50,38,45,59,57,60,50,46,39,36,40,35,32,48,23,71,66,67,61,66,80,68,34,68,94,63,54,81,94,219,29,64,40,140,22,16,31,31,28,30,26,33,23,39,32,26,27,28,31,29,34,25,44,35,26,27,21,24,36,34,25,14,17,42,44,39,83,82,48,68,48,60,68,50,21,74,24,24,20,83,20,35,24,25,22,13,13,20,29,29,18,37,30,27,27,33,58,35,40,16,44,46,42,37,38,18,39,53,28,57,37,33,36,13,27,20,33,19,32,50,57,34,50,48,55,50,33,40,45,31,53,53,54,38,39,57,44,59,37,61,32,44,37,34,48,40,38,42,49,48,58,33,33,54,37,34,44,47,58,39,50,43,35,42,72,47,62,54,80,50,29,43,69,16,31,50,59,42,58,49,39,38,47,33,52,37,19,27,52,67,66,25,39,25,38,33,47,26,31,42,19,12,53,95,47,61,56,59,245,66,49,33,38,56,42,45,22,88,73,32,31,23,35,114,70,64,62,57,19,68,37,225,382,229,153,51,22,7,48,52,
20180815,14,SO2,2,3,7,19,10,6,3,8,3,4,8,6,11,9,8,7,5,3,6,6,7,5,12,4,16,10,10,14,6,5,7,5,6,6,5,5,5,9,4,6,5,5,2,5,4,4,5,4,4,7,6,4,7,6,6,3,5,6,3,4,5,5,8,4,7,10,3,12,9,9,5,8,9,14,9,7,6,8,8,6,13,24,9,9,6,5,5,8,11,5,9,4,5,4,6,4,7,6,6,8,6,8,5,7,8,11,6,8,13,6,9,6,24,8,6,15,9,9,5,18,6,3,5,5,6,7,11,6,6,11,8,4,7,9,7,8,5,9,8,17,4,6,14,22,3,4,9,5,7,17,15,10,9,5,5,3,33,8,7,5,13,9,6,3,9,3,10,5,7,9,12,5,4,8,11,12,10,11,2,22,7,7,10,13,4,7,2,4,4,6,6,5,14,11,6,11,14,13,18,5,2,12,12,3,8,11,5,15,5,9,2,4,6,6,3,5,4,2,6,2,5,3,7,11,8,4,9,11,8,17,4,8,10,7,16,4,15,13,7,7,7,6,3,3,5,6,5,21,10,20,10,12,4,16,7,8,4,8,4,4,10,7,15,7,5,9,8,3,5,4,6,13,8,5,7,4,4,8,3,7,6,11,10,10,8,6,8,12,5,22,7,14,5,10,17,5,9,4,11,8,10,8,21,6,1,12,5,6,8,5,3,9,6,8,9,24,4,7,6,15,26,10,7,3,3,3,4,4,5,6,6,54,11,7,4,3,4,6,8,3,7,16,9,8,12,14,7,9,9,17,7,9,5,7,8,11,13,7,5,9,7,10,4,7,11,10,
20180815,14,SO2_24h,2,4,7,24,8,7,5,9,3,5,10,7,13,7,9,10,6,3,6,7,7,4,12,5,15,10,10,12,8,5,6,5,7,7,6,5,6,8,3,3,5,8,4,4,5,5,6,4,10,5,5,6,8,6,6,3,5,6,5,5,6,8,10,4,7,9,5,29,7,9,6,10,9,9,10,12,15,9,7,6,13,30,7,9,5,7,5,9,20,5,9,6,5,5,6,5,9,6,6,12,8,8,7,7,8,11,7,10,10,6,14,9,20,14,8,10,10,9,7,8,6,3,6,6,8,11,12,9,7,7,15,7,7,9,10,9,4,8,7,18,4,8,9,27,16,10,22,11,6,21,12,10,10,4,5,6,10,17,6,6,13,9,8,3,8,3,4,5,6,8,12,4,5,8,10,13,7,12,2,14,6,12,12,13,5,7,3,4,3,7,6,6,13,17,5,12,30,15,23,6,2,13,16,3,10,9,6,15,6,10,2,6,5,8,3,4,4,2,6,2,4,5,9,7,8,4,15,13,12,12,7,10,11,11,17,6,14,7,8,7,9,9,6,3,7,16,15,17,16,26,13,22,15,16,13,8,9,9,5,4,12,10,10,9,6,11,8,4,4,4,7,16,9,3,8,5,17,8,3,10,9,12,10,13,8,7,8,11,5,29,11,12,5,12,8,7,18,4,11,7,9,12,16,12,1,9,8,14,25,5,12,17,6,9,12,36,24,6,6,15,15,11,6,3,2,3,4,4,7,9,7,6,16,9,4,3,6,7,8,4,10,14,10,9,16,12,7,7,10,17,7,9,5,7,6,9,12,7,6,9,7,10,4,7,12,12,
20180815,14,NO2,14,7,4,25,13,5,11,4,11,16,12,4,8,9,8,12,4,11,12,12,12,23,4,18,14,11,11,21,11,5,8,8,14,9,12,6,3,6,10,4,2,7,9,5,10,15,18,11,9,29,13,11,8,29,18,6,20,5,16,21,12,15,15,12,26,25,8,22,12,16,20,16,13,24,14,12,9,9,26,9,9,13,16,15,4,9,3,8,10,7,9,9,4,10,8,5,8,6,11,7,8,6,8,7,17,10,14,19,21,9,6,3,8,7,14,24,6,12,9,11,6,6,7,6,5,8,11,9,5,8,7,7,12,9,6,8,22,10,9,15,5,5,13,14,21,11,5,15,11,15,8,25,14,10,7,3,22,11,12,5,3,7,23,13,8,8,9,7,9,5,11,4,16,16,9,8,11,8,11,30,7,15,6,3,7,12,4,4,9,5,9,21,10,8,10,5,9,7,11,4,6,10,6,3,2,5,6,13,5,10,7,9,13,8,4,3,7,19,7,6,3,4,16,7,6,5,11,16,13,14,12,13,14,12,23,18,6,13,8,11,7,5,10,12,3,4,5,5,8,4,10,5,3,8,10,4,9,6,11,5,8,8,14,14,8,8,1,6,4,4,6,12,10,10,12,8,6,10,6,11,10,9,10,8,7,3,15,6,5,17,6,14,16,19,23,13,12,8,16,4,2,10,18,4,6,5,7,10,4,6,8,11,10,7,10,10,7,7,15,5,7,14,9,6,2,3,4,3,5,9,8,9,9,6,3,3,9,8,4,6,8,4,10,17,3,4,5,9,1,9,7,4,9,17,18,17,4,5,4,21,11,12,2,,9,5,
20180815,14,NO2_24h,24,18,16,35,14,19,17,11,22,27,17,20,16,31,29,26,7,22,21,18,18,22,10,9,24,22,21,28,21,11,9,9,16,14,16,14,10,11,11,8,5,16,18,13,22,15,24,19,14,7,25,26,16,29,18,15,26,18,27,24,13,21,31,13,43,50,16,45,16,50,31,25,29,38,24,19,32,28,29,11,17,15,19,21,8,15,8,12,19,4,11,17,10,10,8,11,17,10,11,10,15,7,14,16,21,8,14,18,23,16,17,17,24,29,18,24,15,18,14,21,10,12,18,13,11,17,21,20,11,22,17,13,25,12,11,10,23,12,14,21,8,29,22,31,29,20,28,31,18,29,30,25,27,28,33,3,20,26,17,12,9,10,10,5,14,7,9,10,10,5,15,5,13,17,19,21,15,23,11,23,9,17,14,6,18,14,12,8,10,12,15,24,18,34,24,10,32,32,22,6,10,23,13,5,9,7,14,18,18,12,15,15,13,14,9,7,14,18,9,11,9,13,28,7,18,7,29,18,21,16,12,11,22,17,30,25,12,16,16,12,13,9,23,11,6,11,16,10,17,9,14,12,8,21,25,11,16,13,15,13,12,26,16,21,15,12,2,11,13,10,14,17,10,16,17,16,14,12,10,19,15,17,14,15,19,11,18,15,10,27,32,23,29,37,32,29,13,23,28,5,16,14,25,11,14,21,22,19,11,11,15,11,18,11,22,19,26,11,26,9,12,14,14,8,3,4,7,5,15,45,13,22,9,18,12,5,31,11,7,27,12,8,14,27,6,6,13,9,12,9,19,9,22,28,27,42,12,22,11,26,14,29,6,31,27,29,
20180815,14,O3,97,82,143,55,47,130,158,115,91,108,99,136,137,137,123,88,42,81,83,64,133,94,56,62,142,127,99,148,138,65,88,65,86,78,72,72,69,122,87,44,38,129,113,78,110,39,90,74,109,62,138,118,134,98,78,99,105,102,97,89,83,96,96,71,118,286,101,127,72,199,85,111,185,116,149,90,122,144,78,16,65,55,84,171,94,122,69,76,124,73,62,108,99,110,34,72,88,106,86,77,91,95,91,78,81,102,103,77,154,105,109,145,235,128,78,98,77,49,66,80,62,70,72,106,108,108,182,125,100,169,123,156,111,123,137,126,82,116,95,80,66,120,114,128,92,194,139,152,109,130,216,123,154,173,163,102,91,173,89,104,52,102,111,97,130,123,106,,107,63,49,34,71,110,70,53,69,67,111,82,130,174,102,59,88,84,72,104,11,111,92,100,194,123,156,184,140,159,166,86,81,166,118,65,112,162,90,76,105,87,76,100,76,56,94,82,82,44,44,35,35,43,,42,50,58,122,164,130,106,121,50,170,117,170,121,111,132,90,58,60,72,41,37,61,78,89,115,112,93,93,106,100,136,139,120,105,95,143,94,110,117,134,120,125,108,122,128,109,119,84,97,71,117,87,72,96,79,63,76,109,105,106,100,76,89,69,136,89,110,140,198,154,215,145,154,130,113,214,72,124,144,120,109,100,144,132,85,103,115,142,63,59,104,112,168,118,81,93,76,61,117,77,85,85,51,105,59,136,145,133,134,104,167,121,109,130,113,110,109,128,71,95,112,63,86,96,90,86,118,182,119,109,60,79,124,84,111,142,136,110,119,87,86,116,120,
20180815,14,O3_24h,104,97,150,59,81,134,158,159,95,108,99,136,139,158,133,88,57,84,93,66,128,94,56,83,145,154,99,148,138,111,129,62,135,96,71,75,93,122,85,58,42,129,113,80,153,60,90,106,110,66,142,129,133,102,86,105,119,108,120,92,87,122,119,85,221,286,133,154,106,253,168,159,192,118,154,129,173,161,78,27,65,56,87,171,115,122,116,111,148,75,110,120,102,110,41,89,118,110,129,109,101,122,92,95,103,115,106,91,156,124,130,157,253,166,79,98,77,49,66,97,77,74,95,129,136,138,182,141,123,156,169,186,122,123,146,126,122,117,143,95,72,222,194,161,183,200,251,156,157,143,254,185,158,175,186,114,116,173,102,107,88,102,111,97,130,123,110,96,107,86,49,35,71,110,72,59,69,67,111,91,130,174,126,60,106,97,72,104,19,153,127,100,199,156,158,251,177,163,179,87,83,173,131,65,112,186,91,83,105,90,79,100,77,59,94,85,100,79,55,69,63,51,75,65,66,88,135,164,130,106,145,51,170,120,170,137,111,160,108,87,82,72,69,46,66,126,138,115,114,150,128,114,105,141,139,119,137,114,156,109,129,173,147,120,136,110,122,131,126,123,122,125,101,117,117,88,102,119,86,111,105,109,133,131,93,109,91,141,128,155,180,215,154,221,158,166,132,130,214,72,123,145,143,165,128,160,155,118,138,115,148,84,63,104,140,168,133,81,106,76,63,117,84,99,89,60,137,62,159,153,150,134,113,174,121,128,139,120,117,109,128,105,100,154,96,93,120,138,105,133,182,142,114,69,86,124,100,124,142,140,122,137,94,86,116,121,
20180815,14,O3_8h,73,58,88,41,38,76,95,87,59,72,53,77,82,83,81,44,41,48,69,41,53,40,36,38,93,58,50,69,59,41,46,41,56,44,37,38,43,60,42,35,26,67,60,45,60,31,51,59,81,29,75,85,84,63,66,92,70,75,73,69,69,66,53,72,79,101,77,73,54,93,70,77,100,54,77,72,75,103,28,13,39,36,39,117,70,73,69,85,96,40,89,65,66,39,28,74,65,83,69,63,78,88,71,75,62,83,77,65,69,59,75,89,140,81,65,35,43,24,43,47,49,53,69,57,56,81,111,66,66,74,88,115,71,96,96,96,46,89,76,61,50,77,107,69,104,122,82,96,79,86,122,88,74,87,103,101,89,110,73,91,78,72,46,47,65,63,80,52,72,72,35,27,42,50,39,34,35,40,95,41,61,75,63,44,46,59,46,51,9,90,74,37,99,81,95,137,77,88,108,73,46,89,96,56,78,141,73,31,46,76,63,73,33,30,73,63,80,50,35,31,34,26,34,34,47,45,59,80,88,58,81,42,64,71,103,93,77,67,60,38,40,42,38,28,47,74,65,73,59,75,69,78,62,71,74,65,81,73,105,63,86,83,75,92,95,82,95,89,78,95,56,73,75,76,58,60,80,92,38,58,58,66,77,73,48,77,43,84,62,67,89,110,57,97,95,100,53,67,111,28,77,81,102,93,48,126,101,73,78,50,116,42,32,51,61,87,55,36,48,36,27,70,43,53,78,38,85,37,73,90,68,50,93,99,99,105,62,107,77,72,78,65,78,76,58,77,75,73,56,117,115,103,68,51,50,48,53,77,114,92,83,59,70,64,38,48,
20180815,14,O3_8h_24h,73,58,88,41,52,76,95,87,59,72,53,77,82,83,81,44,48,57,69,41,53,40,36,38,93,58,50,69,59,41,46,41,56,44,37,38,43,60,42,35,26,67,60,45,66,32,53,62,81,33,76,85,84,67,72,96,71,75,73,69,76,66,53,72,85,101,79,73,62,93,70,80,100,54,77,72,75,103,28,21,39,36,39,117,70,73,93,87,100,40,89,65,66,39,32,79,65,83,84,73,78,109,71,75,62,83,78,65,69,59,75,89,140,81,68,35,43,24,43,48,49,54,69,57,56,81,111,66,67,79,89,115,71,96,96,96,52,89,90,61,50,78,107,69,104,122,82,96,79,86,122,88,74,87,103,113,108,110,78,92,81,72,46,47,65,63,80,52,72,72,37,28,42,50,39,34,35,40,95,41,61,75,63,44,46,59,46,51,14,90,75,37,103,81,95,145,77,88,135,73,46,89,96,56,78,142,73,31,46,76,78,73,35,30,73,63,85,50,44,31,36,26,34,34,47,45,62,82,88,60,81,42,64,71,103,93,77,67,60,41,40,42,38,28,47,83,65,73,59,76,72,78,62,71,74,66,83,73,105,63,96,83,123,92,95,82,95,89,78,95,56,73,78,76,58,61,80,92,38,58,58,66,77,73,48,77,53,84,62,67,89,110,57,97,95,113,57,67,111,28,98,81,102,125,52,126,101,82,78,50,116,46,32,51,61,87,55,36,48,36,27,70,43,63,87,45,107,37,73,90,68,50,105,99,99,105,62,110,77,72,85,71,92,79,60,77,101,78,56,119,115,114,75,51,52,48,53,77,114,110,105,60,70,64,57,48,
20180815,14,CO,0.35,0.55,0.50,0.60,0.26,0.40,0.40,0.30,0.35,0.63,0.37,0.50,0.63,0.45,0.80,0.63,0.58,0.54,0.53,0.40,0.47,0.33,0.28,0.53,0.89,0.57,0.48,0.60,0.70,0.57,0.34,0.57,0.55,0.61,0.49,0.50,0.33,0.53,0.60,0.30,0.57,0.37,0.40,0.37,0.53,0.56,0.53,0.67,0.46,0.60,0.88,0.77,0.73,0.76,0.60,0.55,0.69,0.77,0.77,0.72,0.70,0.67,0.80,0.65,0.79,0.88,0.49,0.58,0.32,1.31,0.57,0.83,0.88,0.83,0.73,0.50,0.44,0.60,0.98,0.50,0.70,0.65,0.33,0.67,0.60,0.70,0.53,0.82,0.38,0.25,0.24,0.65,0.35,0.37,0.33,0.17,0.64,0.63,0.55,0.60,0.65,0.77,0.70,0.40,0.80,0.90,0.95,0.70,1.00,0.77,0.52,0.60,0.92,0.52,0.33,1.20,0.52,0.68,0.62,0.65,0.45,0.30,0.44,0.73,0.55,0.37,1.02,0.87,0.83,1.35,0.70,0.63,0.90,0.90,1.12,0.75,1.40,0.67,0.77,1.00,0.50,0.43,0.72,0.98,0.45,0.53,0.57,0.64,0.38,0.95,1.33,1.47,1.25,0.83,0.73,0.15,0.65,1.00,0.76,0.30,0.35,0.45,0.65,0.60,0.50,0.55,0.55,0.55,0.40,0.90,0.30,0.45,0.50,0.60,0.50,0.35,0.80,0.50,1.80,1.23,0.65,1.00,0.85,0.40,0.35,0.50,0.20,0.70,0.30,0.43,0.67,0.90,1.12,0.78,0.60,1.00,0.40,0.70,0.80,0.25,0.30,0.55,0.20,0.27,0.30,0.50,0.46,0.73,0.47,0.60,0.60,0.90,1.25,0.50,0.40,0.30,0.40,0.57,0.50,0.40,0.30,0.40,0.30,0.45,0.45,0.20,0.47,0.62,0.67,0.42,0.43,0.50,0.45,0.53,0.50,0.55,0.75,0.60,0.33,0.55,0.50,0.60,0.50,0.70,0.58,0.50,0.40,0.35,1.53,0.32,0.53,0.90,0.65,0.55,0.75,0.80,0.93,0.45,0.78,0.77,0.50,0.52,0.70,0.80,0.85,0.73,0.50,0.75,0.63,0.70,0.85,0.66,0.58,1.25,1.77,0.62,1.28,1.83,0.75,0.60,0.90,0.77,0.57,0.75,0.95,0.70,0.75,0.85,0.65,0.50,0.47,0.73,1.00,0.55,0.93,0.45,0.43,0.63,0.68,0.45,0.30,0.77,0.53,0.53,0.45,0.80,0.65,0.75,0.50,0.40,0.40,1.30,0.75,0.75,0.75,0.77,0.35,0.50,0.65,0.70,0.80,0.40,0.50,0.40,0.40,0.30,0.30,0.25,0.57,0.73,0.70,0.75,0.75,0.40,0.30,0.40,0.35,0.35,0.60,0.35,0.60,0.65,0.60,1.30,0.80,1.10,0.10,0.40,0.40,0.60,0.60,0.65,0.95,0.60,0.65,0.45,0.30,0.55,1.10,0.40,0.30,0.57,0.60,0.90,0.40,0.40,
20180815,14,CO_24h,0.61,0.93,0.60,1.55,0.28,0.53,0.58,0.35,0.57,1.02,0.47,0.70,0.73,0.81,0.85,0.88,0.55,0.67,0.50,0.42,0.37,0.26,0.30,0.45,0.93,0.67,0.51,0.45,0.80,0.65,0.32,0.57,0.55,0.65,0.57,0.55,0.43,0.50,0.73,0.37,0.57,0.43,0.43,0.43,0.66,0.60,0.47,0.77,0.53,0.37,0.75,0.89,0.70,0.71,0.56,0.60,0.64,0.67,0.83,0.70,0.68,0.73,0.89,0.58,0.88,0.99,0.57,0.74,0.35,1.18,0.65,0.83,0.94,0.63,0.72,0.52,0.70,0.80,1.78,0.52,0.73,0.75,0.30,0.53,0.83,0.75,0.73,1.00,0.52,0.18,0.26,0.55,0.35,0.23,0.30,0.40,0.78,0.67,0.62,0.73,0.75,0.80,0.80,0.65,0.80,0.80,0.95,0.70,1.53,0.87,1.18,1.36,1.22,0.93,0.45,1.42,0.55,0.92,0.76,0.72,0.35,0.32,0.54,0.80,0.55,0.67,1.06,1.00,0.87,1.20,0.87,0.83,0.96,0.90,1.04,0.67,1.10,0.57,0.97,1.08,0.45,0.68,0.86,1.30,0.60,0.67,0.80,0.72,0.47,1.10,1.13,1.37,1.15,0.79,0.87,0.10,0.50,0.70,0.74,0.33,0.55,0.60,0.40,0.35,0.25,0.35,0.35,0.50,0.30,0.80,0.30,0.35,0.35,0.57,0.50,0.55,0.40,0.50,0.60,0.77,0.65,0.80,0.80,0.40,0.40,0.60,0.30,0.70,0.30,0.53,0.75,0.70,1.12,1.06,0.75,1.20,0.65,1.07,0.87,0.43,0.30,0.50,0.30,0.30,0.25,0.65,0.56,0.73,0.55,0.65,0.73,0.90,0.85,0.65,0.45,0.25,0.53,0.50,0.53,0.30,0.40,0.53,0.40,0.45,0.50,0.30,0.58,0.58,0.70,0.63,0.50,0.57,0.45,0.63,0.40,0.63,0.75,0.60,0.37,0.58,0.70,0.63,0.67,0.60,0.70,0.68,0.53,0.42,1.60,0.50,0.55,1.05,0.65,1.03,0.90,0.85,1.10,0.55,0.80,0.77,0.50,0.92,0.57,0.92,0.90,0.80,0.55,0.85,0.80,0.83,1.05,0.70,0.57,1.07,1.70,0.60,1.27,1.80,0.60,0.83,1.00,0.80,0.63,1.05,1.05,0.95,0.70,0.85,0.75,0.53,0.57,0.82,0.90,0.65,0.88,0.60,0.43,0.70,0.75,0.45,0.40,1.05,0.57,0.60,0.45,0.90,0.85,0.85,0.60,0.50,0.50,1.10,0.85,0.90,0.80,0.77,0.90,0.60,0.70,0.70,0.95,0.55,0.60,0.40,0.45,0.35,0.35,0.25,0.67,1.20,0.70,0.65,0.75,0.50,0.50,0.25,0.40,0.40,0.75,0.35,0.60,0.70,0.70,1.40,0.80,1.00,0.30,0.30,0.40,0.60,0.47,0.75,0.95,0.70,0.85,0.70,0.40,0.70,1.10,0.45,0.30,0.73,0.70,0.80,0.45,0.50,
20180815,15,AQI,30,26,47,23,20,43,49,36,30,35,30,43,45,51,39,31,38,26,49,36,48,41,30,24,45,52,39,46,48,30,41,36,38,37,30,34,23,36,28,20,20,38,37,20,34,14,30,21,34,39,52,37,33,32,23,30,36,33,35,35,27,31,41,18,46,137,42,60,51,79,61,43,88,52,51,31,39,44,59,16,36,34,54,50,28,42,27,24,39,28,24,38,30,45,23,46,27,30,27,26,36,27,30,25,30,34,30,28,71,36,34,47,128,41,24,41,27,29,30,27,38,24,27,34,33,44,90,40,36,55,38,54,44,48,47,39,39,63,37,44,25,39,38,44,27,101,46,66,33,53,93,49,51,66,55,38,29,63,51,33,27,23,41,38,42,41,30,37,28,30,34,28,17,51,27,23,35,22,53,50,56,75,37,23,39,27,25,36,13,38,33,50,94,40,58,91,44,49,64,40,26,61,36,25,37,84,29,28,30,29,25,30,22,17,34,25,27,29,19,20,19,17,17,29,14,18,38,65,46,44,34,16,53,46,64,52,40,38,28,19,32,52,13,16,19,28,37,32,38,34,37,47,33,43,47,40,40,36,52,36,33,38,48,39,38,53,38,43,32,38,38,53,30,44,41,51,36,34,18,29,54,37,39,40,48,30,41,53,29,30,54,98,55,103,62,48,39,35,108,27,37,42,37,35,37,42,42,26,29,51,46,37,20,35,53,65,35,25,34,23,54,52,44,28,36,19,34,18,43,46,46,57,74,53,67,35,46,36,34,52,40,54,29,63,40,42,29,28,28,44,76,87,36,42,26,40,30,104,193,194,92,41,28,28,38,38,
20180815,15,PM2.5,12,7,16,14,9,13,13,18,8,12,10,19,14,16,3,9,16,7,13,17,19,15,13,14,25,28,20,25,32,18,20,14,19,19,15,12,12,16,14,11,9,16,15,10,16,5,18,6,10,17,18,25,21,18,14,14,19,21,20,18,16,18,29,6,22,63,20,43,12,53,26,18,35,23,29,17,7,10,42,8,11,13,26,35,4,13,11,11,13,8,6,13,8,30,10,6,19,9,15,11,15,7,11,13,21,16,18,13,43,8,10,21,46,19,9,22,6,6,11,5,9,16,10,15,14,20,39,16,14,39,18,26,23,25,28,23,27,23,20,30,13,20,24,31,8,29,17,48,13,37,56,34,25,48,37,6,10,29,17,14,13,12,13,20,21,18,12,14,15,7,24,14,,17,11,15,10,12,37,30,12,22,10,13,16,12,10,25,9,19,11,26,70,9,25,24,8,34,40,15,8,35,6,14,21,40,6,16,13,13,16,9,8,5,6,8,2,20,13,8,13,4,12,11,,2,16,34,29,27,14,7,31,30,46,20,22,24,17,9,9,10,6,5,8,4,25,19,14,14,15,17,14,16,20,14,16,23,21,21,18,10,30,18,23,27,22,22,17,22,18,19,21,19,21,33,11,24,10,10,31,24,25,25,33,11,21,32,19,13,30,12,37,19,44,19,22,22,35,8,22,25,20,23,15,12,12,16,14,16,32,17,6,17,37,40,14,6,15,9,11,26,12,7,5,7,3,4,23,12,28,37,31,32,22,11,32,8,20,16,23,38,17,45,18,20,6,8,5,12,25,38,13,16,6,18,8,60,73,75,23,17,5,5,23,9,
20180815,15,PM2.5_24h,13,11,20,17,8,19,15,13,13,16,13,22,15,25,10,13,13,11,11,11,12,10,14,19,22,21,13,19,20,17,18,14,20,13,10,9,10,13,11,9,8,13,12,6,20,5,13,12,11,11,25,22,20,15,12,11,17,17,21,17,15,21,26,7,39,56,35,47,12,48,22,30,33,22,21,20,20,23,21,8,10,10,14,32,10,13,9,15,21,7,9,15,12,12,12,10,24,15,17,18,15,12,14,18,21,16,14,30,33,16,19,33,62,33,14,12,7,7,8,12,12,13,13,15,13,22,31,22,21,41,34,37,26,25,25,24,22,23,17,30,9,41,43,38,35,45,45,45,18,42,44,36,23,46,46,30,9,34,13,32,14,9,14,13,13,14,13,15,10,9,17,10,7,11,11,12,12,11,37,17,9,14,11,14,16,14,9,9,8,26,22,25,44,24,33,45,23,43,35,21,16,36,15,16,8,39,12,16,11,15,14,10,6,10,13,14,6,18,15,16,18,14,14,13,23,11,24,28,26,20,16,7,19,24,26,25,18,16,17,7,13,11,17,6,14,23,32,16,26,25,31,23,14,21,28,17,27,33,32,22,25,31,29,32,21,31,23,21,19,20,25,21,22,17,23,26,20,18,21,35,22,20,29,31,32,21,25,23,17,19,43,27,37,25,44,26,20,25,26,10,23,34,32,29,15,30,15,24,30,11,23,15,7,19,40,36,38,9,18,11,9,19,15,11,10,18,10,6,29,35,26,30,21,37,61,22,33,11,20,30,30,33,17,48,30,18,22,13,8,29,23,27,26,20,10,22,14,74,64,60,31,26,6,6,22,15,
20180815,15,PM10,15,15,37,23,20,33,26,18,30,28,30,32,34,52,13,18,38,24,49,36,36,41,30,24,43,53,39,44,48,30,41,36,,37,30,34,23,32,22,20,20,28,28,20,22,11,30,15,23,39,54,33,33,27,22,23,31,30,29,18,17,,39,9,37,97,42,58,52,91,71,43,57,53,51,31,15,39,44,16,36,32,57,48,17,29,17,24,30,8,24,23,22,45,23,46,27,27,22,17,36,15,15,14,29,17,19,,67,29,16,32,63,28,23,41,10,29,30,13,38,24,27,32,29,44,60,32,32,57,31,58,44,48,47,36,39,75,37,44,25,39,38,41,10,43,44,60,20,49,105,34,51,62,54,38,22,54,52,33,27,22,32,31,30,26,30,,22,30,32,28,6,52,27,23,35,18,,50,29,43,18,23,39,27,19,33,9,33,33,50,122,36,37,47,18,46,64,40,21,68,15,25,37,118,18,28,27,22,22,10,20,13,32,22,7,27,14,20,11,17,,29,,8,30,52,46,44,30,14,56,46,,54,40,38,26,16,32,53,13,,19,26,37,28,32,34,37,47,30,29,37,34,40,36,54,36,33,28,35,39,36,55,24,43,21,37,38,55,25,44,41,51,36,18,18,29,57,37,39,40,48,30,41,55,29,22,58,23,59,48,74,28,39,35,77,14,34,34,29,25,37,22,19,23,25,52,37,37,14,,,52,23,23,26,20,58,53,44,20,36,19,8,6,37,25,46,63,98,36,83,27,43,,29,54,31,58,,54,40,42,9,17,8,44,101,124,17,42,11,39,20,157,336,338,134,26,24,,38,29,
20180815,15,PM10_24h,24,22,36,27,18,38,26,29,43,31,24,24,32,73,33,21,30,23,30,30,30,32,35,32,41,47,35,39,39,38,39,34,45,31,23,24,25,28,26,22,21,23,26,20,43,14,21,28,22,39,50,38,38,26,21,16,26,20,35,28,25,39,47,15,66,92,60,78,37,92,50,77,71,72,39,36,51,57,29,16,22,18,28,44,21,23,19,25,46,23,23,27,25,34,26,29,39,25,26,29,31,30,27,25,31,27,31,38,65,32,52,62,93,64,27,27,17,19,16,23,29,22,23,35,32,56,52,37,44,64,56,60,50,47,40,36,40,36,32,48,24,71,64,66,60,66,79,68,32,68,94,63,55,80,93,206,25,66,41,135,21,16,31,31,28,29,25,34,23,38,33,26,26,29,31,29,34,24,44,35,26,28,21,24,35,34,25,14,17,42,44,40,85,81,48,66,47,59,69,50,21,74,23,24,21,85,20,35,24,25,22,13,14,19,30,29,17,37,29,27,27,32,58,35,41,16,43,47,43,38,38,18,40,54,28,58,38,32,36,13,27,22,32,19,33,49,56,34,49,47,55,50,33,40,45,30,53,53,55,39,40,55,44,58,37,61,32,44,37,34,48,41,38,43,48,48,56,33,33,52,38,34,43,46,59,39,49,43,34,42,73,47,63,54,81,48,29,43,70,16,31,49,57,40,58,48,38,38,46,33,51,37,19,27,54,67,66,25,40,26,39,35,48,26,31,41,19,11,52,94,47,62,59,59,241,55,49,28,37,57,42,46,23,88,73,34,30,23,35,115,72,67,61,56,19,69,37,224,380,240,154,50,23,7,49,52,
20180815,15,SO2,2,3,8,17,10,5,3,10,3,4,8,7,10,8,8,7,5,3,6,7,7,4,12,5,16,8,10,14,7,5,5,5,4,6,5,5,6,8,3,3,6,5,2,4,4,4,12,3,4,8,6,4,6,8,7,3,5,6,4,4,4,6,8,4,7,9,4,16,9,9,6,7,9,13,10,7,6,8,6,6,10,102,11,7,4,5,4,6,15,6,9,4,5,5,5,4,9,6,6,9,6,7,5,7,6,15,8,8,12,6,9,7,27,7,5,14,9,9,6,11,5,3,6,5,5,8,11,5,5,10,8,3,7,7,6,7,5,6,8,13,4,6,15,17,14,6,8,6,6,13,13,10,10,5,4,3,16,8,7,6,13,8,5,4,9,5,9,5,7,8,13,6,2,8,11,12,4,11,2,22,7,7,10,13,5,7,2,4,4,6,6,2,10,10,7,11,12,12,19,5,2,12,10,2,8,11,6,14,5,8,2,4,5,6,3,4,4,2,6,2,3,3,7,9,7,4,9,10,9,18,6,7,10,7,16,4,14,11,8,7,6,5,3,3,5,6,5,13,10,17,9,8,2,13,7,7,4,7,4,4,10,7,8,7,5,9,8,4,5,4,6,11,7,5,8,3,3,7,2,7,6,10,8,11,8,5,8,10,5,25,7,16,5,8,7,5,18,4,11,8,12,7,18,4,1,9,5,5,8,5,6,8,6,8,9,20,3,7,5,14,18,11,7,3,3,3,4,4,4,6,5,39,12,7,3,3,3,6,8,2,3,15,10,7,14,13,7,9,9,16,6,9,5,7,6,9,13,7,4,9,6,10,4,9,8,9,
20180815,15,SO2_24h,2,4,7,24,8,7,5,9,3,5,10,7,13,7,9,10,6,3,6,7,7,4,12,5,15,11,10,12,8,5,6,5,7,7,6,5,6,8,3,3,5,8,4,4,5,4,6,4,10,5,5,6,8,6,6,3,5,6,5,5,6,8,10,4,7,9,5,29,7,9,6,10,9,9,10,11,15,9,7,6,13,35,7,9,5,7,5,9,20,5,9,6,5,5,6,5,9,6,6,12,8,8,7,7,8,11,7,10,11,6,14,9,21,14,8,10,10,9,7,8,6,3,6,6,8,11,12,9,7,7,15,7,7,9,10,9,4,8,7,18,4,8,9,27,16,10,21,10,6,21,12,10,10,4,5,6,10,17,6,6,13,9,8,3,8,3,5,5,7,8,12,4,5,8,10,13,7,12,2,15,6,12,12,13,5,7,3,4,3,7,6,6,13,17,5,11,29,15,23,6,2,13,16,3,10,9,6,15,6,9,2,6,5,7,3,4,4,2,6,1,4,5,8,7,8,4,16,12,12,13,7,9,11,11,17,6,14,7,8,7,9,9,6,3,7,16,15,17,16,26,13,21,16,16,13,8,9,9,5,4,12,10,10,9,6,11,8,4,4,4,7,16,9,4,8,5,17,8,3,10,9,12,10,13,8,7,8,11,5,28,11,12,5,11,9,7,18,4,12,7,9,11,16,12,1,9,8,14,25,5,12,17,6,9,12,35,24,6,6,14,15,11,6,3,2,3,4,4,7,9,7,8,16,9,4,3,4,7,8,4,10,14,10,9,16,12,7,7,10,17,7,9,5,7,6,9,12,7,6,9,7,10,4,7,12,12,
20180815,15,NO2,13,6,6,30,14,5,12,6,13,17,13,6,9,9,9,13,6,10,12,14,15,21,4,18,14,11,10,20,11,4,9,11,15,9,12,15,3,5,10,5,2,7,10,6,11,10,25,11,10,21,13,11,8,25,20,9,21,8,12,17,10,21,14,13,22,19,8,26,8,20,23,21,11,15,17,13,8,9,23,13,9,13,25,15,2,10,3,6,10,7,10,9,6,18,11,6,10,9,10,7,13,7,7,8,20,20,21,14,18,9,5,3,9,8,13,26,7,11,10,10,5,10,8,6,6,6,11,9,5,6,10,10,12,11,4,7,22,11,10,11,7,8,13,15,21,8,5,14,9,12,10,28,13,9,6,4,21,11,10,5,3,10,14,12,10,7,8,8,9,3,14,7,12,18,8,9,6,9,12,26,8,12,6,4,8,12,5,5,11,5,9,22,9,8,11,4,9,3,10,5,7,8,7,4,2,6,7,11,5,9,6,14,10,6,6,1,7,8,9,6,4,5,13,6,6,5,13,18,15,12,8,10,14,10,27,18,5,13,9,13,9,6,12,7,2,5,7,5,15,6,8,4,2,8,9,4,10,6,12,6,8,7,14,15,8,7,2,3,5,5,8,12,10,11,10,9,6,9,6,12,10,9,10,9,8,2,13,6,5,20,7,13,12,12,17,14,13,11,16,6,9,8,19,4,4,6,6,12,5,7,15,11,10,7,15,9,9,7,10,4,7,16,8,6,2,3,4,3,5,10,7,13,9,6,7,3,10,9,5,6,7,4,12,15,4,7,5,9,1,9,7,4,9,13,19,14,4,5,4,13,8,10,2,,9,5,
20180815,15,NO2_24h,25,17,15,35,13,19,17,11,22,27,17,20,16,31,29,26,6,22,21,18,18,23,10,10,24,22,21,28,22,11,9,9,16,14,16,15,10,11,11,8,5,16,18,13,23,15,24,19,14,8,25,25,16,31,19,15,26,17,26,23,13,22,31,13,43,50,16,45,16,50,32,25,29,38,24,19,32,28,28,11,17,15,20,21,8,15,8,12,19,5,11,17,10,10,8,11,17,10,11,10,15,7,14,15,21,9,14,18,24,15,17,17,24,28,18,24,14,17,14,21,10,12,18,13,11,17,21,20,11,22,17,13,25,13,11,10,23,12,14,21,8,29,22,31,30,20,28,31,18,29,30,25,27,28,33,3,20,26,17,12,9,10,10,6,14,7,9,10,10,5,15,5,13,17,19,21,15,22,12,24,9,17,14,6,18,15,12,8,10,12,15,24,18,34,24,10,32,31,22,6,10,23,13,5,9,7,13,18,18,12,15,16,13,13,8,7,14,18,10,11,9,13,28,7,18,7,29,18,21,16,12,11,22,17,30,25,12,16,16,12,13,8,22,11,6,11,16,10,17,9,14,12,8,21,25,11,16,13,15,14,12,26,16,21,15,12,2,11,13,10,14,17,10,16,17,16,14,12,10,19,15,17,14,15,19,11,19,15,10,28,32,23,29,37,32,29,14,22,28,5,16,13,25,10,14,21,22,19,11,10,15,12,18,11,23,19,26,11,25,9,12,15,14,8,3,4,7,5,15,45,13,22,9,19,12,5,30,12,7,27,12,8,14,27,6,6,13,9,12,9,19,9,22,28,27,42,12,22,11,26,13,29,6,33,26,29,
20180815,15,O3,97,83,149,60,51,136,156,116,93,113,80,136,145,141,125,100,38,84,74,59,153,79,58,57,144,114,100,148,148,66,82,54,122,73,68,89,60,116,88,57,39,120,118,65,108,45,88,67,110,98,125,117,97,103,75,97,116,105,111,111,87,99,93,58,146,274,108,117,80,183,91,114,190,127,97,50,124,140,80,18,70,60,90,152,89,134,87,74,124,88,71,122,96,99,30,66,86,95,85,83,75,86,95,81,78,110,95,89,177,115,110,150,255,130,78,88,85,50,79,85,70,73,71,110,104,109,192,128,116,162,121,143,111,139,127,125,86,90,108,82,68,118,111,138,87,202,147,141,107,119,194,126,150,169,164,101,93,170,95,106,74,75,132,122,134,132,55,119,88,47,51,25,54,113,64,55,72,69,112,104,165,180,117,58,85,87,81,113,9,121,94,100,182,127,166,193,142,155,171,90,82,169,116,65,112,173,93,89,96,93,79,97,69,53,110,79,87,30,39,38,36,40,44,41,45,56,122,172,136,114,110,51,130,111,153,119,121,114,88,62,50,59,35,50,60,90,102,101,123,84,95,94,104,138,150,128,105,94,136,98,107,122,154,123,120,109,122,133,103,120,84,69,70,115,69,64,95,78,58,74,122,96,106,101,74,77,82,120,90,95,140,198,149,206,160,155,125,107,215,85,117,134,118,111,97,135,133,82,92,126,134,94,64,113,116,172,113,80,110,74,83,120,76,91,79,50,110,58,136,148,122,124,105,162,116,113,114,115,108,111,127,88,94,118,64,84,94,91,90,117,179,122,116,64,82,129,97,114,138,136,113,131,90,90,121,123,
20180815,15,O3_24h,103,90,152,61,81,137,159,135,95,113,99,136,145,158,132,98,56,86,93,66,142,94,58,83,148,149,102,149,142,111,129,63,142,96,72,91,93,122,88,60,42,129,118,80,151,55,95,100,110,98,137,129,133,106,85,105,124,105,120,111,87,117,110,85,200,289,132,154,106,253,138,143,192,127,150,129,166,161,81,23,70,60,90,171,115,134,116,111,138,87,110,122,102,111,41,89,117,110,123,107,101,122,95,92,99,117,106,89,169,124,130,150,262,156,79,98,85,52,79,90,77,75,95,129,136,135,190,141,123,167,169,166,117,130,146,126,122,117,133,92,74,222,183,161,183,209,251,156,150,143,254,183,161,175,186,114,115,173,102,107,88,102,132,122,134,132,110,102,107,86,51,35,71,113,72,57,72,69,112,104,165,180,129,60,105,97,81,113,19,143,127,100,199,156,166,248,177,163,179,90,85,172,131,66,114,186,93,89,105,93,80,100,77,59,110,82,100,79,55,67,63,51,60,63,66,87,135,173,136,111,144,52,170,120,170,135,121,132,108,87,80,72,69,50,66,126,131,115,123,145,128,114,106,142,150,128,137,109,156,105,128,173,144,123,136,110,122,133,126,124,112,125,101,117,117,88,100,119,85,99,122,108,121,121,93,105,93,136,128,155,179,217,154,224,161,166,136,127,216,85,123,145,141,162,128,156,146,115,130,126,146,94,64,113,140,175,133,83,115,76,67,120,84,99,89,60,137,62,159,153,146,134,113,174,121,124,136,119,117,111,128,105,100,154,96,87,119,138,102,133,186,142,119,69,87,129,100,124,142,139,122,137,94,90,121,123,
20180815,15,O3_8h,83,65,104,47,40,91,112,93,71,85,60,92,98,97,93,55,41,55,74,47,67,49,42,44,104,71,60,86,71,47,55,45,69,53,45,48,49,71,53,40,30,81,74,51,72,34,58,64,82,38,87,94,91,69,68,93,78,81,81,76,72,72,64,70,89,131,83,85,59,114,73,83,118,67,85,74,88,113,37,15,48,40,48,127,80,88,65,82,106,47,89,77,76,50,29,72,73,87,72,68,81,89,77,77,66,89,81,70,85,72,85,104,162,95,68,45,52,29,49,55,55,56,74,70,68,91,126,80,75,95,96,124,81,103,105,103,57,92,81,67,55,88,111,84,100,140,98,107,86,96,142,99,91,104,118,100,88,125,77,92,77,72,61,59,81,77,79,61,80,72,38,28,45,62,46,39,44,47,99,53,80,95,74,48,54,66,54,65,9,99,79,47,120,93,113,149,94,107,125,79,56,107,104,60,89,148,80,42,57,79,66,81,41,36,82,68,80,52,36,33,34,29,38,37,49,50,72,100,96,68,90,44,79,79,114,103,89,78,67,43,45,48,41,31,52,78,74,83,72,79,76,86,72,83,90,78,87,80,113,69,91,96,86,100,104,88,103,103,88,102,64,76,78,87,63,62,85,94,44,63,70,73,86,81,54,80,53,92,68,78,105,131,76,129,114,113,66,77,134,38,85,93,107,98,59,133,108,76,82,64,126,52,39,63,75,103,68,46,59,44,33,79,50,60,77,41,87,41,88,105,83,64,94,117,104,106,75,108,84,82,89,68,84,82,59,80,83,79,64,117,132,106,78,53,57,64,63,81,119,96,86,71,75,69,51,62,
20180815,15,O3_8h_24h,83,65,104,47,52,91,112,93,71,85,60,92,98,97,93,55,48,61,74,47,67,49,42,44,104,71,60,86,71,47,55,45,69,53,45,48,49,71,53,40,30,81,74,51,72,34,58,65,83,38,87,94,91,71,73,97,78,81,81,76,77,72,64,72,92,131,84,85,64,114,73,84,118,67,85,74,88,113,37,21,48,40,48,127,80,88,93,87,109,47,89,77,76,50,32,79,73,87,84,74,81,109,77,77,66,89,81,70,85,72,85,104,162,95,69,45,52,29,49,55,55,57,74,70,68,91,126,80,75,95,96,124,81,103,105,103,59,92,92,67,55,88,111,84,104,140,98,107,86,96,142,99,91,104,118,113,108,125,79,93,81,72,61,59,81,77,81,61,80,72,38,29,45,62,46,39,44,47,99,53,80,95,74,48,54,66,54,65,14,99,79,47,120,93,113,150,94,107,136,79,56,107,104,60,89,148,80,42,57,79,78,81,41,36,82,68,86,52,44,33,36,29,38,37,49,50,72,100,96,68,90,44,79,79,114,103,89,78,67,44,45,48,41,31,52,84,74,83,72,79,76,86,72,83,90,78,87,80,113,69,97,96,123,100,104,88,103,103,88,102,64,76,79,87,63,62,85,94,44,63,70,73,86,81,54,80,55,92,68,78,105,131,76,129,114,117,66,77,134,38,98,93,107,125,59,133,108,84,82,64,126,52,39,63,75,103,68,46,59,44,33,79,50,63,87,45,107,41,88,105,83,64,105,117,104,106,75,110,84,82,89,72,92,82,60,80,101,79,64,119,132,114,79,53,57,64,63,81,119,110,105,71,75,69,57,62,
20180815,15,CO,0.33,0.54,0.51,0.63,0.23,0.40,0.40,0.33,0.35,0.70,0.30,0.55,0.63,0.39,0.80,0.62,0.52,0.52,0.72,0.40,0.55,0.23,0.27,0.47,0.89,0.60,0.51,0.62,0.72,0.55,0.34,0.57,0.60,0.60,0.49,0.55,0.33,0.50,0.57,0.30,0.57,0.37,0.43,0.37,0.51,0.52,0.50,0.57,0.50,0.54,0.71,0.70,0.66,0.77,0.57,0.57,0.69,0.80,0.77,0.70,0.66,0.60,0.77,0.60,0.79,0.76,0.47,0.64,0.32,1.24,0.63,0.80,0.90,0.63,0.72,0.45,0.48,0.57,0.65,0.57,0.70,0.75,0.30,0.57,0.47,0.60,0.50,0.75,0.38,0.27,0.17,0.65,0.30,0.43,0.33,0.17,0.70,0.64,0.52,0.57,0.70,0.75,0.75,0.50,0.80,1.10,1.10,0.75,0.83,0.80,0.53,0.62,1.00,0.55,0.33,1.46,0.53,0.68,0.73,0.62,0.30,0.32,0.44,0.73,0.53,0.34,1.03,0.87,0.80,1.20,0.70,0.67,0.88,0.95,0.90,0.70,1.10,0.63,0.83,0.82,0.55,0.43,0.70,0.95,0.45,0.53,0.57,0.70,0.38,1.05,1.30,1.73,1.15,0.80,0.73,0.15,0.70,0.75,0.72,0.27,0.30,0.45,0.65,0.60,0.60,0.55,0.45,0.40,0.35,0.80,0.30,0.45,0.40,0.57,0.40,0.35,0.30,0.50,1.80,0.87,0.70,1.00,0.75,0.40,0.35,0.50,0.30,0.70,0.30,0.43,0.73,0.60,1.04,1.70,0.50,1.07,0.35,0.65,0.77,0.37,0.30,0.55,0.20,0.27,0.25,0.60,0.38,0.67,0.38,0.57,0.57,0.90,1.30,0.50,0.40,0.25,0.40,0.47,0.50,0.40,0.25,0.40,0.30,0.45,0.50,0.20,0.45,0.60,0.67,0.52,0.43,0.53,0.35,0.35,0.50,0.50,0.75,0.50,0.33,0.60,0.63,0.57,0.53,0.50,0.60,0.50,0.43,0.33,1.57,0.33,0.57,0.90,0.65,0.77,0.70,0.80,0.90,0.45,0.72,0.75,0.43,0.54,0.70,0.77,0.85,0.78,0.50,0.75,0.60,0.67,0.80,0.55,0.58,1.23,1.53,0.63,1.28,1.50,0.70,0.62,0.90,0.73,0.53,0.70,0.80,0.65,0.70,0.85,0.65,0.57,0.50,0.70,0.80,0.50,0.88,0.45,0.43,0.63,0.65,0.40,0.25,0.80,0.47,0.50,0.40,0.80,0.60,0.80,0.60,0.40,0.40,0.90,0.80,0.75,0.80,0.65,0.35,0.50,0.60,0.70,0.85,0.50,0.45,0.40,0.45,0.30,0.30,0.25,0.57,0.65,0.65,0.75,0.75,0.30,0.40,0.30,0.30,0.35,0.65,0.35,0.60,0.70,0.60,1.20,0.90,1.20,,0.40,0.40,0.60,0.53,0.65,0.90,0.60,0.55,0.35,0.40,0.55,1.10,0.40,0.20,0.57,0.60,0.90,0.40,0.30,
20180815,15,CO_24h,0.60,0.94,0.60,1.45,0.28,0.53,0.58,0.33,0.50,1.02,0.47,0.75,0.73,0.80,0.85,0.86,0.55,0.66,0.49,0.41,0.39,0.26,0.27,0.45,0.94,0.67,0.51,0.48,0.80,0.65,0.32,0.57,0.55,0.64,0.57,0.55,0.43,0.53,0.73,0.37,0.57,0.43,0.43,0.43,0.66,0.60,0.47,0.76,0.51,0.39,0.75,0.88,0.70,0.74,0.56,0.60,0.64,0.67,0.80,0.70,0.68,0.73,0.89,0.58,0.88,0.99,0.57,0.74,0.33,1.19,0.70,0.83,0.96,0.65,0.73,0.52,0.68,0.78,1.72,0.52,0.73,0.77,0.30,0.55,0.83,0.75,0.70,1.00,0.52,0.20,0.26,0.55,0.27,0.23,0.30,0.35,0.76,0.67,0.62,0.73,0.75,0.77,0.80,0.65,0.80,0.85,0.95,0.70,1.57,0.83,1.18,1.34,1.22,0.92,0.43,1.43,0.55,0.90,0.76,0.70,0.35,0.32,0.54,0.80,0.55,0.67,1.06,1.00,0.87,1.20,0.87,0.83,0.96,0.90,1.04,0.67,1.10,0.57,0.97,1.08,0.45,0.65,0.86,1.27,0.57,0.67,0.80,0.72,0.45,1.10,1.13,1.40,1.15,0.79,0.83,0.10,0.55,0.70,0.74,0.37,0.55,0.60,0.40,0.40,0.30,0.40,0.35,0.50,0.30,0.80,0.30,0.35,0.35,0.60,0.50,0.55,0.40,0.50,0.70,0.77,0.65,0.80,0.80,0.40,0.40,0.60,0.30,0.70,0.30,0.53,0.75,0.70,1.12,1.08,0.72,1.16,0.65,1.07,0.87,0.43,0.30,0.50,0.30,0.30,0.25,0.65,0.56,0.75,0.55,0.65,0.73,0.90,0.90,0.65,0.45,0.25,0.53,0.50,0.53,0.30,0.40,0.50,0.40,0.45,0.50,0.30,0.58,0.60,0.70,0.63,0.50,0.57,0.45,0.63,0.40,0.60,0.75,0.50,0.37,0.58,0.70,0.63,0.67,0.60,0.70,0.68,0.53,0.42,1.60,0.50,0.55,1.05,0.65,1.03,0.90,0.85,1.07,0.55,0.80,0.77,0.50,0.90,0.57,0.92,0.90,0.80,0.55,0.85,0.80,0.87,1.05,0.70,0.60,1.10,1.73,0.63,1.30,1.80,0.60,0.83,1.00,0.80,0.63,1.05,1.05,0.95,0.70,0.85,0.75,0.57,0.60,0.82,0.90,0.65,0.90,0.60,0.43,0.70,0.75,0.45,0.40,1.02,0.57,0.60,0.45,0.90,0.85,0.85,0.60,0.50,0.50,1.15,0.85,0.90,0.85,0.77,0.90,0.60,0.70,0.70,0.95,0.55,0.55,0.40,0.45,0.35,0.35,0.25,0.67,1.20,0.70,0.65,0.75,0.50,0.40,0.25,0.40,0.40,0.70,0.40,0.60,0.70,0.70,1.40,0.80,1.00,0.30,0.30,0.40,0.60,0.47,0.75,0.95,0.70,0.85,0.70,0.40,0.70,1.10,0.45,0.30,0.77,0.70,0.80,0.45,0.50,
20180815,16,AQI,30,27,45,28,18,44,41,49,28,29,28,37,45,52,38,33,36,27,53,30,71,31,30,38,48,45,36,42,48,29,40,36,39,36,31,39,24,37,27,22,24,34,39,24,35,20,28,26,30,48,42,39,23,32,25,29,44,31,35,37,26,36,41,27,59,126,45,56,38,71,59,35,74,41,37,23,41,42,50,16,35,38,20,43,33,42,25,27,37,35,34,40,29,42,19,16,36,27,25,28,31,23,28,30,27,36,31,29,61,38,34,47,136,44,24,38,29,30,34,27,36,28,34,37,34,44,88,41,38,51,38,56,44,49,41,39,48,30,48,41,23,37,38,47,28,84,42,60,31,51,100,58,54,68,64,39,27,63,31,33,31,27,31,44,40,49,27,36,21,19,36,24,20,41,27,23,31,21,51,62,84,85,49,19,44,27,28,30,14,38,40,28,113,40,48,70,47,47,73,39,27,66,36,28,34,83,30,31,28,29,25,32,21,16,29,38,32,23,15,20,20,13,20,28,34,18,38,49,46,45,31,18,43,42,56,50,42,37,29,29,15,50,12,20,22,36,36,34,47,30,34,41,32,43,48,42,42,32,46,38,32,40,58,50,37,53,40,41,35,38,35,25,23,44,45,48,33,56,17,26,57,40,40,35,52,25,53,53,36,29,53,55,54,107,76,49,42,33,112,28,39,36,38,35,31,44,41,27,26,41,45,51,22,38,53,74,37,27,34,25,54,50,57,28,32,27,35,17,46,47,50,70,70,48,78,36,42,34,38,54,40,51,29,54,37,42,27,28,30,50,61,86,44,42,26,41,32,128,171,197,85,42,40,27,42,39,
20180815,16,PM2.5,10,8,18,14,8,14,12,14,7,14,11,13,11,14,6,10,14,7,12,17,19,12,14,15,26,22,21,24,31,15,17,12,18,19,16,15,13,16,16,12,12,17,15,10,14,6,18,7,10,19,16,27,12,19,15,15,21,20,21,20,18,18,29,9,22,55,22,40,10,43,31,16,32,15,19,15,8,9,35,7,11,15,12,27,4,17,7,11,15,9,7,13,9,22,13,4,19,10,17,8,16,8,11,13,19,16,22,15,34,6,7,16,51,18,10,19,7,6,11,9,11,18,11,15,14,21,44,17,11,33,16,21,28,27,25,22,26,21,22,29,8,20,22,33,8,32,15,43,11,35,49,41,25,49,34,6,12,28,9,17,9,12,22,16,28,34,,16,15,4,25,11,4,18,10,14,11,13,36,27,15,25,15,13,17,11,12,18,9,17,13,16,85,5,25,29,7,27,36,16,12,37,8,13,24,49,6,14,14,13,11,14,8,2,9,17,3,12,10,14,14,3,8,13,8,7,15,31,31,29,13,8,20,23,40,20,20,22,18,12,7,12,6,5,8,9,19,19,19,12,14,12,12,16,19,15,15,15,15,20,13,19,27,19,18,26,24,20,13,22,19,14,16,13,19,23,11,15,8,18,28,19,28,24,30,5,21,30,21,9,32,10,37,17,47,19,27,21,32,8,20,23,19,22,12,8,16,16,17,14,24,17,6,18,37,34,14,6,14,9,6,33,12,10,6,10,6,4,24,18,26,41,30,28,21,12,27,7,19,19,19,36,17,38,21,17,6,8,4,15,21,37,10,15,7,16,10,62,61,73,24,14,6,8,22,11,
20180815,16,PM2.5_24h,13,11,20,17,8,19,15,13,13,16,13,22,15,25,10,13,13,11,11,11,13,11,14,19,22,22,14,19,21,17,18,14,20,13,10,10,10,13,11,9,8,13,12,7,19,5,13,12,11,11,24,23,20,15,13,10,17,17,21,18,16,21,26,7,39,57,35,47,12,48,23,30,34,22,21,20,20,23,22,8,10,10,14,33,10,13,9,14,20,7,9,15,12,12,12,10,23,15,17,17,16,10,14,17,21,16,14,29,33,16,19,32,61,32,14,12,7,7,8,11,12,13,14,16,13,22,33,21,21,41,34,36,26,25,26,25,23,23,17,30,9,40,42,38,34,45,44,46,18,42,44,36,23,46,46,29,9,35,13,31,13,9,14,13,14,13,12,15,11,8,17,10,7,11,11,12,12,11,37,18,10,15,11,14,16,14,10,10,8,26,21,25,46,24,33,43,22,43,36,21,16,36,15,16,9,39,12,16,11,15,14,10,7,10,13,14,6,17,15,15,18,13,14,13,23,11,24,28,27,20,16,7,19,25,28,25,19,16,17,7,13,11,16,6,14,22,31,16,26,24,30,23,14,21,28,17,27,33,32,23,24,30,29,32,21,31,23,21,19,20,24,21,22,17,23,27,20,18,20,34,22,19,28,30,32,20,26,23,17,19,43,27,37,25,45,26,20,25,27,10,23,33,31,29,15,29,15,24,29,11,22,16,7,19,40,36,38,9,18,11,9,20,15,12,10,18,10,6,29,34,26,31,22,38,58,20,33,10,20,29,30,33,17,48,30,18,22,13,8,30,23,28,25,20,10,22,14,74,64,62,31,26,6,6,22,16,
20180815,16,PM10,17,20,39,28,18,32,26,32,25,29,25,30,34,53,13,22,36,26,55,30,37,31,30,38,45,45,36,40,47,29,40,36,28,36,31,39,24,31,27,22,24,29,30,19,30,20,28,17,28,48,42,32,23,27,25,25,28,26,25,37,23,33,38,27,37,83,45,45,38,91,67,33,62,35,37,23,16,37,41,16,35,38,20,43,11,33,18,27,33,35,34,22,29,42,19,16,36,23,21,18,31,20,19,30,19,36,28,28,71,28,22,31,74,28,23,38,12,30,34,18,36,28,34,37,27,44,66,41,29,52,34,62,44,49,41,34,48,26,48,41,23,33,38,44,12,46,37,64,21,51,149,47,57,69,58,39,15,44,30,33,31,27,28,32,36,,27,27,21,19,34,24,17,41,27,23,31,21,,73,43,58,27,18,44,27,19,23,14,31,40,28,134,30,34,41,17,43,67,39,19,65,12,28,11,116,18,31,27,29,22,16,21,13,29,38,32,23,15,18,8,13,20,28,34,18,27,45,46,45,23,16,43,42,47,50,42,37,29,29,,50,,,22,36,36,34,42,30,34,41,28,34,36,34,42,28,46,33,32,38,31,50,32,56,25,38,21,32,35,,23,44,45,48,33,61,16,26,64,40,35,35,54,23,55,55,36,24,56,22,57,42,68,31,42,33,79,12,34,30,34,28,31,16,23,22,23,27,35,51,17,,,53,21,15,27,21,57,50,64,26,32,27,12,7,46,32,50,89,90,37,105,30,42,14,38,57,26,46,,46,37,42,11,15,9,50,72,121,44,42,16,28,32,206,291,343,120,18,40,20,33,30,
20180815,16,PM10_24h,24,22,36,27,18,37,26,28,43,31,24,26,32,72,33,21,31,24,31,30,31,33,35,32,41,47,36,39,40,37,39,35,45,31,23,25,25,29,26,22,22,23,26,20,42,14,22,28,23,39,49,38,38,25,22,16,26,21,35,28,25,39,46,16,65,93,60,78,37,93,51,77,72,72,39,35,49,57,30,16,23,19,28,44,21,24,18,25,46,23,23,27,26,35,26,28,38,25,25,27,29,26,26,24,30,27,31,37,66,32,51,61,92,63,27,28,17,20,17,24,30,23,24,35,31,55,55,36,43,63,55,58,51,47,41,37,41,36,32,48,24,70,63,66,59,65,78,69,32,68,97,62,55,81,92,194,23,66,40,131,21,17,31,30,28,29,25,34,22,37,33,25,25,29,31,29,34,24,44,37,27,30,21,24,35,34,25,15,17,41,44,40,87,80,48,64,46,59,70,49,21,75,23,24,21,87,20,36,24,25,22,14,14,19,30,29,18,37,28,27,27,32,56,34,41,17,43,47,44,38,38,19,41,54,32,59,39,32,35,14,27,23,32,19,33,49,56,34,49,46,54,50,34,40,45,30,53,52,55,39,40,55,43,58,37,62,32,45,37,35,47,41,37,43,48,49,55,34,32,51,39,34,42,45,59,39,49,42,33,43,73,47,64,54,83,47,29,43,71,16,32,48,56,39,57,47,38,37,45,33,52,37,19,27,54,67,65,25,40,26,39,36,50,26,31,40,19,11,52,92,47,63,61,59,231,49,49,25,37,57,42,46,23,88,74,35,30,23,35,116,73,71,62,56,19,70,37,226,378,250,154,49,24,8,50,53,
20180815,16,SO2,2,3,8,17,10,5,3,13,3,3,8,6,9,7,10,8,5,4,6,8,9,4,12,5,16,7,10,15,7,4,4,4,4,6,5,6,6,7,3,4,6,5,2,4,3,5,6,4,6,6,5,4,5,7,7,3,4,6,4,4,5,6,8,5,6,9,5,15,8,8,4,7,8,17,9,11,7,7,6,7,12,88,8,6,4,5,4,7,11,6,10,4,5,5,5,3,8,7,7,7,6,9,6,6,6,13,9,12,8,6,10,6,25,6,6,12,9,9,6,9,5,3,6,5,5,9,12,6,5,9,8,3,7,6,6,7,5,8,8,14,4,6,6,18,7,7,8,10,7,13,9,10,71,4,4,2,25,9,7,6,12,10,6,3,9,4,7,5,6,7,12,5,4,9,11,12,4,12,2,19,7,8,11,13,5,5,2,4,4,6,6,7,10,9,5,8,13,12,19,5,3,10,8,3,9,10,5,13,5,7,3,4,4,8,3,4,4,2,6,2,4,3,5,10,9,4,9,13,9,15,5,7,12,7,10,4,9,10,5,7,9,4,3,3,5,6,6,5,12,21,8,6,1,15,6,7,3,7,4,4,10,7,19,7,5,8,8,4,5,4,5,22,7,5,8,3,4,8,2,7,5,9,8,10,8,6,8,7,5,23,7,12,4,6,6,7,18,4,12,7,13,6,20,3,2,8,5,6,12,5,6,10,6,8,9,22,3,8,4,16,19,10,7,4,2,3,4,3,5,7,5,12,11,8,4,3,4,6,7,2,7,15,10,5,15,12,7,9,9,16,4,9,5,5,6,8,12,7,5,10,6,43,4,7,11,9,
20180815,16,SO2_24h,2,4,7,23,8,7,5,9,3,5,10,7,13,7,9,9,6,3,6,7,7,4,12,5,15,11,10,13,8,5,6,5,7,7,6,5,6,8,3,3,5,8,4,4,5,4,6,4,10,5,5,5,8,6,6,3,5,6,5,5,6,9,10,4,8,9,5,30,7,9,6,10,9,10,10,12,15,9,7,6,13,38,7,9,5,7,5,9,20,5,9,6,5,5,6,5,9,6,7,11,8,8,7,7,8,11,7,10,11,6,14,9,21,14,8,10,10,9,7,8,6,3,6,6,8,11,12,9,7,7,15,7,7,9,10,9,4,8,7,18,4,8,9,26,16,10,21,10,6,21,12,10,13,4,5,6,11,17,6,6,13,8,8,3,8,3,5,5,7,8,12,4,5,8,10,13,7,12,2,15,6,11,12,13,5,7,3,4,3,7,6,6,13,17,5,11,28,15,24,6,2,13,15,3,11,9,6,15,6,9,3,6,5,8,3,4,4,2,6,2,4,5,8,7,9,4,15,13,12,13,6,9,12,11,17,6,14,7,8,7,9,8,6,3,7,16,15,17,16,26,13,21,16,16,13,8,9,9,5,4,12,10,11,9,5,11,8,4,4,4,7,16,9,4,8,5,17,8,3,10,9,12,10,13,8,7,8,11,5,28,11,12,5,11,9,7,18,4,12,7,10,11,16,12,1,9,8,14,25,5,12,16,6,9,12,36,24,6,6,14,15,11,6,4,2,3,4,4,7,9,7,8,15,9,4,3,4,7,8,4,10,14,10,9,16,12,7,7,10,17,7,9,5,7,6,9,12,7,6,9,7,12,4,7,12,12,
20180815,16,NO2,12,8,6,28,13,6,13,11,13,20,12,4,10,13,9,15,7,11,11,15,18,20,6,17,16,9,12,22,10,6,7,12,12,9,13,19,4,6,13,7,3,8,9,7,11,14,18,11,11,16,16,12,12,29,20,8,20,8,12,20,8,18,14,17,21,15,9,28,9,25,26,22,10,15,15,19,9,8,21,13,10,16,17,13,3,12,4,8,13,8,9,8,4,18,16,9,9,13,13,7,22,9,5,8,22,16,22,20,16,11,10,3,11,9,16,25,7,10,13,9,5,11,8,8,5,7,12,9,6,7,9,16,20,12,5,7,22,17,12,11,8,7,15,19,19,8,4,20,13,12,15,21,13,11,6,3,32,10,9,5,3,13,11,12,11,8,7,10,7,4,18,7,17,19,10,11,6,11,12,26,11,14,8,4,10,12,7,5,10,6,10,21,8,9,10,4,10,5,11,7,7,8,8,3,3,9,6,12,5,12,9,13,9,8,4,4,12,7,7,5,3,4,14,7,7,5,17,18,14,14,8,14,16,11,27,19,5,19,10,17,15,6,14,8,2,7,8,5,15,6,8,5,2,9,10,5,10,7,11,6,8,7,15,15,12,10,2,2,5,6,8,16,8,13,12,11,6,13,6,10,14,8,12,9,11,5,12,8,6,14,16,10,11,13,14,15,12,11,16,5,9,8,15,5,5,5,8,13,8,7,12,13,10,7,11,9,9,6,9,5,9,13,11,6,2,3,4,4,6,11,7,17,7,8,7,4,11,11,8,8,8,4,8,14,4,4,9,10,3,11,8,4,10,10,20,19,4,3,3,11,6,9,1,,7,5,
20180815,16,NO2_24h,24,17,15,35,13,19,17,11,21,27,17,20,16,31,29,25,6,22,20,18,18,23,10,10,24,22,21,28,22,10,9,9,16,14,17,15,10,11,11,8,5,16,18,13,22,15,25,19,14,8,25,25,16,30,19,14,26,17,26,24,13,22,31,13,43,50,16,45,16,50,32,26,29,38,24,19,32,28,27,11,17,15,20,21,8,15,8,12,19,5,11,17,10,11,9,11,17,10,12,10,16,8,14,15,21,9,15,19,24,15,17,17,24,28,17,24,14,17,15,20,10,12,18,12,11,16,21,20,11,22,17,13,25,13,11,10,24,12,14,21,8,29,22,31,30,19,27,31,18,29,31,25,27,28,33,3,21,26,17,12,9,10,10,6,14,7,9,10,10,5,15,5,13,17,19,21,14,22,12,24,9,18,14,6,18,15,11,8,10,12,15,24,18,35,24,10,32,30,22,6,10,22,13,5,9,8,13,17,17,12,15,15,12,13,8,6,14,18,9,11,9,13,28,7,18,7,29,18,21,16,12,11,22,17,31,25,13,16,16,12,14,8,22,11,6,11,16,10,17,9,14,12,8,21,25,11,16,13,14,13,12,26,16,21,15,12,2,11,13,10,14,17,10,16,17,15,14,12,10,19,15,17,14,16,19,11,19,14,10,28,32,23,29,38,32,28,13,22,27,5,16,13,25,10,14,21,22,19,11,10,15,12,18,11,23,19,26,11,25,9,12,15,15,8,3,4,7,5,15,45,13,22,9,19,11,5,31,12,7,27,12,8,14,27,6,6,13,9,12,9,19,9,22,28,27,43,12,22,11,26,13,29,6,33,26,29,
20180815,16,O3,97,85,143,64,54,141,131,158,91,94,91,118,145,144,123,106,35,85,72,61,177,73,60,64,154,114,88,135,152,69,85,45,126,73,64,99,58,117,79,52,33,110,124,76,111,41,81,82,96,108,111,119,68,102,81,92,140,99,111,100,84,115,97,61,167,252,117,132,84,160,96,113,179,131,75,48,131,135,85,18,78,66,60,135,107,134,80,83,117,71,61,129,91,99,24,48,87,87,81,89,64,75,90,76,71,111,89,93,146,123,110,151,271,142,76,94,93,56,87,85,62,78,77,113,109,121,190,129,122,156,121,109,102,142,122,126,94,71,105,87,74,119,115,141,90,187,134,119,100,128,165,150,158,171,171,104,87,170,98,103,70,72,100,140,80,65,44,114,58,46,46,30,64,85,62,56,70,55,118,85,187,188,156,58,99,82,89,97,8,122,101,87,196,129,154,176,150,151,178,88,87,173,114,66,109,164,96,88,89,82,80,102,58,50,77,77,73,20,39,39,40,42,26,41,39,55,121,158,147,119,98,56,134,109,143,122,120,,93,67,48,47,37,65,59,82,105,87,149,81,96,89,103,136,154,133,108,103,135,123,97,128,166,125,119,105,128,130,113,122,85,79,72,97,64,71,93,87,53,73,99,92,107,86,74,79,93,85,88,93,122,164,138,213,181,156,131,104,223,89,124,114,121,112,89,140,131,85,83,130,143,105,71,120,126,179,118,86,110,80,93,121,85,91,81,50,112,53,137,150,120,99,105,153,114,115,105,110,103,113,128,100,93,121,70,84,86,90,95,116,166,121,108,69,83,132,99,115,133,133,108,134,93,85,135,126,
20180815,16,O3_24h,104,92,150,65,81,141,159,158,95,113,99,136,146,157,131,108,55,86,93,67,160,94,60,88,154,149,102,149,152,99,129,63,142,93,72,101,93,122,88,60,42,129,124,84,143,50,95,98,110,117,136,128,133,107,85,105,142,105,112,111,92,118,107,85,195,289,131,154,106,252,99,139,195,132,150,129,157,161,85,22,78,67,90,171,115,135,116,111,138,88,110,129,104,117,40,89,117,110,119,105,101,116,95,92,99,117,105,95,169,125,126,152,275,146,79,99,93,57,86,87,74,79,95,129,136,128,194,141,124,167,158,159,113,142,146,127,122,117,128,91,77,219,171,160,183,203,251,156,133,143,253,182,161,175,179,114,113,174,102,107,88,102,132,140,134,132,110,114,107,86,51,35,71,113,72,57,72,69,118,104,187,188,156,60,99,97,89,113,18,134,127,100,201,149,166,234,168,163,181,90,89,174,127,66,114,186,96,94,105,93,83,102,77,59,110,82,100,79,52,67,59,49,60,57,66,73,135,174,147,119,144,56,170,120,170,135,121,132,106,82,76,72,69,65,66,126,129,115,149,132,128,114,106,141,154,133,136,106,156,123,123,157,166,125,136,109,128,133,126,124,103,125,101,117,114,88,97,119,77,97,122,108,114,117,93,105,97,136,111,150,178,202,154,228,177,167,136,123,223,89,124,144,137,158,128,151,144,110,129,131,146,105,71,120,140,179,133,86,115,80,93,121,85,99,89,59,137,61,157,153,138,134,113,174,121,121,130,117,117,113,128,108,100,154,96,87,119,138,102,133,186,142,119,69,87,132,100,124,142,139,120,137,94,90,135,126,
20180815,16,O3_8h,90,73,118,52,44,104,124,106,81,91,69,104,112,113,104,66,41,63,77,52,84,56,47,50,118,84,70,102,90,54,63,48,83,60,51,59,54,85,61,45,32,93,87,60,84,36,65,69,85,49,98,102,94,78,73,94,89,87,89,83,76,79,73,68,103,164,92,99,65,131,78,88,138,82,90,76,101,123,47,15,57,46,53,134,90,101,66,81,114,54,86,90,84,61,30,68,80,90,76,73,83,87,83,78,69,96,85,75,101,84,95,121,187,110,70,54,62,35,55,62,58,60,76,82,79,101,145,93,86,114,104,128,91,114,113,110,68,92,87,72,60,99,111,101,97,157,112,117,92,107,159,113,103,122,134,100,86,139,82,95,76,73,72,70,89,82,83,77,84,70,40,30,50,70,51,46,51,52,103,62,101,115,90,52,64,73,63,76,9,108,84,57,144,106,128,159,106,124,144,83,65,125,111,63,97,152,86,53,68,81,68,90,47,41,85,72,80,50,37,34,34,32,38,39,50,53,86,117,108,81,98,47,94,87,124,113,99,86,75,48,50,52,43,36,57,82,82,90,88,82,82,92,83,96,106,92,92,86,121,80,96,107,103,109,112,93,112,114,99,109,73,80,80,96,67,65,89,96,49,68,78,80,94,86,62,84,64,96,74,88,117,148,92,163,135,126,80,88,159,49,96,103,113,102,68,137,116,79,85,80,133,66,47,77,89,123,81,55,72,53,44,89,58,67,77,43,92,45,104,123,96,75,95,134,106,108,86,107,90,93,100,73,89,90,61,83,91,84,73,116,144,111,89,57,65,80,73,86,120,100,91,85,81,73,71,78,
20180815,16,O3_8h_24h,90,73,118,52,52,104,124,106,81,91,69,104,112,113,104,66,48,66,77,52,84,56,47,50,118,84,70,102,90,54,63,48,83,60,51,59,54,85,61,45,32,93,87,60,84,36,65,69,86,49,98,102,94,78,75,97,89,87,89,83,80,79,73,72,103,164,92,99,66,131,78,88,138,82,90,76,101,123,47,21,57,46,53,134,90,101,93,87,117,54,90,90,84,61,32,79,80,90,84,75,83,106,83,78,69,96,85,75,101,84,95,121,187,110,71,54,62,35,55,62,58,60,76,82,79,101,145,93,86,114,104,128,91,114,113,110,68,92,93,72,60,99,112,101,104,157,112,117,94,107,159,113,103,122,134,113,108,139,82,95,81,73,72,70,89,82,83,77,84,72,40,30,50,70,51,46,51,52,103,62,101,115,90,52,64,73,63,76,14,108,84,57,144,106,128,159,106,124,147,83,65,125,111,63,97,152,86,53,68,81,78,90,47,41,85,72,86,52,44,34,37,32,38,39,50,53,86,117,108,81,98,47,94,87,124,113,99,86,75,48,50,52,43,36,57,86,82,90,88,82,82,92,83,96,106,92,92,86,121,80,98,107,124,109,112,93,112,114,99,109,73,80,80,96,67,65,89,96,49,68,78,80,94,86,62,84,64,96,74,88,117,148,92,163,135,126,80,88,159,49,102,103,113,125,68,137,116,85,85,80,133,66,47,77,89,123,81,55,72,53,44,89,58,67,87,46,107,45,104,123,96,75,105,134,106,108,86,110,90,93,100,74,92,90,61,83,101,84,73,119,144,114,89,57,65,80,73,86,120,110,105,85,81,73,71,78,
20180815,16,CO,0.39,0.57,0.41,0.63,0.26,0.47,0.38,0.60,0.35,0.67,0.33,0.50,0.65,0.41,0.80,0.71,0.53,0.53,0.57,0.44,0.63,0.20,0.27,0.50,0.94,0.57,0.50,0.67,0.70,0.58,0.33,0.63,0.60,0.58,0.50,0.55,0.33,0.50,0.57,0.35,0.57,0.40,0.43,0.37,0.53,0.52,0.47,0.62,0.39,0.65,0.63,0.70,0.62,0.78,0.54,0.55,0.71,0.80,0.77,0.66,0.60,0.67,0.76,0.58,0.77,0.67,0.53,0.64,0.32,1.18,0.70,0.90,0.82,0.58,0.63,0.45,0.48,0.66,0.55,0.55,0.70,1.00,0.23,0.42,0.57,0.60,0.50,0.73,0.42,0.28,0.20,0.60,0.30,0.40,0.40,0.13,0.64,0.70,0.52,0.60,0.85,0.70,0.65,0.55,0.80,0.95,1.27,0.70,0.63,0.77,0.50,0.70,1.00,0.55,0.35,1.60,0.57,0.64,0.70,0.54,0.30,0.30,0.42,0.77,0.47,0.38,1.08,0.83,0.77,0.97,0.70,0.73,0.92,0.95,0.85,0.67,1.20,0.67,0.80,0.83,0.55,0.43,0.84,1.13,0.43,0.53,0.53,0.60,0.43,0.90,1.17,1.50,1.10,0.81,0.80,0.15,0.80,0.60,0.58,0.30,0.30,0.50,0.55,0.65,0.35,0.60,0.35,0.50,0.20,0.80,0.30,0.45,0.50,0.67,0.40,0.40,0.30,0.50,1.80,0.77,0.70,1.20,0.85,0.40,0.45,0.50,0.30,0.70,0.25,0.43,0.75,0.60,1.00,0.78,0.47,0.88,0.35,0.55,0.73,0.47,0.30,0.45,0.25,0.27,0.25,0.60,0.40,0.67,0.45,0.60,0.57,0.90,0.90,0.50,0.40,0.25,0.47,0.47,0.43,0.33,0.20,0.40,0.20,0.45,0.60,0.20,0.47,0.56,0.67,0.72,0.40,0.50,0.40,0.30,0.40,0.50,0.90,,0.33,0.60,0.87,0.57,0.60,0.50,0.60,0.53,0.47,0.33,1.57,0.33,0.50,0.93,0.60,0.73,0.65,0.77,0.97,0.47,0.68,0.77,0.45,0.54,0.70,0.82,0.87,0.75,0.50,0.75,0.63,0.67,0.90,0.62,0.57,1.20,1.52,0.53,1.30,1.63,0.70,0.62,0.83,0.73,0.53,0.70,0.85,0.70,0.70,0.75,0.65,0.70,0.60,0.68,0.77,0.50,0.90,0.45,0.43,0.60,0.68,0.40,0.25,0.80,0.50,0.50,0.45,0.70,0.55,0.80,0.60,0.40,0.40,0.85,0.80,0.75,0.75,0.63,0.30,0.50,0.55,0.70,1.00,0.50,0.50,0.40,0.45,0.25,0.25,0.25,0.57,0.65,0.65,0.75,0.75,0.35,0.40,0.30,0.25,0.35,0.60,0.35,0.70,0.65,0.60,1.10,1.00,1.20,,0.40,0.40,0.70,0.43,0.65,0.90,0.60,1.00,0.35,0.30,0.55,1.00,0.40,0.20,0.50,0.70,0.90,0.40,0.30,
20180815,16,CO_24h,0.59,0.90,0.59,1.40,0.28,0.50,0.58,0.33,0.50,1.00,0.47,0.75,0.70,0.74,0.85,0.86,0.55,0.66,0.49,0.41,0.39,0.26,0.27,0.45,0.94,0.67,0.51,0.48,0.82,0.65,0.32,0.57,0.55,0.64,0.57,0.55,0.43,0.53,0.70,0.37,0.57,0.43,0.43,0.43,0.66,0.60,0.47,0.76,0.51,0.41,0.75,0.88,0.70,0.72,0.55,0.60,0.64,0.67,0.80,0.70,0.66,0.70,0.89,0.58,0.88,0.99,0.57,0.74,0.33,1.20,0.70,0.83,0.96,0.65,0.73,0.53,0.68,0.78,1.70,0.52,0.77,0.80,0.27,0.53,0.83,0.75,0.70,1.00,0.52,0.20,0.26,0.60,0.27,0.27,0.30,0.35,0.76,0.67,0.62,0.73,0.75,0.75,0.80,0.65,0.80,0.85,0.95,0.70,1.57,0.83,1.18,1.34,1.22,0.92,0.43,1.42,0.55,0.90,0.76,0.66,0.35,0.30,0.54,0.80,0.55,0.64,1.08,1.00,0.87,1.20,0.87,0.83,0.96,0.90,1.04,0.70,1.13,0.57,0.97,1.07,0.50,0.65,0.86,1.25,0.57,0.67,0.80,0.72,0.45,1.10,1.13,1.40,1.15,0.80,0.83,0.10,0.55,0.70,0.74,0.37,0.55,0.60,0.40,0.40,0.30,0.40,0.35,0.50,0.30,0.80,0.30,0.35,0.35,0.60,0.50,0.50,0.40,0.50,0.80,0.77,0.65,0.80,0.75,0.40,0.40,0.60,0.30,0.70,0.30,0.47,0.75,0.70,1.16,1.08,0.72,1.16,0.65,1.07,0.87,0.43,0.30,0.50,0.30,0.30,0.25,0.65,0.52,0.75,0.55,0.63,0.73,0.90,0.90,0.60,0.45,0.25,0.53,0.47,0.53,0.30,0.40,0.50,0.40,0.45,0.50,0.30,0.58,0.60,0.70,0.63,0.50,0.57,0.45,0.63,0.40,0.60,0.75,0.50,0.33,0.58,0.70,0.60,0.67,0.60,0.70,0.68,0.53,0.42,1.60,0.50,0.55,1.05,0.65,1.03,0.90,0.85,1.07,0.55,0.80,0.77,0.50,0.84,0.63,0.92,0.90,0.80,0.55,0.85,0.80,0.83,1.05,0.70,0.60,1.13,1.73,0.63,1.30,1.75,0.60,0.83,1.00,0.80,0.63,1.00,1.05,0.95,0.70,0.85,0.70,0.57,0.60,0.82,0.90,0.65,0.90,0.60,0.43,0.70,0.75,0.45,0.40,1.02,0.57,0.60,0.45,0.90,0.85,0.85,0.60,0.50,0.50,1.15,0.85,0.90,0.85,0.77,0.90,0.60,0.70,0.70,0.95,0.55,0.55,0.40,0.45,0.35,0.35,0.25,0.67,1.20,0.70,0.65,0.75,0.50,0.40,0.25,0.40,0.40,0.70,0.40,0.60,0.70,0.70,1.40,0.80,1.00,0.30,0.30,0.40,0.60,0.47,0.75,0.95,0.70,0.85,0.70,0.40,0.70,1.10,0.45,0.30,0.77,0.70,0.80,0.45,0.50,
20180815,17,AQI,31,27,43,27,18,47,43,48,30,30,33,33,43,53,38,32,33,27,41,30,76,35,32,31,48,38,40,38,46,33,33,34,37,40,34,41,26,34,30,24,25,31,38,26,36,16,37,33,28,43,40,39,19,35,27,27,42,29,41,30,34,34,42,23,68,104,56,54,39,56,52,35,60,55,21,24,41,42,51,18,31,36,19,51,31,39,20,26,40,18,46,41,30,37,17,17,29,28,30,27,27,26,27,23,24,34,31,32,48,38,35,43,137,43,25,40,31,22,32,26,37,39,36,46,35,52,69,42,42,58,39,34,45,52,38,41,46,34,37,52,28,36,38,46,28,74,41,68,26,45,62,55,55,82,60,48,31,54,32,45,31,27,24,38,32,40,31,36,21,23,25,20,20,47,31,24,35,21,54,46,60,71,59,23,48,44,35,26,14,40,41,27,105,42,48,51,46,43,79,40,28,63,36,27,33,84,29,34,28,27,30,32,21,18,22,39,27,19,13,18,17,13,13,27,28,18,42,43,46,44,30,18,53,39,48,44,39,35,38,24,15,27,13,24,26,30,37,34,51,29,35,37,35,42,44,43,44,35,45,42,31,37,59,38,39,52,40,43,38,36,28,48,26,45,39,40,31,23,17,26,37,42,46,56,45,22,43,47,35,30,51,48,53,108,65,46,52,34,110,23,38,34,38,41,29,43,42,29,37,43,43,56,24,40,55,51,37,28,37,27,57,38,36,27,31,33,36,16,44,47,50,65,65,49,64,36,37,33,54,55,39,54,26,50,36,37,14,29,29,51,61,85,43,43,27,41,31,145,122,187,104,43,45,26,43,40,
20180815,17,PM2.5,12,6,18,14,7,13,16,13,10,12,12,13,10,15,5,13,13,9,14,16,24,10,15,22,22,16,18,23,25,14,19,12,19,20,17,17,15,15,17,14,10,16,17,10,15,6,18,6,12,17,17,27,8,21,18,13,24,17,22,21,16,22,29,11,24,39,31,37,11,40,26,18,34,14,11,13,7,9,36,8,8,11,8,36,8,15,8,10,15,7,6,13,10,17,11,5,19,10,16,8,15,9,12,11,17,12,22,12,28,7,7,19,55,18,9,21,7,6,10,11,10,24,13,14,13,22,44,16,13,30,14,24,26,29,23,22,24,24,23,30,13,16,22,32,8,23,13,28,15,30,34,39,26,55,38,6,6,28,6,14,9,11,12,16,13,28,9,17,10,3,13,14,2,18,10,13,11,12,38,23,18,24,19,15,22,19,17,18,10,16,12,14,79,12,27,30,5,26,35,16,13,34,8,15,5,58,6,13,13,10,9,11,9,2,12,17,4,13,9,10,12,3,8,12,10,8,21,28,30,27,12,9,25,24,26,28,20,20,20,11,7,12,6,6,10,12,18,18,30,12,15,10,16,18,20,16,15,15,22,16,12,21,32,14,13,23,21,20,12,19,11,16,18,14,16,20,10,14,9,17,26,23,21,24,25,6,20,33,22,12,34,9,37,21,47,20,31,22,31,8,23,22,18,29,15,12,11,16,17,18,27,13,6,22,39,29,14,7,11,9,19,26,17,7,4,15,7,5,25,11,18,41,30,34,18,13,26,10,19,25,21,38,14,35,21,12,8,20,5,21,21,35,7,15,7,20,10,74,82,69,26,13,5,6,16,12,
20180815,17,PM2.5_24h,13,10,19,17,8,18,15,13,13,16,13,22,15,24,10,13,13,11,11,12,13,11,14,19,22,22,14,20,21,17,18,15,20,14,11,10,10,13,11,9,8,14,13,7,19,5,14,11,12,12,24,23,20,16,13,10,17,17,21,18,16,21,26,7,38,57,34,47,12,47,23,30,35,22,21,19,19,22,23,8,10,10,14,34,10,14,9,14,20,7,9,15,12,13,13,10,23,14,16,15,16,9,14,17,20,15,15,29,33,15,18,32,60,32,14,13,7,7,8,12,12,14,14,16,13,22,34,21,20,41,33,35,26,26,26,25,23,22,18,30,10,39,41,38,34,44,43,45,18,42,44,36,23,47,46,27,9,34,13,30,13,9,14,13,14,13,12,15,10,8,17,10,7,12,11,12,12,11,38,18,10,16,11,14,17,14,16,10,8,25,21,25,48,23,33,42,21,43,37,21,16,36,15,16,9,41,12,16,11,15,13,10,7,10,13,14,6,17,15,15,17,13,14,13,23,11,24,28,28,21,15,8,20,25,28,26,19,16,17,7,12,11,16,6,14,22,30,16,26,23,29,23,14,21,28,16,27,33,31,23,24,30,30,32,21,31,23,22,19,21,24,20,22,17,23,27,20,18,20,33,22,19,28,29,32,19,25,23,17,19,43,26,38,25,46,26,20,25,27,10,23,33,30,28,15,28,15,24,29,11,23,16,7,20,41,35,38,9,18,11,10,21,15,11,9,18,10,6,29,34,26,32,22,38,54,19,33,11,19,30,29,33,17,47,30,18,22,13,8,30,23,29,25,19,9,22,14,75,65,63,31,26,6,6,23,16,
20180815,17,PM10,30,22,33,27,18,37,31,45,27,28,28,26,38,56,12,24,33,26,41,30,44,35,32,22,47,38,40,38,46,33,33,34,25,40,34,41,26,34,30,24,25,31,32,23,36,16,37,22,28,43,40,37,9,29,27,24,38,22,41,27,34,27,42,17,40,62,62,57,39,62,54,31,55,59,15,24,17,30,40,18,31,26,19,24,28,39,20,23,38,16,46,28,30,37,17,17,29,18,30,18,27,23,21,13,20,31,24,,48,31,22,31,80,29,25,40,17,22,32,19,37,39,36,46,28,54,71,40,32,45,39,33,45,54,38,41,46,27,37,54,23,31,33,42,11,35,32,85,26,45,74,58,59,113,61,48,12,56,32,45,31,27,24,38,32,33,31,36,21,23,25,19,19,47,31,24,35,21,,46,70,43,33,23,48,44,34,25,,40,41,26,123,33,33,49,22,38,67,40,17,63,18,27,13,117,20,34,27,13,19,16,21,18,,39,27,14,10,18,10,13,13,27,28,15,42,43,46,44,18,16,56,39,33,44,39,33,38,20,14,27,6,24,26,30,37,34,51,29,35,37,24,33,35,36,44,35,45,42,31,37,41,38,39,54,25,43,31,29,28,48,24,45,39,40,31,20,13,26,33,42,46,62,45,19,43,37,35,24,52,22,56,40,75,36,53,34,86,14,27,30,38,35,25,22,19,23,37,22,25,61,17,,48,50,25,14,19,27,63,36,36,24,31,33,12,12,43,37,50,80,80,41,78,26,34,25,57,59,31,43,,48,36,37,14,28,15,52,55,119,43,43,18,30,19,239,193,323,158,19,45,,38,33,
20180815,17,PM10_24h,24,22,35,27,18,37,27,30,43,31,24,26,32,72,33,22,31,24,32,30,31,33,35,32,41,47,36,40,40,37,39,34,45,31,23,25,25,29,26,22,22,24,26,21,41,14,23,28,23,40,49,38,38,26,22,16,26,21,35,27,26,38,46,15,64,92,60,78,38,93,51,77,73,73,39,35,48,56,30,16,24,19,28,44,21,24,17,25,46,22,23,28,26,35,25,27,37,24,25,25,29,26,26,21,29,27,31,36,66,32,51,61,91,62,27,29,17,20,18,23,30,24,25,36,31,56,56,36,43,63,55,57,50,48,41,37,41,35,33,47,24,69,61,64,58,64,76,71,32,68,96,62,55,83,92,180,21,66,41,128,22,17,30,30,28,29,24,33,22,35,32,25,23,30,31,29,33,24,45,37,29,31,21,24,36,35,38,15,17,41,44,40,89,80,48,63,44,58,71,49,21,75,23,24,21,90,20,36,24,24,22,14,15,19,29,29,18,37,28,27,25,31,53,34,41,17,43,47,44,39,37,19,42,54,32,59,39,32,35,13,26,23,31,19,33,49,55,34,50,45,54,49,34,40,45,30,53,52,54,40,40,54,44,58,37,63,32,45,37,34,47,42,37,43,48,50,54,33,31,50,38,34,43,46,59,38,48,42,32,43,74,46,64,54,83,47,30,43,72,17,32,47,55,39,56,45,38,36,46,33,52,38,19,28,55,67,65,25,39,27,40,37,47,26,31,41,19,11,52,93,48,64,63,59,210,45,48,23,38,57,42,46,24,88,74,35,30,23,34,117,73,75,61,57,19,72,37,228,378,256,157,49,24,7,50,54,
20180815,17,SO2,2,3,7,16,10,5,3,15,3,3,10,6,9,6,9,8,5,3,6,7,8,4,13,5,17,7,10,14,7,4,4,4,5,6,5,5,6,8,3,4,5,5,3,5,3,5,6,4,7,8,5,4,5,7,7,3,5,6,4,4,6,7,8,5,6,9,5,9,8,8,4,7,7,12,8,10,6,8,5,6,8,107,6,6,3,5,3,7,9,5,9,4,6,6,6,4,8,8,6,7,6,8,5,6,8,9,8,9,7,6,10,7,23,6,5,10,8,8,6,10,5,3,6,5,5,8,12,7,6,7,8,4,7,7,7,6,5,8,7,26,4,6,7,25,4,7,8,9,7,13,8,10,11,4,4,2,66,9,7,6,14,12,6,4,9,4,5,5,6,8,10,5,6,10,12,12,4,10,2,19,7,7,12,12,5,6,5,4,4,6,6,13,10,10,5,7,12,11,23,5,3,10,13,3,9,10,5,14,5,6,3,5,4,6,2,4,4,2,6,2,4,3,5,7,8,4,9,13,10,17,7,7,13,7,11,4,14,10,5,8,14,4,4,3,5,7,6,6,11,17,8,6,4,14,6,7,4,7,4,4,9,7,16,7,5,9,8,4,3,4,4,10,6,5,7,4,4,9,2,7,6,9,7,10,8,5,8,7,5,22,7,12,4,6,6,6,15,4,13,7,17,6,21,7,1,8,5,7,13,6,12,11,6,7,9,20,3,9,5,9,18,9,6,4,3,3,4,3,5,6,7,4,10,8,4,3,4,6,8,3,3,13,10,5,13,13,7,8,9,15,4,10,5,5,6,14,11,7,5,11,6,10,4,7,16,9,
20180815,17,SO2_24h,2,4,7,23,8,7,5,9,3,5,10,7,13,7,9,9,6,3,6,7,7,4,12,5,15,11,10,13,8,5,6,5,7,7,6,6,6,8,3,3,5,8,4,4,5,4,6,4,10,5,5,5,8,6,6,3,5,6,5,5,6,9,10,4,8,9,5,30,7,9,6,10,9,10,10,12,15,9,7,6,13,42,7,9,5,7,5,9,20,5,9,6,5,5,6,5,9,7,7,11,8,8,7,7,7,11,7,10,11,6,14,9,21,13,7,10,10,9,7,8,6,3,6,6,8,11,12,9,7,7,15,6,7,8,10,9,4,8,7,19,4,7,9,32,16,10,21,10,6,21,12,10,13,4,5,6,14,17,6,6,13,9,8,3,8,3,5,5,7,8,12,5,5,8,11,13,6,12,2,15,6,9,12,13,5,7,6,4,3,7,7,6,13,17,5,11,28,15,25,6,2,13,15,3,11,9,6,15,6,9,3,6,5,8,3,4,4,2,6,2,4,5,8,7,9,4,15,13,12,13,6,9,12,11,17,6,14,7,8,7,9,8,6,3,6,16,15,17,17,27,13,21,16,16,13,8,9,9,5,4,12,10,11,9,5,11,8,4,4,4,7,17,9,4,8,5,17,9,3,10,9,12,10,13,8,7,8,11,5,28,11,12,6,11,9,7,18,4,12,7,10,10,17,12,1,9,8,14,25,5,13,16,6,9,12,36,24,6,6,14,15,11,6,4,2,3,4,4,7,9,7,8,13,9,4,3,4,7,8,4,10,14,10,8,16,12,7,7,10,17,7,9,5,7,6,10,12,7,6,9,7,12,4,7,12,12,
20180815,17,NO2,15,8,6,26,16,7,14,12,11,20,13,4,12,13,10,16,10,13,13,16,23,22,6,17,17,9,14,24,11,7,12,12,13,13,12,19,4,9,13,8,4,9,10,9,14,19,18,15,16,18,15,12,16,33,19,9,26,6,15,27,9,28,15,12,22,12,11,24,8,26,19,16,10,15,16,19,10,8,22,15,9,15,19,13,6,10,7,8,11,9,9,9,5,26,20,6,10,11,14,6,35,7,5,9,26,10,22,15,22,13,9,4,12,9,17,24,8,12,13,11,6,17,10,9,6,6,13,10,6,7,10,21,20,11,7,7,26,15,13,21,8,7,19,22,20,8,4,36,18,15,17,14,13,15,8,4,62,10,10,5,3,17,10,12,10,7,7,13,8,6,12,6,17,20,10,11,8,16,18,29,19,15,11,4,14,17,12,7,11,6,10,27,10,10,11,4,11,7,11,7,6,9,8,5,4,11,7,16,5,15,11,17,11,6,4,3,15,9,7,6,5,5,16,7,8,5,21,15,19,15,10,11,15,12,27,18,9,23,11,19,21,9,14,9,3,6,8,7,16,5,8,5,2,8,10,6,11,7,12,5,9,9,14,18,12,10,2,3,6,6,13,10,8,13,12,14,7,9,6,14,21,9,9,17,11,4,10,9,8,9,16,9,12,12,16,18,15,11,20,4,13,10,16,5,4,3,8,10,5,6,11,12,11,6,11,7,9,7,11,4,8,10,8,6,2,3,4,5,6,12,12,18,8,9,9,4,17,12,13,9,9,5,12,13,4,4,8,12,3,10,8,6,12,12,18,18,4,5,4,11,8,9,2,,9,5,
20180815,17,NO2_24h,25,16,15,34,12,19,17,12,21,27,17,19,16,31,29,24,7,22,20,18,19,23,10,11,25,22,21,28,22,10,9,9,17,14,17,16,10,11,12,8,5,16,18,13,22,16,25,19,15,9,25,24,16,32,19,13,26,16,25,24,13,23,30,13,43,50,16,45,16,50,32,25,30,38,24,20,32,28,27,11,17,15,21,21,8,15,8,12,20,5,11,17,10,11,10,11,17,9,12,10,16,8,13,15,21,10,15,19,25,15,17,17,24,28,17,24,14,16,15,20,9,12,18,12,11,16,21,20,11,22,17,14,26,13,11,10,24,12,14,21,8,29,23,31,30,19,27,32,18,28,30,26,26,28,32,4,23,26,17,13,9,11,11,7,13,7,8,11,10,5,15,5,13,18,18,20,14,21,13,24,10,18,14,6,18,15,14,8,10,11,15,25,18,35,24,10,32,30,22,6,10,22,13,5,9,8,12,18,17,12,15,14,12,13,8,6,14,17,9,11,9,12,27,7,18,7,29,18,21,16,13,11,22,17,31,25,13,16,16,13,14,9,22,11,6,11,16,10,18,9,14,12,8,21,25,11,16,13,14,13,12,26,16,21,15,12,2,11,13,10,14,17,10,16,17,15,14,12,10,19,15,16,14,16,19,11,19,14,10,28,33,23,29,38,32,28,14,22,27,5,16,13,25,10,14,20,22,18,11,10,15,13,18,11,23,19,26,11,25,9,12,15,15,8,3,4,7,5,15,44,13,21,8,18,11,5,31,12,8,27,12,8,14,26,6,6,13,9,12,9,19,9,22,28,27,43,12,22,11,26,13,29,6,30,26,29,
20180815,17,O3,98,86,138,70,51,150,139,154,96,95,107,107,139,147,120,101,31,87,62,61,181,68,52,62,155,104,77,119,134,56,77,52,117,71,60,85,66,107,79,48,35,99,122,83,112,36,72,105,86,76,112,116,60,111,81,86,134,94,106,90,77,110,93,73,174,208,121,130,86,145,104,111,168,136,66,49,132,134,93,16,94,82,42,141,98,117,63,84,127,57,51,130,88,103,26,54,81,89,77,87,54,82,87,72,73,110,91,102,137,123,112,139,274,137,71,100,99,60,86,83,62,77,74,115,113,128,175,135,133,166,115,102,103,141,115,123,94,81,87,65,89,116,120,138,90,179,131,103,84,131,155,161,163,164,168,104,59,163,101,101,53,70,68,90,76,64,38,104,59,40,46,26,64,82,49,57,61,57,127,66,162,177,167,62,97,96,112,79,9,123,102,85,206,135,152,161,147,139,183,88,89,170,114,67,104,172,93,84,89,86,95,103,55,54,71,78,56,22,40,36,37,40,29,43,50,56,90,120,142,108,95,57,118,105,154,124,115,111,107,77,48,39,43,67,57,89,86,105,133,94,91,88,113,134,140,137,110,103,141,127,97,118,167,111,100,105,129,94,120,116,78,73,78,87,58,65,90,75,54,73,79,92,84,92,72,71,96,85,85,97,111,152,125,216,143,147,122,101,220,72,122,108,121,121,93,136,133,94,95,138,138,104,77,128,117,161,119,89,119,74,105,120,85,87,77,49,114,52,141,151,103,100,102,135,105,114,90,107,97,104,124,110,82,118,71,76,,90,94,110,169,130,99,68,87,131,99,116,131,134,103,136,99,84,139,129,
20180815,17,O3_24h,106,92,149,71,81,150,159,159,98,113,107,136,146,148,128,108,53,90,93,67,169,94,60,86,155,131,102,149,153,77,122,63,142,85,72,101,93,123,88,60,43,129,124,88,124,49,95,106,111,117,136,123,133,115,87,105,148,105,112,111,92,119,103,85,192,289,130,148,106,244,104,133,195,134,150,129,151,158,93,22,94,82,90,171,115,135,116,111,140,88,110,130,104,117,38,89,116,106,119,105,101,118,95,92,92,118,105,97,169,125,118,152,280,142,79,101,99,60,90,86,68,80,94,129,136,129,194,141,133,171,143,159,112,142,146,127,122,117,128,91,89,217,158,154,183,203,251,156,131,143,253,165,173,175,176,114,110,174,108,106,88,102,132,140,134,132,110,114,107,86,51,35,71,113,72,57,72,69,127,104,187,188,167,62,99,96,112,113,18,126,126,100,207,140,166,225,155,163,185,90,90,174,123,67,114,186,96,94,105,96,95,103,77,59,110,82,100,79,48,59,55,46,60,45,66,65,135,174,147,119,137,58,170,119,170,135,121,132,107,81,65,72,68,67,66,126,129,115,149,121,128,114,113,143,154,137,134,106,156,128,114,153,172,125,135,109,129,133,130,124,96,125,101,117,94,87,97,119,71,84,122,108,114,115,83,103,97,136,92,146,178,202,154,231,177,167,136,116,225,89,125,144,135,153,116,151,141,107,127,138,144,106,77,128,140,179,132,89,119,80,105,123,86,95,89,59,137,60,144,153,133,134,113,174,121,118,130,117,110,113,128,113,100,132,96,87,110,138,102,128,186,142,119,69,87,133,100,124,142,138,120,139,99,90,139,129,
20180815,17,O3_8h,94,79,129,56,46,118,135,118,89,95,78,114,123,126,112,77,40,70,77,56,101,62,51,56,132,95,77,113,105,58,70,51,93,66,56,68,60,95,68,48,34,101,98,69,96,37,70,76,91,56,107,108,93,86,75,93,101,91,96,88,79,88,83,67,117,190,100,111,71,145,82,95,154,95,93,76,112,129,57,16,65,55,57,141,96,111,68,83,121,58,82,101,87,72,30,64,84,94,80,76,81,90,87,77,73,102,88,79,117,96,103,133,212,121,72,64,72,41,62,67,61,65,75,93,90,110,159,107,96,134,109,130,99,122,119,116,78,94,92,75,68,108,111,111,94,166,123,124,95,117,171,129,122,139,148,101,83,150,87,98,72,76,79,78,96,89,85,91,84,65,42,30,54,77,55,48,56,56,107,68,118,133,106,56,74,81,93,83,9,114,89,66,167,117,140,166,118,137,161,85,73,144,116,65,103,157,90,64,75,83,71,94,52,46,85,75,77,47,38,35,35,35,37,41,50,55,94,128,121,90,104,50,106,97,134,121,106,97,84,55,53,54,45,42,59,84,88,97,101,86,87,97,94,108,118,105,98,92,129,91,100,114,121,112,116,98,117,118,109,113,80,84,82,100,70,67,92,94,54,71,84,86,98,89,68,85,74,100,78,97,124,157,106,177,144,137,92,96,184,57,106,111,117,107,77,139,123,84,89,95,137,77,55,89,102,140,93,66,85,60,56,98,66,74,78,46,99,49,118,136,107,85,98,147,112,109,95,107,96,100,110,78,92,98,63,83,96,88,81,116,156,116,95,60,72,95,79,94,122,107,96,101,83,77,90,93,
20180815,17,O3_8h_24h,94,79,129,56,52,118,135,118,89,95,78,114,123,126,112,77,48,71,78,56,101,62,51,56,132,95,77,113,105,58,70,51,93,66,56,68,60,95,68,48,34,101,98,69,96,37,70,76,93,56,107,108,94,86,77,97,101,91,96,88,81,88,83,72,117,190,100,111,71,145,82,95,154,95,93,77,112,129,57,21,65,55,57,141,96,111,93,88,123,58,90,101,87,72,32,79,84,94,85,76,84,109,87,78,73,102,88,79,117,96,103,133,212,121,72,64,72,41,62,67,61,65,77,93,90,110,159,107,96,134,109,130,99,122,119,116,78,94,95,75,68,108,112,111,104,166,123,124,99,117,171,129,122,139,148,113,108,150,88,98,81,76,79,78,96,89,85,91,84,72,42,31,54,77,55,48,56,56,107,68,118,133,106,56,74,81,93,83,14,114,89,66,167,117,140,166,118,137,161,85,73,144,116,65,103,157,90,64,75,83,78,94,52,46,85,75,86,52,44,35,37,35,38,41,50,55,94,128,121,90,104,50,106,97,134,121,106,97,84,55,53,54,45,42,59,87,88,97,101,86,87,97,94,108,118,105,98,92,129,91,101,114,129,112,116,98,117,118,109,113,80,84,82,100,70,67,92,96,54,71,84,86,98,89,68,85,74,100,78,97,124,157,106,177,144,137,92,96,184,57,106,111,117,125,77,139,123,87,89,95,137,77,55,89,102,140,93,66,85,60,56,98,66,74,87,47,107,49,118,136,107,85,105,147,112,109,95,110,96,100,110,78,92,98,63,83,101,88,81,119,156,116,95,60,72,95,79,94,122,112,105,101,83,77,90,93,
20180815,17,CO,0.38,0.49,0.36,0.65,0.24,0.50,0.37,0.57,0.35,0.65,0.37,0.40,0.55,0.46,0.77,0.69,0.56,0.52,0.54,0.40,0.67,0.20,0.27,0.55,0.86,0.45,0.51,0.52,0.72,0.60,0.34,0.65,0.60,0.63,0.51,0.57,0.37,0.53,0.60,0.33,0.60,0.40,0.43,0.40,0.53,0.54,0.50,0.70,0.43,0.59,0.64,0.69,0.68,0.83,0.53,0.55,0.74,0.73,0.73,0.72,0.54,0.73,0.77,0.53,0.77,0.59,0.52,0.60,0.32,1.18,0.57,0.90,0.74,0.58,0.62,0.45,0.48,0.63,0.57,0.55,0.73,1.05,0.23,0.42,0.60,0.50,0.57,0.70,0.42,0.27,0.20,0.65,0.33,0.50,0.40,0.13,0.64,0.67,0.53,0.60,0.85,0.70,0.65,0.55,0.90,0.95,1.23,0.70,0.60,0.77,0.45,0.68,1.02,0.53,0.42,1.20,0.57,0.66,0.70,0.57,0.30,0.30,0.42,0.80,0.53,0.38,1.15,0.87,0.77,0.90,0.70,0.93,0.90,0.90,0.84,0.70,1.20,0.70,0.77,1.38,0.55,0.40,0.74,1.12,0.47,0.53,0.55,0.62,0.45,0.85,1.13,1.43,1.15,0.87,0.77,0.15,2.00,0.50,0.58,0.33,0.30,0.50,0.35,0.50,0.30,0.40,0.30,0.60,0.20,0.80,0.30,0.45,0.50,0.70,0.35,0.45,0.20,0.40,1.80,1.10,0.80,1.20,1.05,0.40,0.45,0.60,0.50,0.70,0.25,0.43,0.70,0.60,1.04,0.83,0.55,0.82,0.40,0.60,0.77,0.27,0.30,0.50,0.15,0.27,0.25,0.65,0.40,0.67,0.45,0.60,0.57,0.90,0.90,0.45,0.30,0.25,0.53,0.40,0.43,0.23,0.20,0.40,0.30,0.45,0.50,0.20,0.48,0.52,0.63,0.55,0.43,0.50,0.40,0.40,0.50,0.50,0.85,0.50,0.40,0.57,1.37,0.67,0.60,0.50,0.65,0.55,0.50,0.40,1.55,0.33,0.47,0.93,0.55,0.70,0.55,0.77,0.97,0.47,0.68,0.77,0.40,0.54,0.63,1.15,0.83,0.73,0.55,0.65,0.63,0.65,0.85,0.54,0.58,1.20,1.52,0.60,1.32,1.60,0.75,0.65,0.95,0.77,0.50,0.70,0.85,0.75,0.65,0.80,0.70,0.57,0.47,0.63,0.73,0.50,0.90,0.45,0.43,0.63,0.68,0.40,0.30,0.77,0.53,0.50,0.45,0.70,0.60,0.80,0.60,0.30,0.40,0.75,0.80,0.70,0.75,0.53,0.35,0.50,0.60,0.70,0.85,0.65,0.50,0.40,0.40,0.30,0.25,0.25,0.57,0.73,0.80,0.75,0.75,0.40,0.40,0.30,0.25,0.40,0.70,0.40,0.80,0.65,0.60,1.10,0.80,1.20,,0.30,0.40,0.60,0.40,0.70,0.90,0.60,1.00,0.25,0.40,0.55,1.00,0.40,0.20,0.50,0.70,0.90,0.50,0.30,
20180815,17,CO_24h,0.59,0.87,0.56,1.35,0.28,0.53,0.58,0.35,0.50,1.00,0.47,0.75,0.70,0.74,0.85,0.84,0.55,0.66,0.49,0.42,0.44,0.26,0.27,0.45,0.94,0.67,0.51,0.50,0.80,0.68,0.32,0.57,0.55,0.64,0.57,0.55,0.43,0.53,0.70,0.37,0.57,0.43,0.43,0.47,0.64,0.58,0.47,0.76,0.51,0.40,0.75,0.87,0.71,0.78,0.55,0.60,0.64,0.70,0.80,0.72,0.66,0.70,0.89,0.58,0.88,0.99,0.57,0.74,0.33,1.20,0.70,0.83,0.98,0.65,0.73,0.53,0.66,0.76,1.63,0.52,0.77,0.82,0.27,0.53,0.83,0.75,0.70,0.98,0.52,0.20,0.26,0.60,0.27,0.27,0.33,0.35,0.74,0.67,0.62,0.73,0.75,0.77,0.80,0.60,0.80,0.85,0.95,0.70,1.57,0.83,1.18,1.34,1.22,0.90,0.43,1.43,0.55,0.88,0.76,0.70,0.35,0.30,0.54,0.80,0.55,0.64,1.12,1.00,0.87,1.20,0.83,0.83,0.96,0.95,1.04,0.72,1.13,0.57,0.97,1.08,0.50,0.65,0.86,1.14,0.57,0.67,0.80,0.72,0.45,1.10,1.13,1.40,1.15,0.80,0.87,0.10,0.60,0.70,0.74,0.37,0.55,0.60,0.40,0.45,0.30,0.40,0.35,0.50,0.30,0.85,0.30,0.40,0.35,0.60,0.50,0.50,0.40,0.50,0.90,0.77,0.65,0.90,0.75,0.40,0.40,0.60,0.50,0.70,0.30,0.47,0.75,0.70,1.16,1.08,0.70,1.12,0.65,1.00,0.87,0.37,0.30,0.50,0.30,0.30,0.25,0.65,0.52,0.78,0.55,0.63,0.73,0.90,0.90,0.60,0.45,0.25,0.53,0.50,0.53,0.30,0.40,0.50,0.40,0.45,0.50,0.30,0.58,0.60,0.70,0.63,0.50,0.57,0.45,0.63,0.40,0.60,0.80,0.50,0.33,0.58,0.73,0.60,0.63,0.60,0.68,0.63,0.53,0.42,1.63,0.50,0.55,1.05,0.65,1.00,0.90,0.85,1.07,0.55,0.80,0.77,0.50,0.82,0.67,0.95,0.90,0.80,0.60,0.85,0.80,0.87,1.05,0.70,0.60,1.13,1.73,0.63,1.30,1.75,0.60,0.83,1.00,0.80,0.60,1.00,1.05,0.95,0.70,0.85,0.70,0.57,0.60,0.82,0.90,0.65,0.90,0.60,0.43,0.70,0.75,0.40,0.40,1.02,0.55,0.60,0.45,0.90,0.85,0.85,0.60,0.50,0.50,1.15,0.85,0.90,0.85,0.77,0.90,0.60,0.70,0.70,0.95,0.55,0.55,0.40,0.45,0.35,0.35,0.25,0.67,1.20,0.70,0.65,0.75,0.50,0.40,0.25,0.40,0.40,0.70,0.40,0.60,0.70,0.70,1.40,0.80,1.00,0.30,0.30,0.40,0.60,0.47,0.75,0.95,0.70,0.85,0.70,0.40,0.70,1.10,0.45,0.30,0.77,0.70,0.80,0.50,0.50,
20180815,18,AQI,33,26,43,26,19,44,41,62,28,29,34,37,41,54,37,28,33,33,44,33,50,34,35,36,43,38,36,34,43,33,42,39,34,42,38,42,30,30,31,26,24,33,34,28,39,38,34,36,27,35,41,41,18,37,29,25,40,27,33,33,33,46,65,21,60,91,56,80,32,55,49,42,55,51,19,26,41,45,54,19,30,41,15,53,34,37,18,23,41,14,56,38,29,32,21,500,29,27,24,27,36,39,27,21,25,29,34,33,50,37,33,42,136,43,26,39,31,23,27,25,33,40,35,37,40,54,61,54,43,56,42,57,48,54,37,45,52,34,25,40,28,36,37,53,28,78,40,36,33,44,49,64,58,83,63,52,34,49,33,53,32,29,35,27,31,27,23,53,22,24,36,17,18,56,30,27,40,21,58,50,46,45,41,26,40,28,35,25,14,48,60,38,79,46,41,51,43,43,81,43,24,60,35,30,31,108,28,32,27,33,28,29,18,23,41,39,16,26,17,19,51,12,28,27,36,16,33,34,39,43,29,19,48,40,53,45,38,36,41,25,37,14,34,16,24,30,36,38,57,31,36,28,36,42,42,41,48,37,46,38,32,37,49,44,53,50,38,53,46,36,57,36,33,45,34,42,35,28,16,30,44,43,21,34,54,21,48,42,44,27,47,42,59,104,57,42,54,40,105,22,39,31,41,47,25,42,42,28,29,44,43,52,24,40,54,48,38,23,39,23,62,37,35,27,38,25,37,18,57,44,33,64,62,51,58,35,36,31,41,53,37,63,25,63,29,29,15,30,28,42,103,81,29,49,27,42,33,135,157,154,134,43,32,27,45,41,
20180815,18,PM2.5,12,9,19,14,6,12,17,18,10,17,20,16,15,19,4,14,11,10,13,16,29,14,17,25,22,14,15,19,17,18,20,13,18,21,19,21,17,16,17,14,13,19,16,11,13,7,17,7,11,9,17,26,9,23,19,11,26,18,22,21,18,27,26,11,27,37,31,36,11,39,28,27,32,15,13,13,6,10,38,8,8,9,8,37,8,7,12,9,14,5,6,14,10,19,15,6,20,9,13,9,14,10,13,10,12,10,22,15,26,8,10,18,52,12,11,20,9,6,10,13,12,23,16,11,17,24,37,17,14,30,15,27,23,29,26,22,24,20,13,22,17,16,21,37,8,21,12,22,18,19,34,38,30,58,38,6,22,25,10,23,8,8,6,13,10,6,11,9,5,5,19,12,,17,11,14,13,14,41,24,19,23,26,12,17,11,17,15,10,20,13,21,46,10,26,28,3,29,39,13,12,35,11,16,12,81,7,13,12,9,10,16,5,5,7,16,4,18,10,13,11,4,2,8,25,5,19,19,25,24,11,13,24,16,37,20,20,21,16,13,8,10,9,6,7,12,14,14,34,14,14,10,13,19,17,15,15,18,21,11,12,20,34,14,24,20,24,18,16,22,18,13,23,19,15,21,12,17,8,12,25,22,15,24,20,10,21,27,23,9,27,13,42,22,33,23,34,25,28,9,25,20,21,33,13,15,14,17,15,19,20,10,7,28,38,25,18,9,13,9,19,22,24,9,5,13,6,8,27,9,23,40,28,36,17,15,25,10,16,19,21,45,17,45,18,13,9,21,6,13,27,35,7,15,8,16,10,80,44,69,32,25,4,6,20,12,
20180815,18,PM2.5_24h,13,10,19,17,8,18,15,13,13,16,14,22,15,24,10,13,13,11,11,12,14,11,14,19,22,22,14,20,21,17,18,14,20,14,11,10,11,13,11,9,8,14,13,7,18,5,14,11,12,12,24,23,19,16,13,11,17,16,21,18,16,21,25,7,37,56,34,47,12,47,23,30,36,22,20,19,19,21,23,8,10,10,14,35,10,14,8,14,20,7,9,15,12,13,13,10,22,14,16,14,16,11,14,16,19,15,15,29,33,14,18,32,60,31,14,13,8,7,9,12,12,14,14,16,13,22,35,20,20,41,32,35,27,26,27,26,23,22,18,30,10,38,40,39,34,43,42,45,18,42,43,36,24,47,46,24,10,35,13,30,12,9,14,13,14,13,12,15,9,8,17,10,7,12,11,12,12,11,38,19,10,16,12,14,17,14,16,10,8,24,21,25,48,23,34,41,20,42,37,21,16,36,15,16,9,42,11,17,11,15,13,10,7,9,12,15,6,18,14,14,17,12,13,13,23,10,23,28,28,21,15,8,20,25,30,26,20,17,17,7,12,10,15,6,13,22,30,16,27,22,29,22,14,21,28,16,26,32,31,22,23,30,31,31,22,31,24,22,20,21,24,20,22,17,22,27,19,18,20,32,22,20,27,28,31,19,25,24,17,19,42,26,38,25,46,26,21,25,28,10,24,32,29,28,15,27,15,24,29,12,23,16,8,20,41,35,38,9,18,11,10,22,16,11,9,18,9,6,29,33,26,33,23,38,50,18,33,10,19,28,29,34,18,48,30,18,22,14,8,31,24,30,25,19,9,22,14,75,63,65,32,26,6,6,23,16,
20180815,18,PM10,33,22,41,26,19,38,34,73,26,29,34,22,31,57,14,27,33,33,44,33,50,34,35,32,41,38,36,34,43,33,42,39,22,42,38,42,30,30,31,26,24,22,32,28,39,38,34,28,27,35,41,41,17,37,29,21,40,26,33,31,33,46,79,17,45,63,62,110,32,60,49,42,59,52,10,26,22,35,39,19,28,31,15,25,34,32,18,20,33,13,61,34,29,32,19,2754,22,27,24,15,36,39,22,18,25,,34,17,50,28,23,32,85,31,26,39,18,23,27,22,33,40,35,37,36,57,63,57,43,51,42,64,48,58,37,45,54,34,18,40,24,36,37,53,10,40,37,36,33,44,44,77,65,115,58,53,34,49,32,56,32,29,35,21,31,27,23,56,22,24,36,17,7,61,30,27,40,21,,50,31,45,37,26,40,28,35,25,,48,70,38,81,40,39,51,20,38,73,43,24,65,20,30,20,107,24,32,26,16,26,18,16,23,41,39,16,22,17,14,51,12,28,27,26,13,33,32,39,43,25,19,48,40,,45,34,36,41,25,37,13,34,15,24,30,36,38,64,31,36,28,25,37,42,40,48,37,46,32,27,37,40,44,55,50,35,56,46,34,64,36,33,45,34,42,35,28,15,30,44,43,18,27,58,19,48,42,44,18,47,26,61,53,64,37,57,40,87,12,35,28,41,40,25,26,19,25,22,23,28,54,18,,53,44,30,17,33,22,73,37,35,20,38,25,18,17,64,27,28,77,73,41,65,24,28,14,41,56,33,52,,,29,29,15,29,28,42,61,111,12,49,19,28,27,220,264,258,217,18,13,,40,34,
20180815,18,PM10_24h,25,22,35,27,18,37,28,32,42,32,25,26,32,72,32,22,31,25,33,30,33,33,35,31,41,47,36,40,41,36,39,35,45,32,24,25,25,29,26,22,21,24,26,21,41,15,23,28,24,39,49,38,38,25,22,17,26,21,34,27,26,38,46,15,63,92,61,80,38,93,51,77,73,74,39,34,47,56,30,16,25,20,27,43,22,25,17,25,46,22,23,28,26,34,25,149,36,24,25,23,29,26,26,20,28,27,31,34,66,31,51,61,90,62,26,29,17,20,19,24,30,24,26,36,31,56,57,37,43,63,55,55,51,48,40,38,42,35,32,48,23,68,60,64,56,63,75,70,31,67,95,62,56,85,92,160,22,66,41,125,23,18,30,29,28,29,24,35,22,34,32,25,22,32,30,29,33,24,45,37,29,31,22,23,36,34,37,16,17,41,45,40,90,79,48,63,44,57,72,49,21,75,23,24,21,92,20,37,24,24,22,14,15,20,30,29,18,37,27,26,26,30,52,33,42,17,43,48,45,40,35,19,42,54,32,59,40,33,35,13,27,22,31,20,33,48,54,34,51,44,54,48,33,40,45,30,52,51,54,39,40,54,44,58,38,62,33,46,38,35,48,41,37,44,47,51,54,33,31,49,40,34,42,44,59,38,48,42,31,43,73,45,64,54,84,47,30,43,73,16,32,46,54,38,55,44,37,36,45,33,51,39,20,29,54,65,65,25,39,26,42,38,47,26,31,40,19,11,53,92,48,66,64,59,192,41,48,20,38,57,42,46,24,90,74,35,31,24,33,118,75,78,60,58,19,72,37,230,378,259,161,48,24,7,51,54,
20180815,18,SO2,2,3,6,17,11,4,4,13,3,4,9,6,8,6,8,7,5,4,6,7,7,5,13,5,17,6,10,13,6,5,4,5,5,6,5,5,6,6,3,4,5,6,3,5,3,5,9,4,8,6,5,4,5,7,6,4,6,6,4,4,5,8,7,4,6,9,4,13,7,8,4,8,7,11,8,9,7,8,5,6,8,123,6,6,4,5,4,6,10,5,11,5,4,4,7,3,7,6,5,6,6,8,5,6,6,11,8,9,10,7,10,7,21,6,5,11,9,8,6,10,5,4,6,5,6,8,13,6,5,42,8,4,6,8,8,6,5,7,7,21,4,6,7,36,3,10,8,9,7,13,8,11,10,4,4,2,17,9,7,6,14,9,6,4,9,4,7,5,6,8,11,5,6,10,12,14,7,12,2,17,7,7,11,13,6,5,5,4,4,6,6,10,12,10,5,7,12,12,25,6,3,11,17,3,10,10,6,14,5,9,4,5,4,7,3,4,4,2,6,2,4,3,5,6,9,4,8,12,11,20,12,7,9,7,9,4,11,8,5,7,9,7,6,3,5,6,7,5,8,15,8,7,3,14,6,7,5,7,4,4,10,8,9,7,4,9,9,4,3,4,6,11,6,4,6,3,4,9,3,8,8,9,8,10,15,7,8,7,5,25,6,12,4,6,17,6,18,3,12,7,8,6,17,14,1,8,5,7,13,5,5,11,6,7,9,17,2,9,6,10,17,9,7,4,2,3,4,3,5,7,30,3,10,8,4,3,4,6,8,4,3,15,10,5,13,13,7,7,9,16,6,11,5,5,6,10,12,7,5,13,6,9,4,7,16,9,
20180815,18,SO2_24h,2,4,7,22,9,7,5,9,3,5,9,7,12,7,9,9,6,3,6,7,7,4,12,5,16,10,10,13,8,5,6,5,6,6,6,6,7,8,3,3,5,8,4,4,5,5,6,4,10,5,5,5,8,6,6,3,5,6,5,5,6,9,10,4,8,9,5,29,7,9,5,10,9,10,10,12,15,9,7,6,13,47,7,8,5,7,5,9,20,5,10,6,5,5,6,5,9,7,7,11,8,8,7,7,7,11,7,10,11,6,14,9,22,14,7,10,10,9,8,9,6,3,6,6,8,11,12,9,7,10,15,6,7,8,12,9,5,8,7,19,4,7,9,31,16,10,21,10,6,21,12,10,13,4,5,5,15,17,6,6,13,9,8,3,8,3,5,5,7,8,12,5,5,8,11,13,6,12,2,15,7,8,12,13,5,7,6,4,3,7,7,6,13,17,6,10,27,14,25,6,2,13,16,3,11,10,6,16,6,9,3,6,5,8,3,4,4,2,6,2,4,5,8,7,9,4,16,13,12,14,7,9,11,11,17,6,14,7,8,7,9,8,6,3,6,16,15,17,16,27,13,21,16,16,13,8,9,9,5,4,12,10,11,9,5,11,8,4,4,4,7,17,9,4,8,5,16,8,3,10,11,12,10,13,8,7,8,11,5,28,11,12,6,11,10,7,17,4,12,7,10,10,17,12,1,9,8,14,26,5,12,15,6,9,12,35,24,6,6,14,15,10,6,4,2,3,4,4,7,9,8,8,13,9,4,3,4,7,8,4,10,15,10,8,16,12,7,7,10,17,7,9,5,7,6,10,13,7,6,9,7,12,4,7,12,12,
20180815,18,NO2,17,12,8,30,14,7,18,16,15,25,21,8,13,18,10,17,10,19,16,19,25,23,8,26,19,12,17,27,12,9,10,14,20,17,15,25,6,25,16,12,4,13,12,10,17,30,29,17,18,21,17,13,20,35,21,12,33,6,18,29,8,37,20,14,24,15,16,32,8,32,21,22,12,14,22,25,14,10,20,18,9,16,22,16,10,11,8,9,11,9,9,11,7,10,25,6,11,11,13,6,26,8,7,10,22,20,23,20,32,16,14,4,14,13,18,32,10,12,14,15,8,21,11,12,14,8,15,13,8,11,10,24,20,16,11,9,24,15,15,23,7,10,19,30,27,9,6,41,24,15,24,22,17,24,12,5,33,12,9,5,5,19,14,12,10,8,9,11,10,9,16,9,17,22,12,15,8,12,24,26,16,20,23,5,15,16,14,9,12,7,11,26,9,12,12,6,14,9,14,10,9,11,10,6,5,9,10,19,6,9,15,16,11,7,5,5,16,10,8,9,10,6,17,9,9,7,19,15,20,17,10,11,13,11,28,18,11,22,11,20,18,14,24,9,3,10,12,8,15,8,9,5,2,11,10,9,12,8,14,6,10,14,15,15,17,10,1,6,12,8,14,21,11,14,14,14,10,30,8,18,24,16,16,16,20,9,13,11,6,15,19,14,13,16,27,25,14,17,18,5,13,10,13,6,6,5,7,13,5,5,11,12,15,6,12,9,9,7,18,4,11,11,10,6,3,3,4,6,11,15,15,28,7,9,17,3,16,16,15,16,11,6,16,15,4,9,7,11,4,10,9,7,14,16,20,18,4,4,2,12,10,11,2,,8,7,
20180815,18,NO2_24h,25,16,15,34,13,19,17,12,21,27,18,19,16,31,29,24,6,22,19,18,20,23,10,11,25,21,21,29,21,10,9,10,17,14,17,17,10,11,12,9,5,16,17,13,22,16,25,19,15,9,25,24,17,30,19,13,26,16,25,24,13,23,30,13,42,49,17,45,16,51,32,25,30,38,25,20,32,28,26,11,17,16,21,21,8,15,7,12,19,5,11,17,9,12,10,10,17,10,12,9,17,7,13,14,21,10,16,19,26,16,17,16,24,28,17,25,14,16,15,20,9,12,18,12,12,16,21,20,11,22,17,14,25,13,10,10,25,12,14,21,8,29,23,31,30,18,26,33,18,28,31,26,26,29,32,4,24,26,17,13,9,11,11,7,13,7,8,10,10,5,16,5,13,18,18,20,13,21,14,24,10,19,14,6,18,15,15,8,10,11,15,26,18,35,24,10,33,29,22,6,11,23,14,5,9,8,12,18,16,12,15,14,12,12,8,5,14,17,9,11,9,12,26,7,18,7,29,18,21,16,13,10,21,17,32,25,13,17,16,13,14,9,22,11,5,11,16,10,18,9,14,12,8,21,24,11,16,13,14,13,12,26,16,21,15,12,2,11,13,10,14,17,10,16,18,14,14,13,10,19,17,16,14,15,19,11,19,14,9,28,33,22,29,38,33,29,14,22,27,5,16,12,25,10,14,19,22,18,11,10,15,13,18,11,23,19,26,11,25,8,11,15,15,8,3,4,7,6,15,44,13,21,8,18,12,5,30,12,8,27,12,8,14,26,6,6,13,10,12,9,19,9,22,28,27,43,12,21,11,26,13,29,6,21,26,29,
20180815,18,O3,101,84,137,65,53,142,131,125,89,90,72,117,132,130,117,90,28,85,54,54,152,48,49,64,139,71,64,89,90,45,78,55,110,56,53,61,77,91,68,42,39,107,110,86,113,28,71,116,85,60,113,114,56,102,74,81,119,85,90,104,87,114,75,66,168,193,93,103,82,137,99,99,160,135,55,45,130,143,105,16,96,87,37,133,82,117,54,72,132,44,52,123,84,91,32,37,77,81,77,85,69,74,85,67,68,93,87,107,133,118,104,134,271,136,68,89,100,63,84,80,56,69,65,99,129,122,169,142,136,165,112,98,100,129,111,124,90,65,81,52,89,115,119,133,91,182,129,88,74,134,148,129,162,135,170,103,81,157,105,99,53,71,78,85,79,49,35,60,54,33,48,26,57,58,47,55,49,57,117,60,148,127,130,62,84,67,89,70,9,119,107,76,183,146,132,157,139,136,185,80,76,168,111,67,99,166,90,79,87,105,91,94,58,47,68,74,45,24,34,23,31,32,37,39,49,52,93,108,126,94,93,60,115,104,157,126,120,115,98,67,42,28,30,52,54,67,79,94,51,78,87,87,115,134,131,130,109,101,141,122,102,73,157,101,68,104,123,89,114,115,73,57,74,78,61,57,89,54,52,66,76,78,65,83,64,68,86,79,83,87,92,135,117,208,121,134,128,84,210,69,124,98,121,123,79,133,135,88,94,140,138,122,77,127,115,152,122,72,124,72,99,118,88,87,82,47,117,58,130,140,92,90,103,138,92,111,95,99,89,93,118,116,81,111,70,73,,90,87,108,206,132,93,63,85,134,106,117,138,141,101,138,103,86,145,131,
20180815,18,O3_24h,108,92,149,71,81,150,159,159,98,113,107,136,146,148,125,108,53,90,93,67,175,94,60,84,155,127,102,149,153,74,113,63,142,82,72,101,93,123,88,60,45,129,124,90,124,48,95,114,111,117,136,120,133,112,87,105,148,105,112,111,94,116,99,85,184,289,125,147,95,216,104,115,195,137,150,129,138,150,105,22,96,87,90,171,115,135,116,111,142,88,110,130,104,117,38,89,112,105,112,101,101,118,95,86,82,118,104,107,169,124,118,152,280,142,79,101,100,64,92,86,68,80,93,129,130,130,194,142,136,171,126,158,112,142,146,127,118,117,128,91,89,194,140,144,164,203,242,156,122,143,244,161,173,175,176,114,110,174,108,106,88,102,132,140,134,132,110,114,107,86,52,35,71,113,72,57,72,69,127,104,187,188,167,62,99,96,112,113,18,123,119,100,207,144,166,210,147,163,186,90,90,174,121,67,114,186,96,94,105,105,95,103,77,59,110,82,100,79,46,44,49,44,60,43,66,63,128,174,147,119,129,61,170,119,170,135,122,132,107,81,65,72,67,67,66,123,110,115,149,98,122,114,115,143,154,137,130,104,155,128,114,136,172,125,135,109,129,133,130,124,93,113,101,117,91,87,97,119,67,77,125,108,114,102,78,103,97,136,92,128,174,202,154,231,177,167,136,115,225,89,125,144,132,149,111,151,137,99,117,140,144,107,78,129,126,179,124,89,126,80,105,123,88,91,89,59,137,59,142,153,133,134,107,174,121,116,130,117,110,113,128,116,99,121,96,87,110,126,102,126,206,135,117,69,87,134,106,124,142,141,118,140,103,90,145,131,
20180815,18,O3_8h,96,83,136,59,48,128,139,124,92,97,83,120,130,133,117,84,38,76,75,58,125,64,53,60,139,101,81,120,112,60,76,53,102,69,59,73,65,101,73,49,36,106,106,75,105,36,72,82,96,62,114,113,91,92,76,92,109,93,100,92,81,96,88,67,128,211,102,117,75,155,86,100,166,109,92,75,120,134,69,16,71,61,59,147,98,118,69,84,125,61,77,110,90,81,31,60,86,94,81,78,80,90,89,76,74,103,89,85,129,105,107,137,235,129,73,73,80,47,68,74,61,69,73,100,101,115,170,118,107,150,114,129,101,126,122,121,87,92,94,75,73,115,113,121,93,174,131,125,96,124,176,136,139,150,157,102,84,158,91,100,69,80,86,86,102,88,78,94,80,60,44,30,57,80,58,51,60,60,108,73,131,144,116,58,80,82,91,87,9,116,92,73,182,124,145,170,129,146,170,86,78,159,117,65,105,162,90,73,81,87,74,97,58,49,84,76,71,44,38,34,35,36,36,41,49,55,102,133,128,96,106,52,116,103,143,125,111,107,90,58,53,52,43,46,60,82,91,101,101,86,89,98,102,119,127,116,102,95,135,100,102,112,133,114,112,101,120,118,114,116,82,84,81,101,71,65,92,89,58,72,91,90,97,90,71,85,79,102,82,101,125,162,117,189,145,144,104,100,199,64,114,114,120,110,85,141,129,87,91,110,138,85,62,99,112,152,106,72,95,67,68,106,73,79,80,47,105,53,127,141,113,95,100,153,112,110,103,107,99,103,118,85,92,105,65,82,96,90,86,115,170,120,99,61,77,109,86,103,127,118,101,114,85,81,109,108,
20180815,18,O3_8h_24h,97,83,136,59,53,128,139,124,92,97,83,120,130,133,117,84,48,77,78,58,125,64,53,60,139,101,81,120,112,60,76,53,102,69,59,73,65,101,73,49,36,106,106,75,105,37,72,82,97,62,114,113,94,92,78,97,109,93,100,92,82,96,88,72,128,211,102,117,75,155,86,100,166,109,93,77,120,134,69,21,71,61,59,147,98,118,93,88,127,61,90,110,90,81,32,79,86,95,86,78,85,109,89,78,74,103,89,85,129,105,107,137,235,129,73,73,80,47,68,74,61,69,77,100,101,115,170,118,107,150,114,130,101,126,123,121,87,94,96,75,73,115,114,121,104,174,131,125,102,124,176,136,139,150,157,113,108,158,92,100,81,80,86,86,102,89,85,94,84,72,44,31,57,80,58,51,60,60,108,73,131,144,116,58,80,82,96,87,14,116,92,73,182,124,145,170,129,146,170,86,78,159,117,65,105,162,90,73,81,87,78,97,58,49,85,76,86,52,44,35,38,36,38,41,50,55,102,134,128,96,106,52,116,103,143,125,111,107,90,58,53,54,45,46,60,87,91,101,101,86,89,98,102,119,127,116,102,95,135,100,102,114,134,114,116,101,120,119,114,116,82,85,82,101,71,67,92,96,58,72,91,90,98,90,71,85,79,102,82,101,126,162,117,189,146,144,104,100,199,64,114,114,120,125,85,141,129,89,91,110,138,85,62,99,112,152,106,72,95,67,68,106,73,79,87,48,107,53,127,141,113,95,105,153,112,110,103,110,99,103,118,85,92,105,65,83,101,90,86,119,170,120,99,61,77,109,86,103,127,118,105,114,85,81,109,108,
20180815,18,CO,0.47,0.54,0.41,0.70,0.24,0.42,0.45,0.55,0.38,0.73,0.40,0.50,0.52,0.51,0.77,0.68,0.53,0.60,0.54,0.44,0.71,0.20,0.27,0.67,0.86,0.40,0.49,0.48,0.60,0.63,0.36,0.65,0.60,0.67,0.51,0.60,0.37,0.60,0.63,0.40,0.60,0.43,0.43,0.47,0.54,0.62,0.50,0.77,0.49,0.45,0.64,0.70,0.71,0.83,0.54,0.55,0.70,0.80,0.77,0.78,0.60,0.83,0.79,0.55,0.78,0.61,0.54,0.76,0.32,1.20,0.57,0.90,0.72,0.55,0.68,0.50,0.48,1.14,0.55,0.60,0.73,0.73,0.27,0.53,0.60,0.55,0.50,0.70,0.44,0.22,0.17,0.60,0.35,0.30,0.47,0.17,0.66,0.70,0.53,0.57,0.85,0.70,0.70,0.70,0.95,1.25,1.25,0.75,2.43,0.77,0.50,0.68,1.04,0.52,0.42,1.32,0.57,0.68,0.70,0.60,0.35,0.36,0.40,0.80,0.57,0.42,1.18,0.97,0.80,0.83,0.70,0.90,0.92,0.90,0.93,0.67,1.17,0.67,0.80,1.02,0.55,0.43,0.70,1.04,0.50,0.53,0.57,0.72,0.47,0.80,1.10,1.63,1.20,0.94,0.83,0.15,0.90,0.50,0.60,0.30,0.30,0.40,0.45,0.40,0.30,0.35,0.35,0.55,0.30,0.80,0.35,0.45,0.50,0.73,0.35,0.45,0.20,0.45,1.80,0.83,0.80,1.10,1.15,0.40,0.45,0.60,0.50,0.70,0.25,0.45,0.67,0.60,1.08,0.88,0.47,0.82,0.40,0.57,0.80,0.35,0.30,0.50,0.20,0.30,0.25,0.60,0.40,0.70,0.48,0.47,0.60,0.90,0.80,0.60,0.40,0.25,0.60,0.37,0.43,0.27,0.35,0.42,0.30,0.50,0.50,0.20,0.52,0.58,0.57,0.45,0.43,0.53,0.40,0.47,0.50,0.50,0.85,0.60,0.40,0.68,0.87,0.80,0.67,0.60,0.90,0.70,0.50,0.40,1.45,0.35,0.47,0.93,0.50,0.70,0.53,0.78,0.90,0.45,0.68,0.70,0.40,0.72,0.67,0.72,0.77,0.63,0.55,0.75,0.70,0.67,0.95,0.60,0.63,1.17,1.60,0.60,1.37,1.73,0.90,0.80,0.85,0.80,0.70,0.70,1.10,0.90,0.65,0.80,0.70,0.63,0.50,0.63,0.73,0.55,0.78,0.58,0.50,0.70,0.63,0.40,0.30,0.80,0.43,0.53,0.45,0.70,0.60,0.85,0.60,0.35,0.40,0.80,0.85,0.70,0.75,0.63,0.40,0.50,0.70,0.70,0.85,0.75,0.50,0.40,0.40,0.25,0.20,0.25,0.57,0.77,1.25,0.75,0.75,0.40,0.40,0.40,0.35,0.40,0.70,0.40,0.80,0.65,0.70,1.10,0.70,1.30,,0.30,0.40,0.60,0.50,0.75,0.85,0.60,0.90,0.25,0.30,0.55,1.00,0.40,0.20,0.45,0.60,0.80,0.45,0.30,
20180815,18,CO_24h,0.58,0.88,0.56,1.32,0.28,0.50,0.58,0.35,0.50,0.97,0.50,0.75,0.70,0.73,0.85,0.81,0.54,0.66,0.49,0.42,0.41,0.26,0.27,0.45,0.94,0.67,0.53,0.50,0.80,0.65,0.32,0.57,0.55,0.64,0.57,0.55,0.43,0.53,0.70,0.37,0.57,0.43,0.43,0.43,0.63,0.60,0.47,0.76,0.52,0.39,0.74,0.87,0.71,0.73,0.55,0.60,0.65,0.70,0.80,0.70,0.66,0.70,0.89,0.58,0.88,0.97,0.57,0.74,0.33,1.20,0.70,0.83,0.98,0.65,0.73,0.53,0.66,0.78,1.60,0.52,0.77,0.83,0.27,0.50,0.83,0.75,0.70,0.98,0.52,0.20,0.26,0.65,0.27,0.27,0.33,0.35,0.74,0.67,0.62,0.70,0.75,0.73,0.80,0.60,0.80,0.85,1.00,0.70,1.63,0.83,1.15,1.34,1.22,0.87,0.43,1.43,0.55,0.84,0.78,0.70,0.35,0.30,0.54,0.80,0.55,0.63,1.13,1.00,0.87,1.20,0.83,0.83,0.96,0.95,1.13,0.75,1.13,0.60,0.97,1.02,0.50,0.65,0.86,1.14,0.57,0.63,0.80,0.72,0.45,1.10,1.13,1.47,1.15,0.80,0.87,0.10,0.65,0.70,0.72,0.37,0.50,0.50,0.40,0.45,0.30,0.40,0.35,0.50,0.30,0.85,0.30,0.40,0.40,0.60,0.50,0.50,0.40,0.50,1.00,0.80,0.65,0.90,0.80,0.40,0.40,0.60,0.50,0.70,0.30,0.47,0.75,0.70,1.18,1.08,0.70,1.06,0.65,0.97,0.90,0.37,0.30,0.50,0.30,0.30,0.25,0.65,0.52,0.78,0.53,0.60,0.70,0.90,0.90,0.60,0.40,0.25,0.50,0.47,0.53,0.30,0.40,0.47,0.40,0.45,0.50,0.30,0.58,0.60,0.70,0.63,0.50,0.57,0.50,0.63,0.40,0.60,0.80,0.50,0.33,0.58,0.73,0.63,0.67,0.60,0.68,0.63,0.50,0.42,1.60,0.43,0.55,1.02,0.65,1.00,0.90,0.85,1.03,0.53,0.80,0.77,0.50,0.82,0.67,0.92,0.90,0.80,0.60,0.85,0.80,0.83,1.05,0.70,0.60,1.13,1.73,0.63,1.33,1.78,0.60,0.83,1.00,0.80,0.60,1.00,1.10,0.95,0.70,0.85,0.70,0.57,0.63,0.80,0.90,0.65,0.90,0.60,0.43,0.73,0.75,0.40,0.40,0.98,0.55,0.60,0.45,0.90,0.85,0.85,0.60,0.45,0.50,1.15,0.85,0.90,0.85,0.77,0.90,0.60,0.70,0.70,0.95,0.55,0.55,0.40,0.45,0.35,0.35,0.25,0.67,1.20,0.70,0.70,0.75,0.50,0.40,0.25,0.40,0.40,0.70,0.40,0.60,0.70,0.70,1.40,0.80,1.00,0.30,0.30,0.40,0.60,0.50,0.75,0.95,0.70,0.85,0.70,0.40,0.70,1.10,0.45,0.30,0.77,0.70,0.90,0.50,0.50,
20180815,19,AQI,34,26,39,33,23,42,36,52,25,33,29,33,40,52,35,26,32,36,50,32,51,37,38,26,41,37,39,34,39,40,44,39,32,41,39,48,34,30,31,25,24,37,38,43,44,24,20,35,27,38,47,48,31,39,30,22,37,28,37,42,40,50,50,22,47,59,53,49,37,58,67,41,53,56,24,20,37,41,34,19,28,30,18,47,26,35,20,22,39,11,28,34,28,21,25,23,29,28,26,25,30,29,31,22,18,23,51,38,56,36,29,43,132,45,27,39,29,20,30,26,30,37,27,27,49,62,56,62,43,46,40,60,50,56,40,44,52,25,21,41,29,37,36,55,27,64,41,49,34,38,57,74,59,67,60,50,28,52,37,74,29,34,31,25,28,27,11,30,21,24,35,22,17,40,30,28,32,25,56,43,30,50,37,27,36,29,36,46,19,39,54,34,61,59,38,51,40,43,60,45,27,56,34,35,25,88,28,36,34,34,31,26,20,22,49,31,22,23,23,17,26,12,30,33,39,16,33,35,36,32,47,18,43,46,47,47,42,36,39,18,21,23,21,46,20,42,35,34,48,39,33,30,34,41,44,40,52,36,50,42,32,44,49,46,49,51,44,52,56,35,43,27,33,43,29,44,39,27,21,35,27,25,21,33,47,24,51,28,42,25,37,38,59,49,57,54,53,43,65,23,43,32,38,44,28,45,39,27,28,52,39,47,30,59,55,49,40,25,55,20,63,34,46,48,36,24,39,15,62,39,38,59,69,58,54,35,36,27,32,54,41,64,33,63,34,34,18,27,36,41,91,86,46,60,26,42,36,132,122,139,125,45,34,27,49,47,
20180815,19,PM2.5,13,9,22,17,9,11,21,21,11,15,16,17,19,17,9,14,10,11,13,19,30,12,19,10,20,13,15,19,15,20,20,15,17,20,18,22,21,17,16,14,12,23,17,14,17,7,13,10,12,8,17,26,15,24,20,11,26,17,22,23,19,25,24,11,28,41,22,34,10,38,35,28,32,18,17,13,12,9,19,8,7,12,9,33,5,10,11,9,19,5,5,14,10,12,15,6,20,11,13,8,14,8,14,10,12,10,21,20,27,12,18,18,64,19,9,19,11,7,11,15,15,20,10,11,20,30,33,17,16,30,16,31,25,28,24,25,25,17,7,24,17,15,23,31,10,20,13,29,17,12,39,31,32,42,42,6,7,30,13,23,5,5,12,10,11,8,3,9,7,6,19,10,,16,12,14,17,14,40,24,17,23,26,19,18,12,18,16,9,24,15,24,28,13,26,29,6,30,40,19,15,32,16,23,11,46,8,15,12,11,13,14,3,7,11,14,5,15,12,11,17,7,18,9,20,5,20,22,24,16,13,9,22,20,33,17,23,22,16,10,8,11,9,7,11,15,10,14,22,17,12,11,10,22,17,16,14,20,19,10,16,22,34,16,22,19,25,16,23,21,26,15,22,17,16,24,15,15,12,14,17,16,15,23,25,12,24,14,19,8,17,16,42,23,28,30,33,26,30,8,19,22,16,31,13,28,14,17,13,24,21,16,8,29,39,26,28,10,13,9,18,16,23,15,9,13,6,8,27,18,22,35,30,41,15,15,25,10,15,20,24,46,23,45,20,19,12,18,7,16,27,39,12,18,10,16,13,79,33,58,40,21,7,6,19,12,
20180815,19,PM2.5_24h,13,10,19,17,8,18,16,13,12,16,14,22,14,23,10,13,13,11,11,12,14,11,14,19,22,21,14,20,21,17,18,14,20,14,11,11,11,14,11,9,8,14,13,7,18,5,14,11,12,12,24,24,19,16,14,11,17,16,21,18,16,21,25,7,37,56,34,47,11,47,23,30,36,22,20,19,18,21,24,7,10,11,13,36,10,14,8,14,20,7,9,15,12,13,13,9,21,13,16,13,16,11,14,15,18,14,15,28,34,14,18,32,60,30,14,14,8,6,9,13,12,14,14,15,13,22,34,19,20,41,32,34,26,27,26,26,23,22,18,29,10,38,39,38,33,42,41,45,18,41,43,36,25,47,46,22,10,35,12,29,12,9,14,13,14,12,12,14,9,8,17,10,7,12,11,12,12,11,38,19,10,17,12,14,17,14,16,10,8,24,21,25,48,22,33,40,19,42,38,21,16,36,14,16,10,42,11,17,11,15,13,10,7,9,12,14,5,17,14,14,17,12,14,13,23,10,23,28,28,22,15,8,20,24,30,26,20,17,17,7,12,10,15,6,13,21,28,16,27,22,28,22,14,21,28,16,25,31,30,22,23,29,31,31,22,31,24,22,20,21,24,20,22,17,22,27,19,18,19,30,22,20,26,27,31,19,25,23,17,19,42,25,38,25,47,26,22,25,28,10,24,31,28,28,15,26,15,23,28,13,23,16,8,21,42,34,38,9,18,10,10,22,16,11,9,18,10,7,29,33,26,33,23,39,47,17,32,10,19,28,29,33,18,48,30,18,22,14,8,31,24,31,24,20,10,22,14,76,62,65,33,26,6,6,23,16,
20180815,19,PM10,34,26,39,33,23,39,36,54,23,33,29,31,40,54,19,26,32,36,50,32,51,37,38,26,41,37,39,34,39,40,44,39,25,41,39,48,34,30,31,25,24,37,38,43,44,24,20,31,27,38,47,48,31,39,30,19,36,28,37,42,40,50,50,13,45,66,55,44,37,66,84,41,56,61,17,20,27,30,31,19,25,25,18,33,26,32,20,22,34,11,28,33,25,21,25,23,25,28,18,16,30,29,31,16,,21,52,38,61,34,29,29,91,38,27,39,22,20,30,26,30,37,27,25,49,73,61,74,43,46,40,70,50,61,40,44,53,25,15,41,29,37,36,59,16,42,34,49,34,31,64,97,67,83,70,50,16,54,35,98,29,34,31,23,28,27,8,30,21,24,35,22,6,40,30,28,32,25,,43,22,50,35,24,36,29,36,46,19,39,58,33,71,68,36,52,20,36,69,45,27,61,23,35,10,125,28,36,34,34,31,17,15,22,49,31,22,23,23,17,26,12,30,33,39,16,33,35,36,32,47,17,43,46,41,47,42,36,39,18,21,23,21,46,20,42,35,34,48,39,33,30,30,41,44,39,53,36,50,42,32,44,42,46,49,51,44,53,62,29,43,27,33,43,29,44,39,27,21,35,,25,20,,47,24,51,28,42,17,37,38,60,42,63,57,55,43,80,16,36,31,28,39,28,45,18,27,28,54,32,47,30,68,46,41,33,25,60,18,75,33,46,48,36,24,11,15,74,34,38,67,87,48,58,21,34,12,32,58,41,68,,47,34,34,18,23,36,41,66,121,46,70,11,34,21,214,194,227,199,27,15,,38,47,
20180815,19,PM10_24h,26,23,35,27,18,37,28,33,41,32,26,27,32,73,32,22,31,25,34,30,34,33,34,31,41,46,36,39,41,36,38,35,42,32,24,26,26,29,26,22,21,25,26,22,41,15,23,28,25,39,49,39,38,26,23,17,26,22,34,28,26,37,45,15,62,91,62,80,38,92,52,76,73,75,39,34,47,55,32,16,25,21,27,42,23,26,17,25,46,21,23,29,22,33,25,148,35,24,25,21,30,26,27,20,26,27,32,33,67,31,50,61,90,62,26,30,17,18,20,24,31,25,26,35,31,55,54,38,43,62,54,55,51,49,42,39,42,34,30,47,24,67,59,65,55,62,73,70,32,66,94,61,56,85,92,144,21,67,40,124,23,19,29,28,28,29,23,34,21,33,32,25,21,33,30,28,33,21,45,37,29,32,23,23,35,34,36,23,17,41,46,40,90,80,47,61,43,56,73,49,21,75,23,25,21,94,20,38,25,25,22,14,15,20,30,28,17,37,26,25,25,29,52,33,42,17,43,48,45,40,35,19,43,54,33,60,41,34,35,14,27,22,31,20,31,48,54,33,51,43,53,48,33,40,45,30,52,51,54,39,39,54,45,58,39,62,34,46,40,35,47,40,37,43,46,51,55,33,31,47,40,34,41,42,57,36,48,42,31,43,73,44,64,54,85,48,32,42,74,17,32,44,52,37,54,43,36,35,45,33,50,40,21,30,53,64,65,26,40,26,46,38,47,27,31,40,19,11,53,91,46,66,67,59,176,37,47,19,38,58,42,47,24,90,74,35,30,24,33,118,75,80,60,60,19,74,37,229,375,260,164,48,24,7,51,55,
20180815,19,SO2,2,4,6,18,11,5,6,12,3,4,9,7,8,5,8,7,5,4,6,7,7,5,15,5,19,6,11,13,5,5,5,6,4,6,5,6,6,7,3,3,5,7,3,4,3,5,8,4,6,27,5,4,5,8,6,4,7,6,4,5,5,9,7,4,6,8,4,22,7,8,7,7,7,53,7,9,7,7,4,7,9,90,6,7,5,5,4,9,15,5,9,6,6,4,8,3,7,7,6,6,6,8,5,6,6,12,8,11,10,6,10,7,21,7,5,8,9,18,6,20,5,3,6,5,7,8,14,9,5,6,9,3,7,7,6,7,5,7,7,24,4,6,7,34,4,11,8,7,6,14,8,11,10,3,4,2,5,12,7,5,14,9,6,4,9,3,6,5,6,8,14,5,6,12,12,14,6,12,2,13,7,8,11,14,6,7,6,4,3,6,7,4,11,9,4,7,11,11,22,6,3,10,14,3,11,10,8,14,4,9,3,5,3,6,2,4,4,2,6,2,4,3,5,6,10,4,8,14,11,15,8,7,11,9,10,4,15,9,7,7,7,7,5,3,6,10,7,8,9,12,10,7,3,14,7,7,4,8,4,3,10,15,7,7,5,9,6,4,3,6,4,8,7,3,6,3,7,9,2,8,9,9,9,9,35,7,8,5,4,28,7,10,4,8,3,7,22,4,11,7,9,6,17,8,1,8,4,8,16,5,5,11,6,11,13,25,3,9,6,19,17,11,7,3,2,3,4,4,5,7,16,4,9,8,4,3,3,7,8,3,3,16,10,5,17,13,7,7,10,15,6,10,5,5,6,8,14,7,5,11,7,10,5,8,12,9,
20180815,19,SO2_24h,2,4,7,22,9,7,5,10,3,5,10,7,13,7,9,9,6,3,6,7,7,4,12,5,16,10,10,13,8,5,6,5,6,6,6,6,7,8,3,3,5,8,4,4,5,5,7,4,10,6,5,5,8,6,6,3,6,6,5,5,6,9,10,4,8,9,5,30,7,9,5,10,9,12,10,12,15,9,7,6,13,51,7,8,5,7,5,10,20,5,9,6,5,5,6,5,9,7,7,11,8,8,7,7,7,11,7,10,11,6,14,9,22,14,6,10,10,9,7,9,5,3,6,6,8,10,12,9,7,10,14,6,7,8,10,9,5,7,7,19,4,7,9,32,16,10,21,10,6,21,12,11,13,4,5,5,15,18,6,6,13,9,8,3,8,3,5,5,7,8,12,5,5,8,11,13,6,12,2,15,7,7,12,13,5,7,6,5,3,7,7,7,12,17,6,10,26,13,26,6,2,13,16,3,11,10,6,16,6,9,3,6,5,7,3,4,4,2,6,2,4,5,8,7,9,4,16,13,12,14,7,9,11,11,17,6,14,8,8,7,9,8,6,3,6,16,14,17,16,27,13,21,16,16,13,8,9,9,5,4,12,10,11,9,5,10,8,4,4,5,7,16,9,3,8,5,15,8,3,10,11,12,10,13,9,7,8,11,5,28,11,12,6,11,10,7,18,4,12,7,10,10,17,12,1,9,8,14,26,5,12,15,6,9,12,36,24,7,6,15,16,11,6,4,2,3,4,4,7,9,9,8,12,9,4,3,4,7,8,4,9,15,10,8,17,12,7,7,10,17,8,9,5,7,6,10,13,7,6,9,7,12,4,7,12,9,
20180815,19,NO2,23,18,11,30,19,8,22,18,19,30,26,11,15,23,15,19,9,28,23,21,27,28,13,37,24,16,21,31,17,10,21,16,22,15,19,28,10,28,18,14,4,18,21,13,22,32,29,18,14,19,22,15,37,49,19,16,37,12,22,34,9,44,37,12,28,21,19,46,11,44,23,27,15,18,27,32,17,12,18,16,10,18,24,18,16,14,7,13,16,9,10,16,5,13,22,8,14,12,11,6,16,9,13,10,27,30,26,23,28,17,22,5,18,16,23,28,13,14,17,23,12,21,12,18,25,17,23,16,10,12,14,27,21,17,7,10,32,21,24,29,7,12,24,23,31,10,8,53,23,22,25,36,31,20,12,4,26,20,9,6,5,16,16,16,14,9,11,10,11,8,23,11,13,30,15,18,13,18,22,20,17,32,36,7,20,17,24,10,11,8,14,21,10,13,15,7,19,13,21,15,17,14,11,8,3,9,11,21,7,15,12,16,10,8,9,6,13,6,13,10,16,9,19,14,14,7,15,19,25,22,10,11,17,11,36,20,11,21,16,21,19,18,21,13,4,20,14,9,19,13,12,6,3,17,16,10,14,11,16,7,11,18,21,17,24,13,1,12,11,10,16,24,13,20,16,18,13,27,14,21,17,11,18,12,21,10,13,8,8,21,34,22,13,22,34,41,14,24,17,4,11,14,14,8,6,9,10,21,8,9,14,12,18,10,22,11,10,15,30,9,16,16,12,5,2,3,4,7,10,21,20,11,7,12,17,4,22,25,22,16,14,6,16,15,4,12,8,12,5,12,10,8,34,17,20,18,5,5,2,12,10,10,2,,10,8,
20180815,19,NO2_24h,25,16,15,33,13,19,17,12,21,27,18,17,16,31,29,23,6,22,19,18,20,23,10,12,25,20,21,29,21,10,10,10,17,14,17,17,10,12,12,9,4,16,17,12,22,17,26,18,14,10,25,23,18,32,19,12,26,15,25,24,12,25,30,12,42,49,17,46,16,51,31,25,30,39,25,21,32,28,26,10,17,16,21,21,8,15,7,12,20,6,11,17,9,12,10,10,16,10,12,9,17,7,13,14,22,11,16,20,27,16,18,16,24,28,17,25,13,15,15,19,9,12,17,12,12,16,21,20,11,22,16,14,25,14,10,10,25,12,15,21,8,29,23,31,30,18,26,34,19,28,31,26,27,29,32,4,24,26,16,13,9,11,11,7,13,7,9,10,10,5,16,6,13,19,17,19,13,21,15,24,11,20,15,6,18,15,16,8,10,11,15,26,18,35,24,10,33,28,23,6,11,23,14,5,9,8,12,19,15,12,14,14,12,12,8,5,14,16,9,11,9,11,26,6,19,7,29,19,22,16,13,10,21,16,32,25,13,17,16,13,14,9,22,11,5,12,16,10,18,9,13,12,8,20,24,11,16,13,15,13,12,26,17,20,16,12,2,11,13,9,15,18,10,16,18,14,14,14,11,19,17,16,14,15,19,11,19,14,9,28,34,22,29,38,34,30,14,22,27,5,16,12,25,10,14,17,22,18,11,10,15,12,18,11,24,19,26,11,24,8,12,15,15,8,3,4,7,6,15,45,14,21,8,18,12,5,31,13,9,27,12,8,14,26,6,7,13,10,12,10,19,8,23,28,28,43,12,21,11,26,13,29,6,,26,28,
20180815,19,O3,96,76,117,56,49,134,114,119,81,77,47,107,124,112,112,80,32,58,48,47,113,36,42,66,115,47,45,64,58,43,54,45,102,49,45,46,60,76,50,37,41,118,82,69,114,20,64,112,86,59,114,108,44,84,68,70,102,80,77,79,84,104,48,70,149,167,78,85,73,122,96,84,152,131,47,38,118,130,108,16,90,80,36,107,83,113,51,53,124,29,40,110,89,67,27,35,74,78,83,79,83,76,69,71,59,74,75,109,142,114,91,136,264,143,60,90,92,58,74,73,48,48,56,85,142,101,160,136,134,142,108,93,98,118,101,120,67,49,68,41,90,111,116,136,87,171,131,72,81,123,146,87,126,120,164,105,88,153,118,97,36,55,61,79,58,39,34,40,49,34,44,24,55,44,43,48,45,53,98,53,97,91,96,57,70,50,45,60,11,111,108,65,161,125,123,150,128,122,162,70,56,155,110,64,81,157,86,78,78,95,82,82,63,36,61,71,42,27,23,18,18,26,38,29,28,46,93,106,113,91,92,59,104,106,142,126,114,111,80,50,30,21,27,47,49,54,70,84,41,65,71,86,109,132,121,127,111,99,133,112,100,66,133,97,71,98,112,93,105,113,69,54,66,66,46,53,82,44,39,60,86,76,57,93,52,61,73,67,72,80,66,116,107,157,108,110,131,73,167,73,136,102,120,111,73,124,126,75,88,108,126,96,68,99,107,156,124,49,89,64,81,110,78,81,81,46,125,48,122,125,76,99,105,128,93,111,87,86,84,95,108,116,76,110,65,70,,86,84,109,193,117,62,61,84,133,115,116,141,140,102,145,109,86,156,127,
20180815,19,O3_24h,109,92,149,71,81,150,159,159,98,113,107,136,146,148,125,108,53,90,93,67,175,94,60,88,155,127,102,149,153,74,93,63,130,82,72,101,93,123,88,60,45,129,124,90,127,48,95,116,113,117,136,120,133,113,87,105,148,105,112,111,94,119,99,85,177,289,121,137,90,202,106,115,195,137,150,129,133,145,108,23,96,87,90,171,115,135,116,111,142,88,110,130,104,117,38,89,111,105,100,100,101,117,95,82,82,118,103,111,169,124,116,152,280,145,79,101,100,62,92,86,68,80,93,116,143,130,192,142,136,171,123,158,112,142,146,127,108,117,128,91,90,163,127,147,137,203,226,156,115,143,216,161,173,175,174,114,110,174,119,106,88,102,132,140,134,132,110,114,107,86,52,35,71,113,72,57,72,69,127,104,187,188,167,62,99,96,112,71,18,123,106,100,207,144,166,198,144,163,186,90,90,174,121,67,114,186,96,94,105,105,95,103,77,59,110,82,100,79,46,41,49,44,60,43,63,58,127,174,147,119,122,63,170,119,170,138,122,132,107,81,64,72,65,67,66,111,105,115,149,97,110,114,115,143,154,137,115,103,144,128,111,132,172,125,135,109,129,133,130,124,85,113,101,117,91,87,97,119,64,77,125,108,114,101,78,103,97,136,92,125,162,202,154,231,177,167,135,115,225,89,136,144,128,136,100,151,135,97,109,140,144,107,78,129,126,179,124,89,126,80,105,123,88,91,89,59,137,59,142,151,133,134,107,174,121,115,130,117,110,113,128,117,99,121,75,87,110,96,98,123,206,134,116,69,87,135,115,117,142,143,115,143,109,90,156,131,
20180815,19,O3_8h,97,83,137,61,49,134,139,127,91,96,83,121,132,134,118,88,36,77,71,58,130,65,52,62,140,100,79,118,113,60,77,53,107,68,60,72,65,103,75,49,38,112,109,77,111,35,75,88,98,66,117,115,85,94,76,90,114,93,98,93,83,102,86,67,137,223,101,117,77,159,88,103,172,118,89,70,123,136,79,16,75,66,60,144,96,121,67,80,126,59,70,112,91,88,30,53,85,92,82,79,80,87,87,75,72,101,89,91,141,110,106,139,251,133,72,83,86,51,73,77,60,69,71,102,111,114,173,126,115,158,116,125,102,128,124,123,85,86,92,71,75,117,115,131,92,177,135,121,96,128,176,132,148,154,163,102,84,161,96,100,63,78,86,92,99,85,71,86,75,54,45,29,59,79,58,53,60,61,107,74,134,147,119,59,83,79,81,87,9,116,95,78,187,127,146,171,134,147,173,83,77,162,116,66,106,164,90,81,86,90,78,97,62,50,84,76,66,40,37,32,33,35,35,40,44,54,106,136,129,99,105,53,122,108,148,125,114,114,91,59,50,48,40,48,59,78,89,101,99,85,87,97,106,127,132,123,106,97,138,105,103,105,140,113,106,103,121,115,113,117,81,80,78,98,69,65,91,79,56,71,96,92,92,91,71,81,80,101,83,100,120,162,125,193,143,145,115,100,201,70,122,116,121,112,85,140,130,87,92,117,137,91,65,106,115,159,115,74,100,71,75,112,77,82,82,48,109,54,131,141,110,104,103,151,109,111,106,106,99,104,121,91,89,111,66,81,95,90,88,114,179,122,97,63,80,122,93,110,134,129,104,124,91,83,127,118,
20180815,19,O3_8h_24h,97,84,138,61,53,134,139,127,92,97,83,121,132,134,119,88,48,78,78,58,132,65,53,63,140,101,81,120,113,60,77,54,107,69,60,73,66,103,75,49,38,112,109,77,111,37,75,88,99,66,117,115,94,94,78,97,114,93,100,93,83,102,88,72,137,223,102,117,77,159,88,103,172,118,93,77,123,136,79,21,75,66,60,147,98,121,93,88,128,61,90,112,91,88,32,79,87,95,86,79,86,109,89,78,74,103,89,91,141,110,108,139,251,133,73,83,86,51,73,77,61,70,77,102,111,116,173,126,115,158,116,130,102,128,125,123,88,94,96,75,75,117,115,131,104,178,135,125,105,128,177,136,148,154,163,113,108,161,96,100,81,80,86,92,102,89,85,94,84,72,45,31,59,80,58,53,60,61,108,74,134,147,119,59,83,82,96,51,14,116,95,78,187,127,146,171,134,147,173,86,79,162,117,66,106,164,90,81,86,90,80,97,62,50,85,76,86,52,44,35,38,36,38,41,50,55,106,136,129,99,106,54,122,108,148,126,114,114,91,60,53,54,45,48,60,87,91,101,101,86,89,98,106,127,132,123,106,97,138,105,103,114,140,114,116,103,121,119,114,117,82,85,82,101,71,68,92,96,58,72,96,92,98,91,72,85,80,102,83,101,126,162,125,195,146,145,115,101,202,70,122,116,122,125,85,141,130,89,92,117,138,91,65,106,115,159,115,74,100,71,75,112,77,82,87,48,109,54,131,141,113,104,105,154,112,111,106,110,99,104,121,91,92,111,66,83,101,90,88,119,179,122,99,63,80,122,93,110,134,129,105,124,91,83,127,118,
20180815,19,CO,0.50,0.58,0.43,0.68,0.26,0.40,0.55,0.58,0.43,0.83,0.57,0.50,0.60,0.51,0.80,0.66,0.49,0.60,0.53,0.49,0.69,0.28,0.27,0.85,0.84,0.43,0.50,0.48,0.60,0.53,0.44,0.63,0.65,0.65,0.53,0.70,0.37,0.57,0.63,0.40,0.57,0.47,0.50,0.47,0.60,0.62,0.50,0.74,0.43,0.49,0.66,0.73,0.86,0.98,0.54,0.53,0.71,0.83,0.93,0.78,0.60,0.93,0.89,0.55,0.81,0.69,0.51,0.86,0.32,1.23,0.63,0.80,0.74,0.60,0.67,0.53,0.48,0.62,0.53,0.60,0.63,0.93,0.33,0.53,0.67,0.60,0.50,0.80,0.52,0.20,0.17,0.65,0.33,0.20,0.40,0.20,0.72,0.75,0.53,0.60,0.90,0.77,0.75,0.70,0.95,1.30,1.50,0.80,1.83,0.80,0.60,0.74,1.07,0.75,0.53,1.18,0.65,0.63,0.66,0.67,0.43,0.38,0.44,0.80,0.68,0.50,1.23,1.03,0.87,0.80,0.73,0.87,0.96,1.00,0.82,0.75,1.27,0.70,0.90,1.62,0.55,0.48,0.76,0.80,0.50,0.57,0.57,0.82,0.40,0.85,1.13,1.60,1.30,0.86,0.87,0.15,0.50,0.80,0.54,0.30,0.35,0.35,0.45,0.40,0.25,0.35,0.35,0.45,0.30,0.80,0.40,0.50,0.50,0.87,0.35,0.40,0.30,0.50,1.30,0.67,0.75,1.20,1.25,0.50,0.45,0.50,0.55,0.70,0.30,0.43,0.73,0.60,0.90,0.84,0.47,0.80,0.40,0.67,0.83,0.37,0.40,0.50,0.20,0.30,0.40,0.60,0.40,0.67,0.45,0.47,0.57,0.90,0.90,0.55,0.40,0.30,0.50,0.40,0.53,0.27,0.25,0.47,0.30,0.55,0.55,0.20,0.45,0.58,0.63,0.78,0.40,0.57,0.40,0.47,0.50,0.60,0.80,0.70,0.40,0.68,0.80,0.87,0.77,0.60,1.10,0.90,0.53,0.47,1.55,0.30,0.48,0.93,0.60,0.80,0.60,0.82,0.90,0.47,0.74,0.77,0.50,0.78,0.70,0.75,0.90,0.68,0.55,0.95,0.70,0.75,1.20,0.68,0.60,1.23,1.60,0.65,1.43,1.82,0.95,0.85,0.85,0.70,0.73,0.75,1.10,0.80,0.65,0.70,0.70,0.70,0.53,0.60,0.80,0.70,0.82,0.88,0.47,0.80,0.57,0.40,0.30,0.83,0.45,0.57,0.55,0.80,0.70,0.85,0.60,0.45,0.45,0.90,0.85,0.85,0.80,0.63,0.40,0.65,0.65,0.70,1.00,0.70,0.55,0.40,0.45,0.25,0.25,0.30,0.67,0.77,0.95,0.70,0.75,0.45,0.40,0.40,0.30,0.50,0.80,0.35,0.90,0.65,0.80,1.10,0.80,1.40,,0.30,0.40,0.60,0.50,0.70,1.05,0.60,0.85,0.25,0.30,0.55,1.00,0.35,0.20,0.63,0.60,0.90,0.45,0.30,
20180815,19,CO_24h,0.57,0.87,0.54,1.25,0.24,0.53,0.57,0.40,0.50,0.93,0.53,0.75,0.70,0.73,0.87,0.78,0.54,0.66,0.50,0.42,0.43,0.26,0.27,0.50,0.94,0.63,0.53,0.50,0.78,0.65,0.32,0.57,0.60,0.64,0.57,0.60,0.43,0.53,0.70,0.37,0.57,0.43,0.43,0.47,0.62,0.60,0.47,0.76,0.52,0.38,0.74,0.87,0.72,0.77,0.55,0.60,0.65,0.70,0.80,0.72,0.66,0.73,0.89,0.60,0.87,0.96,0.57,0.76,0.33,1.22,0.70,0.83,0.98,0.65,0.72,0.55,0.66,0.78,1.60,0.52,0.73,0.83,0.30,0.55,0.83,0.75,0.70,0.93,0.52,0.20,0.26,0.65,0.27,0.27,0.33,0.35,0.72,0.67,0.62,0.70,0.75,0.73,0.75,0.55,0.80,0.85,1.00,0.70,1.70,0.83,1.15,1.34,1.22,0.87,0.43,1.43,0.55,0.78,0.78,0.70,0.35,0.30,0.54,0.80,0.55,0.61,1.14,1.00,0.87,1.20,0.83,0.83,0.96,0.95,1.04,0.75,1.17,0.60,0.97,1.00,0.50,0.65,0.84,1.14,0.57,0.63,0.80,0.74,0.43,1.10,1.13,1.47,1.15,0.80,0.87,0.10,0.65,0.75,0.72,0.33,0.50,0.50,0.40,0.45,0.30,0.40,0.35,0.50,0.30,0.85,0.30,0.40,0.40,0.60,0.50,0.50,0.40,0.50,1.00,0.80,0.65,0.90,0.85,0.40,0.40,0.60,0.50,0.85,0.30,0.47,0.75,0.70,1.18,1.08,0.68,1.04,0.65,0.93,0.90,0.37,0.30,0.50,0.30,0.27,0.25,0.60,0.50,0.80,0.53,0.60,0.70,0.90,0.90,0.60,0.40,0.25,0.50,0.47,0.53,0.30,0.40,0.47,0.40,0.45,0.50,0.30,0.58,0.60,0.70,0.67,0.47,0.57,0.50,0.63,0.40,0.60,0.80,0.60,0.33,0.58,0.73,0.63,0.63,0.60,0.70,0.68,0.50,0.42,1.60,0.43,0.55,1.00,0.65,0.97,0.90,0.85,1.03,0.53,0.80,0.77,0.50,0.84,0.67,0.90,0.90,0.78,0.55,0.85,0.80,0.83,1.05,0.72,0.60,1.15,1.73,0.63,1.33,1.78,0.60,0.80,1.00,0.80,0.60,0.95,1.10,0.90,0.70,0.85,0.70,0.57,0.63,0.80,0.93,0.65,0.90,0.63,0.43,0.73,0.75,0.40,0.35,0.98,0.55,0.60,0.45,0.90,0.85,0.85,0.70,0.45,0.50,1.15,0.85,0.90,0.85,0.80,0.90,0.60,0.70,0.70,0.95,0.55,0.55,0.40,0.45,0.35,0.30,0.25,0.67,1.13,0.70,0.70,0.75,0.50,0.40,0.25,0.40,0.40,0.70,0.40,0.60,0.70,0.70,1.40,0.80,1.10,0.30,0.30,0.40,0.60,0.50,0.75,0.95,0.70,0.85,0.70,0.40,0.70,1.10,0.45,0.30,0.80,0.70,0.90,0.55,0.50,
20180815,20,AQI,42,30,39,31,26,42,39,51,26,35,30,29,34,51,31,27,25,43,40,32,50,35,46,27,35,34,38,35,41,36,30,39,30,43,35,44,35,31,34,25,24,43,39,31,54,25,21,37,24,36,46,46,45,42,26,21,39,27,40,40,31,51,44,23,51,58,31,57,30,63,69,43,51,54,19,26,31,33,32,17,29,27,18,40,29,34,22,17,49,13,15,36,30,26,27,19,37,27,26,23,24,26,32,25,19,32,47,44,64,33,49,44,104,42,29,45,27,20,34,28,32,32,26,28,57,69,58,45,51,48,40,66,49,46,68,46,52,24,26,34,32,38,43,34,23,48,47,61,35,43,66,43,77,58,85,54,26,59,38,64,18,25,25,22,23,24,12,14,17,14,30,22,23,46,33,29,35,21,55,43,25,53,40,37,37,32,41,33,22,44,54,34,60,53,38,56,32,67,69,45,31,58,35,37,27,81,29,41,29,38,31,21,20,26,51,29,17,22,31,25,29,16,33,39,44,14,33,44,46,45,43,26,51,47,63,53,40,37,38,18,11,16,19,30,29,54,36,39,24,43,33,35,36,46,45,32,47,33,53,47,37,36,47,46,48,53,40,51,33,38,53,36,27,50,28,52,47,29,30,33,23,21,26,31,57,33,34,19,47,23,29,40,63,60,64,65,49,42,63,23,41,37,37,41,27,41,34,26,29,49,45,44,41,52,54,50,46,41,60,19,60,36,44,39,53,38,40,16,59,39,36,53,89,68,46,35,40,28,56,60,51,65,37,63,29,37,33,24,31,33,66,90,55,69,25,41,37,126,141,119,110,44,34,25,46,40,
20180815,20,PM2.5,15,7,21,15,11,15,23,20,12,20,16,18,21,16,9,14,10,11,13,18,28,11,20,9,19,13,19,20,13,20,21,14,18,21,17,19,21,18,19,14,12,20,19,13,18,7,11,12,9,9,18,28,22,23,18,12,26,15,21,25,16,28,26,9,32,41,15,33,10,39,38,30,32,17,12,14,12,10,11,8,8,15,10,28,6,6,13,9,20,4,4,15,10,8,10,6,21,14,14,6,15,8,15,10,13,15,19,22,26,11,15,21,70,21,11,23,13,7,12,15,15,17,11,13,23,29,33,17,17,28,22,34,26,22,25,32,26,17,11,22,16,19,27,20,9,22,14,37,16,11,45,30,36,40,47,4,11,32,12,16,5,4,3,6,9,5,6,10,7,6,19,9,,15,10,14,19,13,39,25,14,25,28,26,19,14,21,16,9,26,17,22,25,11,23,36,14,37,44,18,21,35,18,22,8,53,9,19,11,13,20,15,5,10,11,13,6,11,15,10,19,11,9,12,31,7,13,30,25,24,13,9,29,19,45,25,20,22,15,11,8,10,9,8,18,18,11,19,9,19,13,15,16,27,26,13,14,16,18,12,17,17,33,19,20,18,23,18,23,24,25,19,19,20,13,25,18,20,13,18,15,13,18,22,28,20,24,11,17,11,15,19,45,36,32,39,30,26,25,13,29,26,16,29,13,27,15,17,13,24,26,21,8,27,36,33,32,13,24,11,20,19,22,10,12,18,7,8,29,20,22,37,30,49,14,15,28,12,18,25,33,47,26,45,15,26,23,13,7,18,30,40,11,19,9,17,21,75,46,45,32,22,9,10,18,13,
20180815,20,PM2.5_24h,14,10,18,16,8,18,16,13,12,16,14,22,14,23,9,13,13,11,11,12,15,11,14,19,22,21,15,20,21,17,18,14,20,14,11,11,11,14,12,9,8,15,13,7,18,5,14,11,12,11,24,24,19,16,14,11,17,17,21,19,16,21,24,8,36,55,34,47,11,47,23,31,37,22,20,18,18,20,24,7,10,11,13,36,10,14,8,14,21,7,9,15,12,13,13,9,21,13,16,12,16,10,14,15,17,14,16,28,34,14,17,32,58,30,13,14,8,6,9,13,12,15,14,15,13,22,34,19,19,41,31,33,27,27,26,26,23,22,17,29,11,37,38,37,32,41,40,45,18,41,43,36,26,47,47,20,10,35,12,29,12,9,13,13,14,12,11,14,9,7,17,10,7,12,11,12,12,11,38,19,10,17,13,14,17,14,16,10,8,24,20,25,47,22,32,39,20,42,39,20,16,36,14,16,10,43,11,18,11,15,13,10,7,9,12,14,5,17,14,13,17,12,14,12,23,10,23,28,28,21,14,9,21,24,31,26,21,18,17,7,12,10,15,6,13,21,27,16,26,21,27,21,14,20,28,15,25,30,29,22,23,29,31,30,22,31,24,22,20,21,24,19,22,17,21,27,19,18,19,29,22,19,26,25,31,18,25,22,16,19,41,24,38,26,47,26,22,25,29,10,25,29,27,27,14,26,15,23,28,13,23,17,8,21,42,34,38,9,18,10,11,23,16,11,9,18,10,7,28,32,25,33,24,39,43,17,32,10,19,28,28,33,18,48,30,18,22,14,8,32,25,31,24,20,10,23,15,75,62,65,33,27,6,6,23,16,
20180815,20,PM10,42,30,39,31,26,42,39,51,26,35,30,29,34,51,26,27,25,43,40,32,50,35,46,27,35,34,38,35,41,36,26,39,25,43,35,44,35,31,34,25,24,43,39,31,58,25,19,37,24,36,46,46,45,42,26,19,39,27,40,40,31,52,44,12,52,62,31,64,30,76,88,43,51,58,19,26,29,32,28,17,29,27,17,35,29,31,22,17,49,13,15,36,30,26,27,19,37,27,18,14,24,26,32,,19,32,47,44,77,32,49,36,108,42,29,45,25,20,34,28,32,32,26,28,64,87,65,45,52,48,40,82,49,46,86,44,54,22,26,34,32,38,43,33,23,38,47,71,35,43,81,42,104,66,120,57,12,68,38,78,18,25,25,22,23,24,12,14,17,14,30,22,10,46,33,29,35,21,,43,25,56,35,28,37,32,41,33,22,44,57,34,69,55,38,62,25,83,88,45,31,66,35,37,14,112,29,41,29,38,31,19,15,26,52,29,17,22,31,25,29,15,33,39,30,14,27,44,46,45,43,26,51,47,,55,40,37,38,18,9,16,19,30,29,57,36,39,24,43,33,35,36,46,45,31,47,33,55,47,37,36,42,46,48,56,40,52,30,38,56,36,24,50,28,53,47,28,30,33,,17,15,,63,33,33,,47,22,29,40,65,70,77,80,49,42,76,23,36,35,29,39,27,41,22,26,29,49,45,44,41,53,58,50,45,41,70,19,69,36,44,39,56,38,14,16,68,39,36,53,128,86,46,26,40,16,62,70,51,68,30,50,29,37,27,15,31,31,81,129,59,87,22,26,34,202,232,187,170,42,15,,42,36,
20180815,20,PM10_24h,27,24,34,27,19,37,29,35,40,32,26,27,32,72,32,22,30,26,34,30,34,33,35,30,41,45,36,39,41,36,38,34,40,33,25,27,26,28,26,22,21,25,27,22,42,16,23,28,25,38,49,39,38,25,23,17,27,23,34,29,26,35,44,15,61,90,60,79,37,92,53,76,74,76,38,33,47,54,32,16,25,22,26,45,24,27,17,24,47,21,23,30,24,33,25,144,33,24,24,20,29,25,27,20,26,27,33,33,69,30,50,61,89,62,26,31,18,18,21,24,30,25,26,34,32,55,54,37,43,62,54,56,51,49,44,39,43,34,30,46,25,66,58,64,54,61,71,71,32,66,94,60,59,85,94,132,19,67,40,122,23,20,29,28,27,29,22,33,21,31,31,25,20,32,30,28,33,21,46,38,29,33,23,23,35,33,37,22,18,41,46,40,90,81,47,60,42,58,75,49,21,75,23,26,20,97,20,39,25,25,22,14,15,21,31,28,17,37,25,24,25,28,52,32,42,17,42,47,45,40,36,19,43,54,33,60,40,35,35,14,26,21,31,21,31,48,53,33,50,43,52,48,33,40,45,30,52,50,54,40,39,54,45,57,39,61,34,47,40,35,46,39,36,44,45,51,55,33,31,47,41,34,40,40,57,36,47,42,31,43,73,44,64,55,87,50,32,42,74,17,33,42,50,37,53,41,35,34,44,34,48,40,22,31,54,64,65,26,42,26,47,39,47,27,32,40,19,12,53,90,45,65,71,60,158,34,47,18,39,59,42,48,25,89,73,35,30,23,32,118,77,83,60,62,20,76,37,226,375,259,164,49,24,7,52,56,
20180815,20,SO2,2,5,6,22,11,7,6,10,3,4,10,7,9,5,8,8,5,4,6,8,7,4,13,5,20,5,13,15,6,5,5,6,4,7,5,6,6,7,3,4,5,6,11,5,3,5,5,4,5,5,5,4,6,8,6,3,7,5,5,5,5,8,8,5,6,8,4,22,7,8,9,8,7,10,8,13,6,7,4,6,13,15,6,8,6,6,3,12,13,5,7,7,5,5,5,3,10,7,6,7,6,8,5,6,6,12,8,11,7,7,11,7,31,7,6,10,9,9,7,25,5,3,6,5,15,8,13,9,6,6,11,5,7,7,7,8,5,6,7,16,4,6,9,27,12,9,8,7,5,16,8,11,10,3,4,2,6,10,8,5,12,9,6,4,8,3,4,5,6,7,13,5,6,13,12,13,6,12,2,13,8,8,11,14,6,6,5,5,3,6,7,1,11,11,5,6,11,13,19,7,3,10,14,3,9,8,8,12,4,20,3,5,3,6,2,3,4,3,6,2,4,3,7,7,7,4,8,10,11,13,10,8,12,9,11,4,12,12,7,7,8,7,6,4,6,9,8,7,11,15,12,6,6,13,9,7,4,9,4,4,10,13,9,8,5,9,8,5,2,5,5,15,6,3,6,4,7,11,3,8,5,8,9,9,35,7,7,6,4,30,7,10,4,9,3,15,19,4,10,7,12,6,16,7,2,8,6,7,24,5,8,11,6,13,8,17,3,9,6,8,17,10,6,4,2,3,4,4,6,8,10,4,10,7,4,3,4,8,9,4,4,16,10,7,22,13,7,7,10,15,5,10,5,5,6,9,14,7,5,12,7,9,5,8,14,9,
20180815,20,SO2_24h,2,4,7,22,9,7,5,10,3,5,10,7,13,7,9,9,6,3,6,7,7,4,12,5,16,9,10,13,8,5,6,5,6,7,6,6,7,8,3,3,5,8,5,4,5,5,7,4,10,6,5,5,8,6,6,3,6,6,5,5,6,9,10,4,8,9,5,30,7,9,6,10,9,12,10,12,15,9,7,6,13,51,7,8,5,7,5,10,19,5,9,6,5,5,6,4,9,7,7,11,8,8,7,7,7,12,7,10,11,6,14,9,23,14,6,11,10,9,6,10,5,3,6,6,8,10,12,10,7,10,14,6,7,8,10,9,5,7,7,19,4,7,9,32,17,9,21,10,6,21,12,11,13,4,5,5,15,18,6,6,13,9,8,3,8,3,5,5,7,8,12,5,5,8,11,13,6,12,2,15,7,7,12,13,5,7,6,5,3,7,7,7,13,17,6,10,26,13,27,6,2,13,16,3,10,9,6,16,5,9,3,6,5,7,3,4,4,2,6,2,4,4,8,8,9,4,15,13,12,14,7,9,11,12,17,6,14,8,7,7,9,8,6,3,6,16,15,17,16,27,13,21,16,16,13,8,9,9,5,4,12,10,11,9,5,10,8,4,4,5,7,17,9,3,7,5,15,8,3,10,11,12,10,13,10,7,8,11,5,28,11,12,6,11,10,7,18,4,12,7,10,10,17,12,1,9,8,14,27,5,12,14,6,9,12,36,24,7,6,15,15,10,6,4,2,3,4,4,7,9,9,8,11,9,4,3,4,7,8,4,9,15,10,8,17,12,7,7,10,17,8,9,5,7,6,10,13,7,6,9,7,12,4,7,12,9,
20180815,20,NO2,33,20,13,34,21,10,24,22,23,33,27,14,18,25,24,21,10,28,27,23,32,29,13,28,32,16,25,32,19,12,19,16,24,17,17,28,9,41,23,13,5,17,26,16,24,32,24,25,13,22,25,14,41,49,18,18,39,8,26,42,11,44,49,13,37,32,23,46,12,49,26,32,28,19,30,41,31,22,15,12,11,21,35,22,15,16,7,12,17,8,13,19,6,19,20,6,19,12,9,8,20,11,23,9,35,33,27,27,18,15,30,5,36,16,25,33,12,15,18,23,13,12,11,23,34,13,23,15,14,15,18,27,24,16,6,11,39,17,14,22,8,35,30,31,32,12,16,54,33,29,49,33,47,28,24,3,29,22,12,8,10,14,16,19,17,8,12,7,10,6,23,13,12,35,17,19,15,19,31,20,15,34,34,9,20,17,16,6,19,10,17,21,11,27,17,7,26,35,26,19,20,16,15,11,4,11,17,23,14,16,14,24,10,7,7,10,12,3,15,10,19,14,17,20,11,13,17,19,19,35,11,13,27,12,51,21,11,23,18,18,22,12,23,17,7,21,17,13,19,13,17,6,6,23,21,10,18,16,17,16,14,27,24,18,23,14,2,9,7,10,23,24,12,21,16,18,18,25,11,18,14,15,20,11,30,12,20,9,9,24,41,36,18,23,39,53,10,23,17,3,12,17,15,12,8,11,19,25,8,6,20,21,16,11,19,13,14,18,39,10,25,19,10,10,4,4,5,8,13,33,18,22,7,15,16,4,47,29,38,27,11,9,13,23,4,8,11,13,8,12,17,6,28,23,23,18,5,8,2,13,14,13,1,,13,8,
20180815,20,NO2_24h,25,16,15,33,13,18,18,13,21,27,19,17,16,31,29,23,6,22,19,18,21,23,10,13,25,19,20,29,20,10,10,10,17,14,17,18,9,14,12,9,5,15,17,12,22,18,27,18,15,11,25,22,19,29,19,12,26,13,24,24,12,26,30,12,42,49,16,47,16,52,30,25,30,38,26,22,32,28,27,10,16,17,21,21,9,16,7,11,19,6,12,17,9,13,11,10,17,10,12,9,17,8,13,13,22,12,16,20,27,15,18,16,24,28,16,26,12,15,14,19,9,12,17,12,13,15,21,20,11,22,16,14,25,14,10,10,26,12,15,20,7,29,23,30,30,17,25,35,20,28,32,26,27,29,32,4,25,26,16,13,8,12,11,8,13,7,9,10,10,6,16,6,13,19,17,19,13,21,16,23,11,20,16,6,18,15,15,7,10,11,15,27,18,35,24,9,32,28,23,7,11,22,13,5,9,8,12,19,14,12,14,15,12,11,8,5,13,16,9,11,9,11,25,7,19,7,28,18,22,17,13,10,21,16,33,25,13,17,16,13,14,9,22,12,5,12,16,10,18,9,13,11,8,20,25,10,15,13,15,13,12,26,17,20,16,12,2,11,12,9,15,18,10,17,17,14,14,14,10,19,16,15,14,14,19,11,19,14,9,28,34,22,28,38,34,30,13,20,26,5,15,12,24,10,15,16,22,18,11,9,16,12,18,11,24,19,25,11,25,8,12,15,15,8,3,4,7,6,15,45,14,21,8,18,12,5,31,13,10,27,12,8,14,26,6,7,13,10,12,10,19,7,23,28,28,44,12,22,11,26,14,29,5,,26,28,
20180815,20,O3,76,68,106,50,54,120,101,109,71,64,41,90,99,106,99,67,29,49,45,49,84,27,43,78,91,39,35,46,45,43,52,45,95,44,40,35,53,49,38,35,43,76,63,51,107,23,68,106,68,52,107,101,47,66,57,66,80,76,62,58,77,98,30,73,121,139,63,74,69,103,89,79,124,130,44,28,100,107,101,18,84,65,20,74,78,109,47,46,111,27,28,96,81,68,32,40,67,76,83,74,73,71,44,79,45,57,60,100,142,106,80,142,207,132,53,73,87,57,68,70,42,36,51,78,138,91,150,121,125,123,104,95,90,109,102,120,40,51,76,45,82,83,103,110,69,155,137,62,54,100,115,74,80,98,145,105,83,149,114,95,27,51,42,66,45,35,33,35,46,37,38,24,75,30,43,41,37,48,52,47,69,60,93,56,63,44,47,46,5,103,99,62,156,94,118,154,101,114,131,61,43,144,100,55,87,143,75,65,65,88,75,63,63,33,49,59,40,38,17,17,3,18,38,19,25,24,105,106,122,75,87,60,79,103,122,127,103,96,86,46,25,26,21,31,59,40,59,74,36,61,65,68,112,121,114,102,102,90,111,103,91,50,105,97,78,90,104,98,78,100,58,50,56,67,40,49,71,41,25,65,74,68,52,98,35,52,52,61,61,72,53,88,95,147,89,125,118,69,144,64,128,91,117,101,66,114,109,65,83,80,113,82,46,87,104,129,108,39,70,53,54,94,72,75,78,42,128,36,106,107,68,71,103,147,92,112,46,89,67,78,104,107,74,104,63,59,,78,81,104,171,116,64,56,80,130,117,114,139,137,96,142,108,81,148,127,
20180815,20,O3_24h,109,92,149,71,81,150,159,159,98,113,107,136,146,148,125,108,53,90,93,68,175,94,60,90,155,127,102,149,153,74,90,63,130,82,72,101,93,123,88,60,45,129,124,90,127,48,95,116,111,118,136,120,133,114,87,105,148,105,112,111,94,119,99,85,175,289,122,137,88,202,106,115,195,137,150,129,133,145,108,23,96,87,90,171,115,135,116,111,142,88,110,130,104,117,38,89,103,105,91,100,101,114,95,82,82,118,103,111,169,124,116,152,280,145,79,101,100,63,92,86,68,80,93,115,145,128,192,142,136,171,123,158,112,142,146,127,100,117,128,91,90,133,127,147,128,203,192,156,111,143,216,161,173,175,174,114,109,174,119,106,88,102,132,140,134,132,110,114,107,86,52,35,80,113,72,57,72,69,127,104,187,188,167,62,99,96,112,78,18,123,106,100,207,144,166,194,144,163,186,90,90,174,121,67,114,178,96,94,105,105,95,103,77,59,110,82,100,79,46,40,49,44,60,43,58,58,127,174,147,119,122,63,170,119,170,138,122,132,107,81,64,72,65,67,67,101,105,115,149,97,103,114,120,143,154,135,112,103,143,128,111,131,172,125,135,109,129,133,130,122,85,113,101,117,91,87,97,119,64,77,125,108,114,101,78,103,97,136,92,125,159,202,154,231,177,167,135,115,225,89,136,144,128,126,100,151,135,97,103,140,144,107,78,129,126,179,124,89,126,80,105,123,88,91,89,54,137,59,142,151,133,134,107,174,121,115,130,117,110,113,128,117,99,121,72,87,104,92,95,121,206,132,116,69,87,135,117,117,142,143,113,144,109,90,156,131,
20180815,20,O3_8h,95,81,134,60,51,135,134,126,88,92,79,117,131,131,117,89,35,74,66,58,129,62,52,65,135,92,73,110,108,58,75,52,107,65,58,69,63,97,71,46,39,109,105,73,112,33,76,92,92,68,117,114,77,93,74,86,112,92,93,89,82,103,78,68,142,218,99,113,78,154,91,102,168,125,84,60,122,133,88,17,80,68,55,134,92,121,64,75,124,56,59,114,91,92,30,50,82,89,82,80,76,84,81,75,68,96,87,94,146,113,103,142,249,135,70,88,88,55,75,78,57,65,68,101,118,110,173,129,119,157,116,119,102,127,120,124,80,79,91,67,77,112,113,130,88,180,136,112,90,126,168,124,142,149,162,103,84,162,101,101,56,74,83,95,90,77,61,76,70,48,45,28,64,75,56,52,59,59,104,72,133,141,119,59,83,74,75,63,9,115,97,81,184,124,144,170,132,144,168,81,74,164,113,64,104,162,89,79,87,90,81,92,64,48,78,75,63,36,34,30,28,34,35,37,40,50,108,135,130,99,102,55,121,108,148,124,114,115,91,60,45,44,34,48,58,72,85,96,94,81,83,92,109,131,134,122,106,97,135,109,102,97,141,111,99,102,120,112,107,115,77,73,73,92,64,64,89,71,51,70,95,89,86,92,68,75,77,96,82,95,110,154,126,195,136,143,122,96,199,73,125,115,121,112,84,135,128,84,92,118,134,94,64,109,114,158,117,71,100,71,77,113,79,84,81,48,113,53,130,138,105,104,104,149,106,111,99,103,94,102,121,95,86,113,66,77,94,88,88,112,179,122,94,63,81,128,99,113,137,135,105,129,96,85,133,124,
20180815,20,O3_8h_24h,97,84,138,61,54,135,139,127,92,97,83,121,132,134,119,89,48,78,78,60,133,65,53,66,140,101,81,120,113,60,77,54,108,69,60,73,66,103,75,49,39,112,109,77,112,37,76,92,97,69,117,115,94,94,78,97,115,93,100,93,83,103,88,72,142,223,103,117,78,159,91,103,172,125,93,77,124,136,88,22,80,68,60,147,98,121,93,88,128,61,90,114,92,92,32,79,87,95,86,80,86,109,89,78,74,103,89,94,146,113,108,142,252,135,73,88,88,55,75,78,61,70,77,102,118,114,174,129,119,158,116,130,103,128,125,124,88,94,96,75,77,117,115,132,104,180,136,125,105,128,177,136,148,154,163,113,108,162,101,101,81,80,86,95,102,89,85,94,84,72,45,31,64,80,58,53,60,61,108,74,134,147,120,59,84,82,96,65,14,116,97,81,187,127,146,171,134,147,173,86,79,164,117,66,106,164,90,81,87,91,82,97,64,50,85,76,86,52,44,35,38,36,38,41,50,55,108,136,131,99,106,55,122,108,148,126,114,115,92,61,53,54,45,48,60,87,91,101,101,86,89,98,109,131,134,122,106,97,138,109,103,114,141,114,116,103,121,119,114,117,82,85,82,101,71,69,92,96,58,72,96,92,98,92,72,85,80,102,83,101,126,162,126,196,146,146,122,101,202,73,125,116,122,125,85,141,130,89,92,118,138,94,65,109,115,159,117,74,101,71,77,113,79,84,87,48,113,54,131,141,113,105,105,154,112,111,106,110,99,104,121,95,92,113,66,83,101,90,88,119,180,122,99,63,81,128,99,113,137,135,105,129,96,85,133,124,
20180815,20,CO,0.56,0.66,0.43,0.75,0.28,0.40,0.55,0.53,0.42,0.80,0.50,0.50,0.57,0.54,0.83,0.63,0.49,0.62,0.53,0.47,0.76,0.27,0.30,0.77,0.87,0.40,0.57,0.53,0.57,0.50,0.40,0.63,0.60,0.67,0.53,0.68,0.43,0.67,0.63,0.37,0.57,0.43,0.57,0.53,0.64,0.62,0.50,0.74,0.38,0.41,0.69,0.76,0.92,0.92,0.53,0.55,0.73,0.80,0.90,0.84,0.66,0.90,0.94,0.55,0.86,0.74,0.51,0.82,0.33,1.25,0.63,0.80,0.80,0.60,0.70,0.58,0.54,0.64,0.47,0.57,0.60,0.88,0.33,0.60,0.70,0.70,0.50,0.73,0.52,0.18,0.22,0.65,0.30,0.30,0.37,0.17,0.82,0.70,0.52,0.67,0.80,0.80,1.00,0.60,1.00,1.30,1.48,0.90,0.97,0.80,0.70,0.78,1.32,0.70,0.57,1.42,0.63,0.70,0.68,0.87,0.43,0.30,0.50,0.83,0.80,0.54,1.31,0.93,0.87,0.77,0.77,0.90,1.02,1.00,0.84,0.75,1.37,0.67,0.83,0.92,0.55,0.68,0.80,0.70,0.57,0.57,0.68,0.88,0.60,0.95,1.23,1.27,1.50,0.86,0.93,0.15,0.50,0.80,0.56,0.30,0.50,0.35,0.45,0.40,0.20,0.35,0.45,0.45,0.25,0.85,0.40,0.50,0.55,0.90,0.45,0.40,0.30,0.50,1.20,0.63,0.70,1.30,1.45,0.50,0.45,0.50,0.50,0.80,0.40,0.45,0.73,0.70,0.82,0.86,0.50,0.86,0.55,1.07,0.87,0.40,0.45,0.55,0.20,0.33,0.30,0.70,0.66,0.70,0.48,0.47,0.57,1.00,0.80,0.50,0.45,0.30,0.50,0.33,0.70,0.33,0.40,0.55,0.30,0.60,0.60,0.40,0.52,0.60,0.70,1.18,0.40,0.57,0.50,0.47,0.40,0.57,0.80,0.60,0.47,0.65,0.83,0.73,0.83,0.90,1.23,0.88,0.53,0.43,1.58,0.30,0.53,0.97,0.65,1.00,0.70,0.73,0.90,0.50,0.74,0.85,0.47,1.08,0.70,0.83,0.93,0.68,0.55,0.95,0.63,0.73,1.00,0.74,0.60,1.23,1.55,0.57,1.43,2.02,0.95,0.80,1.00,0.70,0.70,0.75,1.40,0.85,0.70,0.70,0.70,0.73,0.60,0.72,0.83,0.75,0.85,1.35,0.43,0.77,0.60,0.40,0.30,0.80,0.55,0.57,0.45,0.85,0.95,0.85,0.70,0.40,0.50,1.10,0.90,0.85,0.70,0.63,0.50,0.70,0.75,0.70,1.10,0.75,0.50,0.45,0.45,0.30,0.25,0.30,0.70,0.90,0.95,0.80,0.65,0.50,0.40,0.40,0.40,0.50,1.00,0.45,0.80,0.70,0.80,1.50,0.80,1.40,0.10,0.40,0.50,0.50,0.60,0.65,1.00,0.60,0.80,0.25,0.30,0.55,1.00,0.35,0.20,0.53,0.50,0.90,0.50,0.30,
20180815,20,CO_24h,0.56,0.86,0.54,1.23,0.24,0.53,0.57,0.40,0.50,0.93,0.53,0.70,0.70,0.73,0.87,0.76,0.54,0.66,0.49,0.44,0.44,0.26,0.27,0.50,0.94,0.63,0.53,0.50,0.78,0.63,0.32,0.57,0.60,0.63,0.56,0.60,0.43,0.53,0.70,0.37,0.57,0.40,0.43,0.43,0.62,0.60,0.47,0.74,0.51,0.39,0.74,0.87,0.73,0.73,0.55,0.60,0.65,0.70,0.80,0.72,0.66,0.73,0.89,0.60,0.87,0.96,0.58,0.78,0.33,1.22,0.70,0.83,0.98,0.65,0.72,0.55,0.66,0.78,1.63,0.55,0.73,0.88,0.30,0.55,0.83,0.75,0.67,0.93,0.52,0.18,0.26,0.65,0.27,0.27,0.33,0.35,0.72,0.67,0.62,0.67,0.80,0.73,0.75,0.55,0.85,0.85,1.00,0.70,1.73,0.83,1.15,1.34,1.22,0.87,0.40,1.45,0.55,0.75,0.80,0.70,0.35,0.30,0.52,0.80,0.57,0.63,1.14,1.00,0.87,1.20,0.83,0.77,0.96,0.95,1.04,0.75,1.17,0.60,0.97,0.98,0.50,0.65,0.84,1.12,0.57,0.63,0.80,0.74,0.47,1.10,1.13,1.43,1.15,0.81,0.87,0.10,0.60,0.75,0.70,0.33,0.50,0.50,0.40,0.45,0.30,0.40,0.35,0.50,0.30,0.85,0.30,0.40,0.40,0.60,0.50,0.50,0.40,0.50,1.00,0.80,0.65,0.90,0.85,0.40,0.40,0.60,0.45,0.80,0.30,0.47,0.75,0.70,1.16,1.08,0.68,1.02,0.60,0.93,0.90,0.37,0.30,0.50,0.30,0.27,0.25,0.60,0.50,0.82,0.53,0.60,0.70,0.90,0.90,0.60,0.40,0.25,0.50,0.47,0.53,0.30,0.40,0.47,0.40,0.45,0.50,0.30,0.58,0.60,0.70,0.70,0.47,0.57,0.50,0.63,0.40,0.60,0.80,0.60,0.33,0.58,0.73,0.63,0.67,0.60,0.73,0.68,0.50,0.42,1.60,0.43,0.53,1.00,0.65,0.97,0.90,0.87,1.03,0.53,0.80,0.77,0.50,0.86,0.67,0.90,0.90,0.78,0.55,0.85,0.80,0.83,1.05,0.72,0.60,1.15,1.73,0.63,1.33,1.80,0.65,0.78,1.00,0.80,0.60,0.95,1.10,0.90,0.70,0.85,0.70,0.60,0.63,0.82,0.93,0.65,0.90,0.65,0.43,0.70,0.75,0.40,0.35,0.98,0.53,0.60,0.45,0.90,0.85,0.85,0.60,0.45,0.50,1.15,0.85,0.90,0.85,0.80,0.90,0.60,0.70,0.70,0.95,0.55,0.55,0.40,0.45,0.35,0.30,0.25,0.67,1.10,0.75,0.70,0.75,0.50,0.40,0.25,0.40,0.40,0.70,0.40,0.60,0.70,0.70,1.40,0.80,1.10,0.30,0.30,0.40,0.60,0.50,0.75,0.95,0.70,0.80,0.70,0.40,0.70,1.10,0.45,0.30,0.80,0.70,0.90,0.55,0.50,
20180815,21,AQI,43,27,44,32,28,40,40,53,30,38,29,27,35,51,36,28,24,36,33,35,47,37,45,38,46,35,40,34,40,37,36,38,36,41,34,41,34,29,34,31,25,32,52,28,52,24,24,46,20,30,49,45,46,37,20,18,40,23,32,39,28,43,44,22,52,66,35,67,49,64,55,47,57,53,28,32,35,38,31,17,25,26,22,43,28,31,19,17,50,11,10,31,25,32,24,33,34,26,26,22,23,29,26,25,25,45,43,45,39,30,56,44,84,37,32,47,28,26,21,28,28,29,28,34,56,53,55,51,54,49,46,62,58,50,63,52,52,29,23,43,28,44,49,46,38,44,51,59,36,42,70,40,87,57,77,54,24,66,36,72,11,17,29,24,22,18,11,27,14,13,26,27,28,40,27,29,48,26,53,37,19,47,46,41,33,28,38,42,18,43,41,43,60,62,42,61,32,64,73,54,39,65,37,36,25,71,25,37,23,38,34,21,17,29,,33,12,21,38,16,31,20,26,55,58,25,31,58,38,52,27,33,55,52,64,47,42,40,37,18,18,18,22,23,39,52,38,49,27,42,36,41,45,48,42,32,46,43,49,43,39,29,43,55,53,52,37,54,23,40,54,32,27,49,22,52,51,31,36,35,22,21,29,30,48,39,27,17,29,31,34,55,79,63,71,99,30,40,57,30,50,41,34,31,31,51,35,26,32,49,37,54,39,62,54,54,53,60,57,,60,50,36,29,65,51,41,25,53,49,41,57,86,74,40,32,53,30,61,58,56,69,43,66,29,39,40,30,54,34,72,95,52,80,30,34,37,127,141,123,96,42,33,23,54,54,
20180815,21,PM2.5,17,7,21,18,11,10,25,18,15,20,17,19,18,16,16,12,11,10,12,20,25,11,19,11,19,13,23,20,14,21,25,16,19,20,15,18,20,16,19,12,15,16,19,11,21,7,12,14,6,8,18,27,25,22,14,10,26,14,20,22,14,30,26,8,33,48,17,37,12,39,35,32,37,15,13,12,19,10,13,7,9,14,13,25,8,12,12,7,20,5,5,15,8,11,14,23,20,15,12,9,16,8,13,9,14,20,20,25,27,9,17,27,62,21,13,25,15,7,12,16,15,20,11,21,28,20,29,19,19,29,27,40,29,22,28,35,28,16,10,22,13,18,32,27,13,31,19,42,17,19,45,28,38,40,54,7,13,40,9,19,8,7,11,9,13,2,6,16,8,6,18,11,,13,14,15,21,12,37,22,13,22,32,29,20,14,19,16,9,24,17,30,28,22,24,44,21,46,46,26,27,40,26,18,11,50,11,19,13,13,17,13,6,12,,18,5,11,19,11,18,14,4,14,41,13,14,41,26,27,12,14,26,23,46,33,17,24,20,12,9,10,9,8,18,19,17,19,8,19,14,17,24,23,25,13,15,17,20,14,21,15,28,21,31,19,23,24,16,20,24,18,19,19,11,22,21,22,19,17,13,10,20,20,18,27,19,12,14,11,19,30,58,34,48,74,17,25,24,14,35,29,17,21,13,33,13,16,19,16,26,22,11,24,38,36,35,22,26,,21,23,18,13,21,26,6,10,33,23,23,38,26,54,12,14,37,14,20,24,40,50,30,48,12,27,28,21,12,22,25,39,12,23,11,16,19,74,27,50,33,16,10,11,16,14,
20180815,21,PM2.5_24h,14,10,18,16,8,17,16,13,12,16,15,22,14,22,10,13,13,11,11,12,15,11,14,19,22,21,15,20,20,17,18,14,20,15,11,12,12,14,12,9,10,15,14,7,18,5,14,11,12,12,23,24,20,17,14,11,18,16,20,18,16,22,24,8,36,56,33,46,11,48,23,31,37,22,20,18,18,20,25,6,10,11,13,36,10,14,8,14,20,7,8,15,11,13,13,11,20,13,16,12,16,10,14,14,17,15,16,28,34,13,17,33,58,29,13,15,9,6,9,13,12,15,14,15,14,22,34,19,19,42,31,33,27,27,26,26,23,21,17,28,11,36,36,36,31,40,39,45,17,40,44,36,26,47,47,18,10,36,12,29,12,9,13,13,13,12,11,14,9,7,17,10,7,12,11,13,13,11,38,19,10,18,14,15,17,14,16,10,8,24,20,25,47,22,32,38,20,43,39,20,16,36,14,13,10,44,10,18,11,15,14,10,7,10,,14,5,17,14,10,16,11,14,12,27,10,22,27,28,24,15,9,21,24,31,27,21,18,17,8,12,10,15,6,13,20,26,16,26,20,27,21,14,20,28,16,24,30,29,22,23,28,31,29,22,30,24,22,20,21,23,19,20,17,20,27,20,18,19,28,21,19,25,24,29,18,23,22,17,18,41,24,39,26,48,28,22,24,29,10,25,29,26,26,15,25,15,22,28,13,27,17,8,21,42,34,37,13,18,,11,23,16,11,10,19,10,7,28,32,25,34,24,39,39,16,31,10,19,28,28,34,18,48,29,19,22,14,8,32,25,32,23,20,10,23,15,74,62,64,33,27,6,6,22,16,
20180815,21,PM10,43,27,44,32,28,40,40,55,30,38,29,25,35,52,36,28,24,36,33,35,47,37,45,38,46,35,40,34,40,37,29,38,33,41,34,41,34,29,34,31,25,32,53,28,53,24,24,46,20,30,49,45,46,37,20,17,40,23,32,39,28,40,44,,54,74,35,84,49,77,60,47,63,56,28,32,35,38,31,17,22,26,22,43,28,28,19,17,50,11,10,31,25,32,24,20,34,26,13,21,20,29,26,12,25,45,43,45,36,30,62,44,94,36,32,47,23,26,21,28,28,28,28,34,61,56,60,51,57,49,46,73,65,50,76,53,54,29,20,43,28,44,49,46,38,44,52,68,36,42,89,38,124,64,104,58,24,82,36,93,11,17,29,24,22,18,7,27,14,13,26,27,9,40,27,29,48,26,,37,12,47,41,34,33,28,38,42,18,43,41,34,70,73,42,67,32,78,95,58,39,80,32,36,18,92,25,37,23,38,34,21,17,29,,33,12,21,38,16,31,19,26,60,,25,24,53,36,53,27,33,60,53,,43,42,40,37,11,18,18,22,23,39,54,38,49,27,42,36,41,45,48,42,18,46,43,49,43,39,29,43,59,56,54,37,57,16,40,58,32,27,49,22,53,52,24,36,35,,11,25,,48,33,21,,29,31,34,60,81,76,92,114,24,40,63,30,40,38,34,31,31,51,35,24,32,49,35,57,39,73,44,57,56,69,63,,70,50,36,29,79,52,10,25,55,49,41,64,122,78,40,25,55,30,72,66,58,81,36,56,29,38,34,,58,34,94,139,53,110,30,31,26,204,232,195,141,34,,12,58,58,
20180815,21,PM10_24h,28,24,34,28,20,37,29,35,39,33,26,28,31,72,32,22,30,27,34,29,35,33,35,31,42,45,36,39,40,36,37,34,39,33,25,28,26,28,26,22,22,25,28,23,42,16,24,28,24,36,49,39,40,26,23,17,28,24,34,29,27,35,44,15,60,92,58,79,38,93,53,75,74,76,38,33,46,53,34,15,25,22,25,44,24,28,18,25,47,20,22,29,25,32,26,152,31,24,24,20,29,25,27,19,25,28,33,34,68,29,51,61,88,60,26,33,18,19,21,24,30,25,26,33,33,55,53,38,42,63,53,55,52,50,45,40,43,35,29,46,25,65,56,62,52,60,70,72,31,65,94,61,62,84,94,123,18,67,41,122,23,20,29,27,27,28,21,33,21,30,31,25,20,33,29,28,34,22,47,38,28,34,24,24,35,33,36,25,18,41,46,40,90,81,46,58,41,61,76,49,22,75,23,25,20,97,21,40,21,27,20,14,16,21,,28,16,36,25,17,25,26,52,33,45,17,42,47,44,42,36,20,43,54,33,60,41,36,34,14,26,21,30,20,31,48,52,34,49,42,51,47,34,40,46,31,51,49,54,40,39,53,45,56,41,61,34,47,40,35,47,39,33,45,44,51,56,33,31,45,42,34,39,38,54,35,45,42,30,42,72,43,65,55,87,52,31,41,73,17,33,41,48,35,52,40,34,33,44,33,42,41,23,32,53,63,64,33,43,,49,39,45,27,34,43,19,12,53,89,44,65,76,60,142,31,46,17,40,59,41,51,25,89,73,35,30,23,31,118,78,87,58,65,20,77,37,219,373,257,158,49,24,8,52,56,
20180815,21,SO2,2,5,6,25,13,6,6,10,3,5,11,7,9,6,9,8,6,4,8,8,8,5,13,6,17,5,12,16,6,5,4,5,5,7,5,6,7,7,2,3,6,6,11,4,4,5,6,4,5,5,5,5,6,8,6,3,6,5,5,6,5,9,8,4,7,7,4,24,7,8,5,8,7,10,8,14,13,9,3,6,14,25,7,7,6,6,3,4,14,6,8,10,4,4,5,2,10,7,5,8,6,8,5,6,6,16,9,11,8,7,12,7,18,8,5,11,9,9,6,23,5,3,6,5,11,8,14,9,5,7,13,4,8,7,7,8,4,7,7,14,4,7,9,55,13,9,9,8,6,14,8,10,10,3,5,2,8,8,6,6,11,10,6,4,9,3,6,5,6,8,15,5,6,14,13,15,7,14,2,12,10,8,12,14,6,6,6,5,5,6,8,1,12,15,4,7,12,17,15,7,3,9,15,2,9,9,9,11,4,15,3,5,7,6,,4,4,2,6,2,4,4,7,6,8,4,7,19,11,19,10,8,12,6,12,4,13,11,7,7,8,7,6,4,7,10,9,7,10,17,14,7,9,17,12,7,6,9,5,4,10,15,13,8,7,9,9,4,3,5,7,12,8,3,6,5,7,8,2,11,7,9,8,9,12,6,8,9,4,30,7,9,4,8,3,19,19,4,9,7,12,7,14,8,1,8,5,6,41,5,5,10,6,10,11,18,7,5,6,,17,10,7,3,2,3,4,3,6,9,12,3,10,8,4,3,4,7,9,5,7,15,10,8,15,13,8,7,10,16,10,9,5,7,6,9,13,6,5,11,7,9,4,8,16,9,
20180815,21,SO2_24h,2,5,7,22,10,7,5,10,3,5,10,7,12,7,9,8,6,3,6,8,7,4,12,5,17,9,10,13,8,5,6,5,6,7,6,6,7,8,3,3,6,8,5,4,5,5,7,4,9,7,5,5,8,7,6,3,6,6,5,5,6,9,10,4,8,9,5,30,7,9,6,10,9,12,10,12,15,9,7,6,14,51,7,8,5,7,6,8,19,5,9,7,5,5,6,3,9,7,7,11,8,8,7,7,7,12,7,10,11,6,14,9,22,14,6,11,10,9,6,11,5,3,6,6,8,10,12,10,7,10,14,6,7,8,10,9,5,8,7,19,4,7,9,34,17,9,21,10,6,20,12,11,13,4,5,4,15,15,6,6,13,9,8,3,8,3,5,5,7,8,13,5,5,8,11,13,6,12,2,15,7,7,12,13,5,7,6,5,3,7,7,6,13,17,6,9,25,14,27,6,2,13,15,3,10,9,7,16,5,9,3,6,5,7,,4,4,2,6,2,4,4,8,8,10,4,15,17,12,15,7,9,11,11,17,6,14,8,7,7,9,8,6,3,6,16,15,16,15,26,13,20,16,16,12,9,9,9,5,4,12,11,11,9,5,10,8,4,4,5,7,17,10,3,7,5,15,8,3,9,10,12,10,13,11,7,8,11,5,28,11,12,6,11,10,8,18,4,12,7,10,9,17,12,1,9,8,14,28,5,15,14,6,9,12,36,24,5,6,,15,10,7,4,2,3,4,4,7,9,10,8,11,9,4,3,4,7,8,4,9,15,10,8,17,12,7,7,10,17,8,9,5,7,6,10,13,7,6,9,7,12,4,7,12,9,
20180815,21,NO2,36,18,19,32,16,13,25,23,29,34,27,13,20,26,32,25,15,20,25,22,36,30,17,25,35,13,23,32,20,11,18,14,18,16,17,24,8,42,26,16,5,17,28,18,24,27,28,22,14,21,31,16,36,53,20,20,42,5,25,45,12,47,38,11,38,46,27,54,15,53,35,35,51,27,31,35,46,35,13,10,11,19,35,24,20,16,12,9,19,7,17,17,5,22,22,4,19,13,5,8,19,10,16,9,29,32,33,28,21,18,34,5,33,19,24,37,11,18,17,23,12,10,11,33,24,10,27,16,16,16,19,14,31,14,5,12,35,10,13,23,9,50,31,42,52,17,29,49,18,22,48,19,48,32,41,2,31,37,18,11,8,14,18,18,22,9,10,9,12,6,27,12,13,40,20,25,16,22,27,24,17,28,32,8,22,16,14,7,17,12,17,32,13,44,15,6,24,50,23,13,16,19,17,13,3,7,13,23,24,13,16,31,16,11,,7,15,3,15,13,16,16,17,21,11,13,21,22,17,33,10,12,24,12,31,17,12,21,16,12,26,13,24,16,6,14,19,15,14,12,20,7,9,19,22,8,20,16,17,14,15,38,19,17,19,13,1,4,9,10,30,21,14,17,18,17,22,23,13,15,9,14,17,13,16,9,10,14,10,26,47,32,27,28,54,57,12,24,15,8,15,17,16,13,19,20,28,12,7,5,19,28,26,13,18,15,34,20,26,,19,18,17,12,8,4,5,8,14,48,19,18,6,16,10,8,61,31,39,27,14,10,20,22,4,5,13,13,17,9,18,7,32,37,29,30,5,13,2,14,26,16,2,,19,15,
20180815,21,NO2_24h,26,16,15,33,13,18,18,13,21,27,19,16,16,30,30,22,7,21,20,18,21,24,11,13,27,18,20,28,20,10,10,10,17,14,17,18,9,15,13,9,5,15,17,12,21,18,27,18,15,12,25,21,20,31,20,12,26,13,23,25,12,27,30,12,41,47,16,46,16,52,30,26,31,39,26,23,32,28,27,10,16,17,22,20,9,16,8,11,19,6,12,16,9,13,12,9,16,10,11,8,17,8,12,13,22,13,17,20,27,15,19,16,27,27,16,26,12,14,14,19,9,12,16,13,14,14,22,20,11,22,16,14,25,14,9,10,26,10,14,19,7,28,23,30,30,16,25,36,20,27,32,25,28,29,32,4,25,26,16,12,8,12,12,8,14,7,9,10,10,6,17,6,13,20,17,19,13,20,16,23,11,21,16,6,18,15,15,7,10,11,14,27,18,35,23,8,31,28,23,7,11,21,13,6,8,8,12,20,14,12,14,16,12,11,,5,13,15,9,10,9,11,25,7,16,7,27,17,22,17,12,11,21,16,32,25,13,17,16,13,15,9,22,12,5,11,16,10,18,9,14,11,8,21,24,11,16,13,14,13,13,27,17,20,16,12,2,11,12,9,15,18,10,17,17,14,14,15,10,18,13,15,14,14,18,10,18,13,9,28,35,22,28,37,34,29,13,20,24,5,15,12,23,10,14,15,21,17,11,8,12,13,19,10,24,18,25,13,24,,12,15,14,8,3,2,7,6,15,45,14,21,8,18,12,5,31,14,11,26,12,8,14,26,6,7,13,10,11,9,19,6,22,28,28,44,12,22,11,26,14,29,5,,22,28,
20180815,21,O3,62,63,95,49,76,92,96,99,65,57,42,80,99,107,79,59,24,49,35,60,51,27,46,66,84,42,34,38,39,39,47,48,115,42,39,33,43,36,26,28,40,56,61,36,78,17,60,101,57,58,96,93,47,45,54,59,56,70,56,48,67,75,38,71,100,122,52,57,59,79,63,78,89,118,41,31,66,85,99,16,79,66,19,67,58,98,45,37,92,30,25,81,64,57,32,39,63,72,83,70,71,71,52,81,41,50,46,90,124,95,64,133,161,118,52,59,88,49,68,56,38,32,46,83,137,84,117,120,114,121,100,128,74,104,103,123,30,60,75,39,72,58,84,89,40,125,124,59,70,103,101,80,55,80,105,105,76,119,99,88,26,41,40,61,42,33,35,36,44,38,29,24,88,19,38,35,34,44,39,37,52,47,91,81,54,49,46,41,5,93,96,51,154,60,122,155,94,85,147,65,37,130,93,45,79,148,74,56,51,84,63,58,48,31,,58,31,39,13,8,2,15,37,13,15,12,98,106,121,59,85,62,72,94,115,121,97,79,96,56,13,21,17,21,66,38,58,64,36,44,53,57,96,113,116,101,93,82,99,92,89,36,110,93,72,85,105,107,70,93,43,47,55,77,33,49,55,38,7,60,71,66,52,95,53,53,69,52,53,57,34,79,71,128,59,120,97,63,144,40,124,74,110,91,35,97,88,84,81,85,107,55,32,77,103,124,72,25,78,,45,89,63,67,56,32,131,31,91,85,48,56,107,156,96,102,15,79,58,72,,97,65,100,62,56,74,70,57,100,136,114,58,43,65,108,117,108,141,133,80,135,105,73,131,112,
20180815,21,O3_24h,109,92,149,71,81,150,159,159,98,113,107,136,146,148,125,108,53,90,93,71,175,94,60,90,156,127,102,149,153,74,90,63,130,82,72,101,93,123,88,60,46,129,124,90,127,48,95,116,111,123,136,120,132,112,87,105,148,103,112,117,94,119,99,85,175,292,122,137,88,202,106,114,195,137,150,129,133,145,108,23,96,87,90,171,115,135,116,109,142,86,110,130,104,117,38,87,96,105,88,95,101,111,95,82,82,118,103,111,169,124,116,152,288,145,79,101,100,64,92,86,68,80,93,115,146,128,192,142,136,171,123,158,112,142,146,127,99,121,128,91,90,121,127,147,122,203,164,156,109,143,216,161,173,175,174,114,109,174,119,106,88,102,132,140,134,132,110,114,107,86,52,35,88,113,72,57,72,69,127,104,187,188,167,81,99,96,112,78,18,123,106,100,207,144,166,194,144,161,186,90,90,174,121,69,114,178,96,94,103,105,90,103,77,59,,82,100,79,46,39,49,44,60,43,52,58,127,171,147,117,122,63,170,119,170,138,122,132,107,81,64,72,65,67,67,101,105,115,149,96,102,114,120,144,156,137,112,103,143,128,110,131,172,125,135,109,129,133,130,122,85,113,100,117,91,87,97,119,64,77,126,108,114,101,78,103,97,136,92,125,159,202,154,231,177,167,135,115,225,89,136,144,128,126,100,151,135,97,103,144,146,107,78,129,126,179,124,84,126,,105,123,88,91,89,57,137,59,142,151,133,134,108,174,121,115,130,117,110,113,128,117,99,121,71,87,104,92,95,121,206,132,116,69,87,135,117,117,142,143,113,144,109,90,155,131,
20180815,21,O3_8h,91,78,128,59,55,130,128,124,85,88,72,111,128,128,113,86,32,71,59,57,120,57,51,64,128,83,65,99,97,54,70,50,108,60,55,65,61,87,63,42,37,102,99,68,106,31,74,96,86,68,114,110,68,87,71,81,107,88,89,89,80,100,70,68,143,206,93,103,76,141,90,100,154,128,71,47,115,126,93,18,82,70,48,122,86,118,62,63,119,52,48,112,86,88,29,47,78,84,82,81,73,79,77,76,64,88,80,95,142,113,97,141,246,133,67,86,90,54,76,76,54,61,64,99,122,107,162,130,122,151,113,116,98,125,114,123,73,77,85,61,79,105,110,126,81,175,134,99,85,121,155,116,129,139,157,104,82,157,102,99,49,67,79,92,81,68,50,68,63,42,44,27,67,67,52,49,55,56,97,67,126,130,119,62,80,70,71,59,8,113,99,78,179,116,140,169,127,132,165,78,69,160,110,63,100,161,87,77,80,90,77,87,61,45,,72,57,30,31,26,24,32,36,33,29,45,106,135,130,93,98,57,115,105,144,123,112,108,92,60,39,39,32,46,58,67,81,90,85,75,81,84,108,128,134,124,106,96,129,111,99,88,140,109,91,100,118,109,101,112,72,65,66,88,57,59,84,63,44,68,95,84,78,93,65,69,78,86,78,86,95,141,119,186,124,138,122,89,192,70,125,108,119,110,79,127,123,82,90,118,132,90,62,107,113,155,111,62,99,,77,111,78,83,77,46,118,49,125,130,95,97,104,148,104,111,85,100,89,97,120,100,82,112,66,74,88,86,84,110,175,121,89,60,80,127,104,114,138,136,102,134,99,84,136,124,
20180815,21,O3_8h_24h,97,84,138,61,57,135,139,127,92,97,83,121,132,134,119,89,48,78,78,60,133,65,53,68,141,101,81,120,113,60,77,54,109,69,60,73,66,103,75,49,38,112,109,77,112,37,76,96,97,70,117,115,94,93,78,97,115,91,100,97,83,103,88,72,143,228,103,117,78,159,91,103,172,128,93,77,124,136,93,21,82,71,60,147,98,121,93,87,128,61,90,114,92,92,32,75,87,95,86,81,86,109,89,78,74,103,89,95,146,113,108,142,260,135,73,88,90,55,76,78,61,70,77,102,122,114,173,130,122,158,116,130,103,128,125,124,88,97,96,75,79,117,115,132,104,180,136,125,105,128,177,136,148,154,163,113,108,162,103,101,81,80,86,95,102,89,85,94,84,72,45,31,67,80,58,53,60,61,108,74,134,147,121,62,84,82,96,65,14,116,99,81,187,127,146,171,134,145,173,86,79,164,117,67,106,164,90,81,84,91,79,97,64,50,,76,86,52,44,35,38,36,38,41,46,55,108,138,131,97,106,57,122,108,148,126,114,115,92,62,53,54,45,48,60,87,91,101,101,86,89,98,109,129,135,124,107,97,138,111,103,114,141,114,116,103,121,119,114,117,82,85,81,101,71,69,92,96,58,72,100,92,98,93,72,85,82,102,83,101,126,162,126,196,146,146,122,101,202,73,126,116,122,125,85,141,130,89,92,121,139,94,65,109,115,159,117,71,101,,77,113,79,84,87,48,118,54,131,141,113,105,105,154,112,111,106,110,99,104,121,100,92,113,66,83,101,90,88,119,180,122,99,63,81,128,104,114,138,136,105,134,99,85,136,124,
20180815,21,CO,0.62,0.56,0.49,0.88,0.33,0.35,0.58,0.50,0.45,0.80,0.53,0.55,0.63,0.56,0.88,0.66,0.55,0.54,0.47,0.43,0.76,0.25,0.25,0.72,0.95,0.40,0.53,0.45,0.55,0.60,0.38,0.65,0.65,0.67,0.49,0.68,0.40,0.60,0.63,0.43,0.45,0.43,0.53,0.50,0.66,0.58,0.53,0.68,0.39,0.49,0.71,0.81,0.86,0.87,0.52,0.55,0.75,0.90,0.93,0.88,0.68,0.87,0.90,0.53,0.87,0.83,0.67,0.80,0.38,1.27,0.70,0.80,0.90,0.60,0.83,0.53,0.62,0.72,0.53,0.57,0.60,0.80,0.33,0.53,0.70,0.60,0.45,0.76,0.52,0.17,0.26,0.70,0.23,0.27,0.37,0.20,0.80,0.70,0.50,0.67,0.80,0.77,0.85,0.55,0.90,1.25,1.40,0.90,1.30,0.80,0.72,0.76,1.17,0.70,0.57,1.95,0.62,0.73,0.62,0.85,0.40,0.30,0.44,0.97,0.80,0.45,1.05,0.97,0.90,0.87,0.77,0.87,1.08,0.95,0.84,0.77,1.27,0.60,0.83,0.90,0.55,0.78,0.86,1.24,0.63,0.60,0.75,0.86,0.53,0.85,1.27,1.20,1.50,0.86,1.00,0.15,0.55,1.05,0.64,0.33,0.50,0.35,0.45,0.40,0.25,0.35,0.40,0.45,0.30,0.85,0.35,0.50,0.60,0.93,0.45,0.45,0.30,0.50,1.20,0.70,0.70,1.10,1.60,0.50,0.45,0.50,0.50,0.80,0.40,0.47,0.73,0.80,0.76,1.08,0.55,0.84,0.70,1.25,0.80,0.33,0.40,0.50,0.25,0.35,0.25,0.65,0.70,0.68,0.33,0.50,0.65,1.00,0.85,0.55,,0.20,0.50,0.30,0.93,0.35,0.30,0.53,0.30,0.65,0.40,0.40,0.52,0.65,0.67,0.93,0.37,0.60,0.50,0.83,0.40,0.70,0.75,0.60,0.47,0.55,0.83,0.70,0.80,1.00,1.13,0.75,0.50,0.40,1.50,0.27,0.60,0.95,0.65,1.00,0.77,0.73,0.95,0.50,0.72,0.77,0.43,1.04,0.73,0.85,0.87,0.70,0.55,0.95,0.63,0.70,1.10,0.68,0.67,1.13,1.57,0.65,1.30,1.70,0.95,0.85,0.70,0.80,0.67,0.80,1.00,0.85,0.60,0.85,0.70,0.77,0.63,0.72,0.93,0.80,0.95,1.43,0.50,0.83,0.60,0.50,0.35,0.85,0.53,0.63,0.50,0.90,1.00,0.85,0.70,0.40,0.50,1.45,0.95,0.90,0.80,0.67,0.80,0.80,0.70,,1.15,0.75,0.60,0.45,0.55,0.50,0.25,0.35,0.70,1.03,1.00,0.80,0.65,0.60,0.30,0.40,0.45,0.55,1.10,0.40,0.80,0.65,0.80,1.30,1.00,1.30,0.30,0.40,0.60,0.60,0.60,0.65,1.05,0.90,0.95,0.30,0.30,0.55,1.00,0.40,0.20,0.57,0.60,1.00,0.50,0.30,
20180815,21,CO_24h,0.56,0.85,0.54,1.23,0.23,0.50,0.57,0.40,0.47,0.88,0.53,0.70,0.70,0.71,0.87,0.76,0.54,0.66,0.50,0.44,0.47,0.26,0.27,0.50,0.97,0.63,0.53,0.50,0.78,0.63,0.32,0.60,0.60,0.63,0.55,0.60,0.43,0.57,0.70,0.37,0.45,0.40,0.43,0.43,0.62,0.60,0.50,0.76,0.51,0.41,0.75,0.86,0.76,0.75,0.55,0.58,0.66,0.70,0.80,0.75,0.66,0.73,0.87,0.60,0.87,0.93,0.59,0.78,0.35,1.23,0.70,0.83,0.98,0.65,0.72,0.55,0.66,0.78,1.65,0.53,0.70,0.88,0.33,0.55,0.83,0.75,0.60,1.00,0.52,0.18,0.26,0.65,0.27,0.27,0.33,0.35,0.72,0.68,0.62,0.67,0.75,0.73,0.75,0.55,0.85,0.90,1.03,0.75,1.73,0.83,1.15,1.34,1.27,0.85,0.40,1.50,0.55,0.75,0.76,0.70,0.35,0.30,0.52,0.80,0.57,0.63,1.12,1.00,0.87,1.20,0.83,0.77,0.96,0.95,1.02,0.75,1.17,0.60,0.93,0.97,0.50,0.65,0.84,1.14,0.53,0.63,0.80,0.74,0.47,1.10,1.17,1.43,1.20,0.81,0.87,0.10,0.65,0.75,0.70,0.33,0.50,0.50,0.40,0.45,0.30,0.40,0.35,0.50,0.30,0.85,0.30,0.40,0.40,0.63,0.50,0.45,0.40,0.50,1.10,0.80,0.65,0.90,0.90,0.40,0.40,0.60,0.45,0.85,0.30,0.47,0.75,0.70,1.16,1.06,0.68,0.94,0.60,0.90,0.90,0.33,0.30,0.50,0.30,0.30,0.25,0.60,0.52,0.82,0.50,0.60,0.65,0.90,0.90,0.55,,0.25,0.50,0.47,0.57,0.30,0.35,0.47,0.40,0.45,0.40,0.30,0.57,0.55,0.70,0.87,0.47,0.57,0.50,0.67,0.40,0.60,0.80,0.60,0.37,0.58,0.73,0.63,0.67,0.60,0.73,0.68,0.50,0.42,1.60,0.43,0.53,1.00,0.65,1.10,0.93,0.85,1.03,0.53,0.78,0.77,0.50,0.86,0.67,0.88,0.90,0.78,0.55,0.85,0.77,0.83,1.05,0.74,0.60,1.15,1.70,0.63,1.35,1.77,0.65,0.78,0.90,0.80,0.60,0.90,1.10,0.90,0.70,0.85,0.70,0.60,0.60,0.78,0.93,0.65,0.93,0.68,0.40,0.70,0.75,0.40,0.35,0.95,0.53,0.60,0.45,0.85,0.85,0.85,0.60,0.40,0.50,1.15,0.85,0.90,0.80,0.80,0.95,0.60,0.70,,0.95,0.55,0.55,0.40,0.45,0.40,0.30,0.25,0.67,1.10,0.75,0.70,0.75,0.50,0.40,0.25,0.40,0.45,0.70,0.40,0.60,0.70,0.70,1.40,0.80,1.10,0.30,0.30,0.40,0.60,0.50,0.75,0.95,0.70,0.85,0.70,0.40,0.70,1.10,0.45,0.30,0.80,0.70,0.90,0.50,0.50,
20180815,22,AQI,43,24,39,33,26,40,40,53,35,37,30,27,37,53,47,25,19,36,29,39,40,36,45,26,40,35,38,37,34,34,31,43,37,39,30,37,40,25,33,31,22,30,44,22,38,21,25,44,19,32,51,40,18,38,18,18,36,17,30,41,21,47,37,23,51,61,39,67,48,66,52,49,67,55,22,21,41,43,32,16,43,48,20,39,22,27,33,13,49,10,9,28,16,40,27,32,31,23,27,23,24,32,19,27,21,36,47,45,51,30,60,43,64,36,29,49,28,28,21,25,26,26,19,51,62,45,53,44,54,48,51,59,57,46,52,54,52,27,20,51,28,54,51,51,51,51,59,64,31,42,70,40,81,57,85,52,23,86,43,80,11,14,26,20,23,22,10,23,56,12,33,34,23,52,34,30,40,23,50,39,26,33,31,41,30,29,38,27,15,42,46,46,57,79,43,61,50,84,72,45,40,65,28,37,24,63,25,38,30,36,32,24,43,33,34,33,25,19,37,26,28,22,40,47,31,19,36,52,39,52,29,34,51,49,50,40,45,42,34,20,15,16,28,21,44,37,37,53,28,35,43,41,50,42,42,31,52,46,51,40,36,36,46,45,51,52,36,50,23,37,63,31,30,51,22,48,53,34,37,38,21,23,26,30,29,37,30,23,27,41,34,52,84,58,79,119,33,39,55,28,43,39,37,30,40,57,45,25,34,29,51,60,44,45,63,56,56,38,58,28,82,47,50,44,45,65,38,21,54,52,38,58,81,78,28,27,63,34,72,54,65,64,47,66,29,36,55,27,65,35,69,148,67,80,36,33,31,141,156,123,111,50,36,13,52,47,
20180815,22,PM2.5,17,7,20,17,9,15,22,18,14,21,19,15,18,25,15,12,8,10,12,23,23,12,21,14,20,15,20,21,15,20,21,16,26,20,13,18,28,17,18,11,13,15,18,11,22,8,11,13,6,11,20,22,12,23,12,10,23,12,20,25,13,32,26,7,32,43,20,41,13,42,26,31,39,13,8,8,16,10,16,7,30,15,11,24,8,10,23,9,16,5,6,14,8,12,18,13,18,14,9,9,17,6,10,9,12,18,19,28,28,7,19,24,44,19,11,26,16,10,10,15,11,15,11,31,30,17,26,17,19,28,31,42,36,29,32,27,26,18,10,24,12,23,33,30,19,29,26,46,13,20,48,28,39,38,54,7,9,48,10,25,8,9,7,14,10,4,7,11,4,5,21,17,,14,17,15,20,13,35,25,13,23,22,29,17,15,17,16,9,23,17,32,28,34,27,41,27,41,46,20,28,43,19,17,9,45,13,18,15,15,18,17,14,10,12,16,4,13,20,12,16,13,9,14,22,13,19,33,27,28,14,12,24,25,35,26,21,26,18,11,9,11,11,9,23,17,17,19,15,16,17,17,22,22,25,12,22,22,27,13,21,19,31,22,31,19,25,27,16,19,31,12,18,16,10,24,23,19,20,19,15,15,18,17,20,24,18,16,15,18,21,33,62,35,57,90,23,24,23,18,30,27,26,21,13,37,13,17,19,12,15,37,17,20,45,40,40,17,26,12,28,23,22,17,18,37,10,11,32,23,24,38,23,57,11,16,36,14,25,20,47,46,33,45,12,25,39,19,14,21,28,38,20,32,13,18,18,73,29,50,45,19,6,6,18,16,
20180815,22,PM2.5_24h,14,10,17,16,8,17,16,13,12,16,15,22,14,22,10,13,12,11,11,13,15,11,15,20,22,21,15,21,20,17,19,14,20,15,11,12,12,14,12,9,9,15,14,8,18,5,14,10,12,11,23,24,20,17,14,11,18,16,20,19,16,22,24,8,35,55,32,46,11,48,23,31,37,22,20,18,17,19,25,7,12,12,13,37,10,14,9,13,20,7,8,15,11,13,13,11,19,13,16,12,16,10,14,14,16,15,16,28,33,13,17,33,55,29,13,16,9,7,9,13,12,15,14,16,14,21,33,19,19,41,31,32,27,27,27,26,23,22,17,28,11,35,35,36,30,38,38,45,16,40,45,36,27,46,46,18,10,36,12,28,11,9,13,21,13,12,10,14,9,7,17,11,7,12,11,13,13,12,38,20,10,18,14,16,17,14,16,11,8,24,20,26,48,22,31,36,20,43,40,20,16,36,14,16,10,43,10,19,11,14,14,10,7,10,12,14,5,17,14,12,16,11,14,12,23,10,22,27,28,22,15,9,21,25,31,27,21,19,17,8,12,10,14,6,13,20,26,16,26,20,25,20,14,20,27,16,23,29,28,22,22,28,32,28,23,30,24,23,20,21,24,18,22,17,19,27,20,18,18,27,22,19,25,24,29,18,22,22,17,18,41,24,40,26,48,29,21,24,28,11,25,28,25,25,15,25,15,22,27,14,22,18,8,21,43,34,37,10,18,10,12,24,15,12,9,16,10,7,29,31,25,34,24,40,35,16,31,10,20,27,28,35,19,48,28,19,23,14,8,32,25,32,23,20,10,23,15,73,61,64,32,27,6,6,24,16,
20180815,22,PM10,43,24,39,33,22,40,40,56,35,37,30,27,37,55,47,25,19,36,29,39,40,36,45,26,40,35,38,37,34,34,31,43,28,39,30,37,33,25,33,31,22,30,44,22,38,21,25,44,19,32,52,40,11,38,18,16,36,16,30,41,21,47,34,10,51,71,39,83,48,82,53,49,84,59,22,21,41,43,32,16,17,48,20,39,22,26,22,10,49,10,9,28,16,40,27,32,31,23,16,18,24,32,15,8,21,36,47,45,52,27,70,43,77,36,29,49,27,28,20,25,26,26,19,51,73,45,56,44,58,48,51,65,64,46,53,57,53,27,16,52,28,57,52,52,51,52,68,69,31,42,89,39,112,63,119,53,21,121,43,109,9,14,26,16,23,22,10,23,61,9,33,34,18,54,34,30,40,23,,39,26,26,30,34,30,29,38,27,15,42,46,39,64,107,43,72,50,117,93,45,35,80,27,37,19,69,25,38,30,36,32,21,43,33,34,33,25,15,37,26,28,22,40,47,24,18,29,53,34,54,21,34,52,49,,40,45,42,34,20,15,12,28,21,44,37,37,55,28,35,43,41,50,42,42,23,53,46,51,40,36,36,46,45,52,54,34,50,21,37,75,31,30,52,22,48,55,34,37,38,,23,23,,26,37,30,23,27,41,34,54,87,65,107,123,26,39,59,28,33,35,36,30,40,64,45,25,34,29,51,70,44,45,45,60,57,38,66,28,113,47,50,44,45,79,20,21,58,53,38,65,112,66,28,24,75,34,93,57,62,60,40,82,29,34,39,,80,35,88,246,83,109,36,33,26,231,262,195,172,50,36,6,53,47,
20180815,22,PM10_24h,28,24,34,28,19,37,30,36,38,33,27,28,31,71,33,23,29,27,35,30,35,33,37,30,41,44,36,39,40,36,37,35,38,33,26,28,26,28,26,22,21,26,29,23,41,17,24,28,24,37,49,39,40,27,23,18,28,23,34,30,27,36,43,15,58,90,56,77,38,92,53,75,76,77,37,32,46,53,33,16,25,24,25,45,25,28,17,24,47,20,22,29,23,32,26,194,30,24,23,20,29,25,27,18,25,28,34,35,67,29,51,61,84,59,26,34,18,20,21,24,30,26,26,34,35,54,54,39,43,63,53,55,52,50,46,40,43,34,29,45,25,65,54,61,51,58,69,72,30,63,95,61,64,83,93,116,18,67,40,122,23,20,29,26,26,28,20,32,23,28,31,25,20,34,29,28,34,22,47,38,29,33,25,24,35,33,35,26,17,41,47,40,90,81,45,55,41,68,77,49,23,75,22,27,19,95,21,40,24,27,21,15,19,22,31,28,16,36,25,21,25,25,52,33,41,17,41,46,44,40,36,21,43,54,32,60,41,36,34,14,26,21,30,20,31,47,52,35,49,41,49,46,34,39,44,31,52,49,54,40,38,52,45,55,42,61,34,47,39,35,48,39,35,46,43,51,56,33,30,44,39,34,39,38,51,34,43,41,30,41,70,43,66,54,88,52,31,40,71,18,33,40,46,34,51,39,34,32,44,35,47,42,23,34,52,62,63,28,44,26,50,40,44,28,31,33,19,12,54,87,44,65,78,59,126,29,46,18,43,59,41,51,26,90,71,35,30,22,32,115,80,95,58,65,21,79,36,214,371,256,154,50,25,7,54,57,
20180815,22,SO2,2,6,6,24,12,7,4,10,3,5,10,10,11,4,10,8,6,3,8,6,9,5,14,6,16,6,13,15,7,5,4,6,4,7,6,6,7,9,3,4,4,7,6,4,4,5,6,5,5,5,5,5,5,9,6,5,6,7,5,8,6,11,8,4,7,7,5,26,6,9,4,9,7,9,7,9,19,8,3,6,12,30,7,7,7,6,2,12,13,5,8,9,4,4,8,4,9,7,5,6,6,8,6,6,7,11,9,14,7,7,13,6,14,8,6,12,10,8,7,12,5,3,6,6,11,8,14,8,6,8,12,5,7,8,7,7,4,6,7,21,4,7,10,77,12,8,11,13,5,14,7,10,10,3,5,2,5,9,6,6,11,10,6,5,9,4,6,5,6,7,14,5,7,15,13,17,6,13,2,22,10,7,12,16,5,7,7,6,4,6,8,4,12,17,4,11,10,15,16,6,2,8,16,2,8,9,7,14,5,23,3,5,4,8,2,4,4,2,6,2,4,4,10,6,7,4,9,12,12,20,6,10,12,6,13,6,15,10,7,6,8,8,7,4,6,12,8,8,9,18,12,6,17,15,10,7,26,9,8,4,10,10,8,8,5,10,8,4,3,4,8,10,7,3,6,6,4,8,2,9,8,11,9,9,14,5,7,16,4,30,11,8,5,8,4,13,21,4,8,7,12,8,12,12,1,8,7,6,8,4,12,8,6,11,9,16,5,8,9,7,17,15,7,4,3,3,4,4,6,10,10,3,9,9,4,3,4,7,9,3,5,16,11,8,25,14,9,7,10,17,36,9,5,7,6,8,13,7,5,11,8,10,4,7,9,9,
20180815,22,SO2_24h,2,5,7,22,9,7,5,10,3,5,10,7,12,7,9,8,6,3,6,7,7,4,13,5,16,8,11,13,7,5,6,5,6,7,6,6,7,8,3,3,5,8,5,4,5,5,7,4,9,6,6,5,8,7,6,3,6,6,5,5,6,9,10,4,8,9,5,31,7,10,6,9,9,12,10,12,15,9,7,6,14,52,7,9,5,7,5,9,19,5,9,7,5,5,6,4,9,7,7,11,7,8,7,7,7,12,7,10,10,6,14,9,23,14,6,11,10,9,6,11,5,3,6,6,8,10,12,10,7,10,13,6,7,8,10,9,4,8,7,19,4,7,9,36,16,9,21,9,6,20,12,11,13,4,5,4,15,15,6,6,13,9,8,5,8,3,5,5,7,8,13,5,5,9,11,13,6,12,2,15,7,7,12,13,5,7,6,6,3,7,7,7,13,17,6,9,23,13,27,6,2,12,15,3,10,9,7,16,5,10,3,6,5,7,3,4,4,2,6,2,4,4,9,8,9,4,14,13,12,14,6,9,11,11,17,6,14,8,7,7,9,8,6,3,6,16,15,16,15,26,13,20,16,16,13,9,10,9,5,4,12,11,11,9,5,10,8,4,4,5,7,17,9,3,7,5,14,8,3,9,8,12,10,13,11,6,8,11,5,28,11,12,6,11,10,8,18,4,12,7,10,9,17,12,1,9,8,14,26,5,13,14,6,9,12,36,23,7,6,15,16,10,7,4,2,3,4,4,7,9,9,8,11,9,4,3,4,7,8,4,8,15,10,8,17,12,7,7,10,17,9,9,5,7,6,10,13,7,6,9,7,12,4,7,12,9,
20180815,22,NO2,37,17,26,33,13,27,23,25,26,26,21,20,27,19,28,23,13,19,23,20,38,31,13,24,34,16,23,37,19,11,18,15,18,19,18,23,6,37,27,21,3,19,34,20,22,26,26,22,12,21,28,18,16,54,20,21,47,17,23,43,15,49,38,9,38,53,31,57,19,62,39,36,50,39,19,17,54,46,13,5,9,22,31,31,15,17,7,11,18,9,16,18,4,29,26,6,15,12,7,7,31,8,11,8,24,17,28,28,23,16,30,5,22,18,21,36,11,20,17,19,13,10,12,28,33,12,24,17,15,13,21,13,29,12,6,10,32,14,12,24,6,65,45,46,60,15,32,47,16,22,60,23,57,32,58,3,28,70,26,14,5,11,23,9,21,11,10,12,14,6,27,11,14,36,20,30,19,23,28,43,21,25,32,7,21,17,15,11,10,14,24,45,15,48,13,6,21,82,27,7,7,16,16,11,3,9,12,25,27,14,14,26,27,11,6,7,16,5,13,15,14,18,15,15,11,9,15,17,25,49,11,12,21,11,47,18,13,21,18,10,20,16,28,16,7,13,16,18,14,12,20,8,17,15,19,10,27,18,18,12,15,23,16,16,17,13,2,4,15,11,32,14,11,14,18,19,12,19,12,14,12,12,17,11,22,9,15,24,11,23,30,28,31,25,62,51,18,21,14,8,17,14,15,15,24,21,36,13,5,6,25,27,23,18,25,16,29,20,45,21,18,21,16,11,4,5,6,8,12,53,19,19,5,13,15,15,40,31,46,11,10,17,24,29,4,4,20,11,24,10,19,6,58,25,51,41,13,45,44,25,51,48,8,,43,23,
20180815,22,NO2_24h,26,16,16,32,13,17,18,14,21,27,19,16,17,30,29,22,7,21,19,18,22,24,10,14,25,17,20,28,19,10,10,10,17,14,17,19,8,16,14,9,4,15,17,12,21,18,27,18,14,12,25,20,20,32,19,11,27,13,22,25,12,28,30,12,39,48,17,46,16,51,29,26,32,39,26,23,32,28,26,11,15,18,22,20,9,16,7,11,18,6,12,16,8,15,12,10,16,10,11,8,18,8,12,12,22,13,18,21,26,15,19,16,22,26,16,27,11,14,14,19,8,12,16,14,14,13,21,20,11,21,16,13,26,14,9,10,27,12,14,19,7,27,23,30,31,15,25,36,19,25,34,25,28,28,31,4,26,26,16,12,8,12,13,9,14,8,9,10,10,6,18,7,13,21,16,19,13,20,16,24,11,21,17,6,18,15,14,8,10,11,15,29,19,35,23,8,30,34,23,7,11,20,13,6,8,8,11,20,15,11,14,16,17,11,8,5,13,14,9,10,9,11,25,8,17,7,26,18,22,19,12,11,21,15,32,24,12,17,16,13,15,10,22,12,4,11,16,11,18,9,14,10,9,20,24,11,17,13,14,12,12,26,17,19,16,12,2,11,13,9,15,18,11,17,17,14,14,15,9,18,14,15,14,14,18,9,17,14,9,27,33,22,27,36,35,28,13,19,23,5,14,12,22,10,14,14,20,17,11,9,16,13,18,11,24,18,25,12,26,8,13,15,14,8,3,4,7,6,15,43,13,20,8,18,11,5,31,15,13,25,11,8,14,26,6,7,13,10,12,9,19,6,24,27,29,43,12,23,13,26,15,30,5,,27,28,
20180815,22,O3,51,60,81,55,82,77,92,77,57,63,56,63,80,115,75,58,26,45,29,72,32,25,64,59,82,38,32,30,36,38,38,47,88,36,37,30,30,28,19,25,41,50,62,32,69,17,62,93,50,68,97,90,59,33,52,57,40,45,51,40,61,53,35,75,86,95,41,42,53,57,52,74,82,93,56,56,54,67,92,16,79,59,21,62,54,85,49,34,85,31,25,72,51,44,23,49,67,69,87,73,45,72,62,85,48,65,44,88,101,96,60,129,128,111,52,51,89,41,67,55,35,27,40,109,101,74,104,93,106,123,94,127,87,101,100,115,26,58,65,34,64,34,51,79,29,109,91,52,77,97,79,67,32,67,66,105,73,66,81,81,36,33,37,64,41,31,33,32,42,39,26,27,74,23,36,31,26,53,30,14,43,41,49,78,45,46,40,30,10,87,83,29,146,42,121,165,110,43,117,61,36,124,88,41,76,137,75,49,48,78,54,44,19,39,49,51,21,33,12,6,2,10,27,12,24,14,115,100,108,47,92,53,55,93,95,107,86,70,92,62,16,14,10,16,43,34,59,53,34,41,46,56,71,109,115,99,85,83,92,89,94,49,105,89,72,77,103,100,63,87,35,55,56,88,30,40,65,43,5,56,67,62,48,95,40,46,56,39,47,42,42,74,60,117,44,111,72,57,133,31,116,73,107,80,17,91,56,80,82,80,86,43,30,61,79,116,71,19,47,22,41,77,44,62,64,34,121,31,96,78,40,46,109,154,88,87,17,77,45,102,,77,61,90,63,50,65,68,43,96,121,109,15,47,42,91,100,77,87,115,48,86,86,40,93,94,
20180815,22,O3_24h,109,92,149,71,83,150,159,159,98,113,107,136,146,148,125,108,53,90,93,73,175,94,63,90,155,127,102,149,153,74,89,63,130,82,72,101,93,123,88,60,45,129,124,90,127,48,95,116,113,123,136,120,133,112,87,105,148,105,112,111,94,119,99,85,173,289,122,137,88,202,106,114,195,137,150,129,133,145,108,23,96,87,90,171,115,135,116,111,142,86,110,130,104,117,38,92,96,105,89,91,101,111,95,85,82,118,103,111,169,124,116,152,280,145,79,101,100,64,92,86,68,80,93,122,146,128,192,142,136,171,123,158,112,142,146,127,99,117,128,91,90,121,127,147,122,203,147,156,109,143,216,161,173,175,174,114,109,174,119,106,88,102,132,142,134,132,110,114,107,86,52,35,88,113,72,57,72,69,127,104,187,188,167,81,99,96,112,78,16,123,106,100,207,144,166,194,144,166,186,90,90,174,121,67,114,178,96,94,105,105,90,103,70,59,110,82,100,79,46,40,49,44,60,43,58,58,127,174,147,119,122,66,170,119,170,138,122,132,107,81,64,72,65,67,67,97,105,115,149,96,99,114,120,143,154,137,110,103,143,128,110,131,172,125,135,109,129,133,130,122,85,121,101,117,91,87,97,119,64,77,122,108,114,101,78,103,97,136,92,125,159,202,154,231,177,167,135,115,225,89,136,144,128,126,100,151,135,97,103,140,144,107,78,129,126,179,124,89,126,80,105,123,88,91,89,54,131,59,142,151,133,134,109,172,121,115,130,117,110,113,128,117,99,121,71,87,104,92,95,121,206,132,116,69,87,135,117,117,142,143,113,144,109,90,156,131,
20180815,22,O3_8h,85,76,120,59,58,123,120,120,80,82,67,102,120,125,106,82,31,66,53,58,106,48,56,63,121,71,58,84,83,51,62,49,110,56,50,60,58,74,56,40,39,92,92,62,101,28,71,99,81,70,109,107,59,77,68,76,98,82,83,79,77,95,63,68,138,178,85,93,73,124,86,95,141,125,60,43,107,116,95,17,84,71,41,108,81,113,60,61,114,46,43,108,79,79,28,48,75,81,82,80,67,75,73,77,59,84,74,97,135,111,91,139,231,131,64,80,91,53,76,73,51,55,60,99,122,103,153,125,123,146,109,112,95,122,110,122,66,65,81,55,79,94,102,119,73,164,128,86,82,117,138,109,113,125,144,104,80,143,101,96,47,58,70,90,69,56,39,64,55,39,41,26,67,56,47,45,49,55,87,58,115,114,112,64,75,65,66,52,8,110,98,69,173,105,136,166,123,124,159,75,63,154,106,59,95,158,85,73,77,89,75,80,47,43,70,68,50,29,27,24,20,28,34,30,33,39,105,124,127,90,94,57,101,102,135,121,108,99,93,61,34,32,28,44,56,62,77,82,75,69,76,78,103,127,130,121,101,95,123,110,96,79,136,105,86,96,116,106,95,108,65,62,66,85,50,56,80,58,37,66,90,79,71,92,59,63,76,74,73,78,83,125,108,174,111,132,115,82,182,65,123,99,117,106,69,119,114,81,87,112,124,84,58,102,108,148,106,60,93,63,74,106,74,80,75,45,120,46,120,122,83,86,105,147,100,108,71,95,81,96,118,101,78,109,66,69,80,83,79,108,167,120,77,59,76,124,106,110,131,133,94,130,99,78,134,121,
20180815,22,O3_8h_24h,97,84,138,61,59,135,139,127,92,97,83,121,132,134,119,89,48,78,78,60,133,65,57,68,140,101,81,120,113,60,75,54,110,69,60,73,66,103,75,49,39,112,109,77,112,37,76,99,99,74,117,115,94,93,78,97,115,93,100,93,83,103,88,73,142,223,103,117,78,159,91,103,172,128,93,77,124,136,95,22,84,72,60,147,98,121,93,88,128,61,90,114,92,92,32,82,87,95,86,81,86,109,89,78,74,103,89,97,146,113,108,142,252,135,73,88,92,56,77,78,61,70,77,102,123,114,174,130,123,158,116,130,103,128,125,124,88,94,96,75,79,117,115,132,104,180,136,125,105,128,177,136,148,154,163,113,108,162,104,101,81,80,86,97,102,89,85,94,84,72,45,31,68,80,58,53,60,61,108,74,134,147,121,64,84,82,96,65,14,116,100,81,187,127,146,171,134,150,173,86,79,164,117,66,106,164,90,81,87,91,79,97,58,50,85,76,86,52,44,35,38,36,38,41,50,55,108,136,131,99,106,57,122,108,148,126,114,115,93,63,53,54,45,48,60,87,91,101,101,86,89,98,109,131,134,124,105,97,138,111,103,114,141,114,116,103,121,119,114,117,82,90,82,101,71,69,92,96,58,72,96,92,98,93,72,85,83,102,83,101,126,162,126,196,146,146,122,101,202,73,126,116,122,125,85,141,130,89,92,118,138,94,65,109,115,159,117,74,101,71,77,113,79,84,87,48,120,54,131,141,113,105,105,155,112,111,106,110,99,104,121,102,92,113,66,83,101,90,88,119,180,122,99,63,81,128,106,114,138,136,105,134,99,85,135,124,
20180815,22,CO,0.61,0.56,0.53,1.05,0.30,0.40,0.50,0.50,0.42,0.77,0.33,0.55,0.65,0.60,0.83,0.63,0.53,0.52,0.46,0.44,0.67,0.30,0.33,0.68,1.00,0.40,0.54,0.47,0.55,0.63,0.35,0.63,0.70,0.68,0.53,0.65,0.33,0.57,0.67,0.47,0.57,0.43,0.53,0.50,0.64,0.62,0.53,0.71,0.41,0.49,0.71,0.80,0.62,0.88,0.53,0.55,0.74,0.77,0.87,0.88,0.70,0.87,0.84,0.50,0.83,0.89,0.68,0.86,0.38,1.29,0.77,0.87,0.90,0.70,0.57,0.35,0.66,0.70,0.53,0.47,0.57,0.85,0.33,0.50,0.70,0.60,0.57,0.75,0.46,0.20,0.24,0.60,0.27,0.27,0.37,0.20,0.78,0.70,0.50,0.63,0.80,0.77,0.80,0.60,1.00,1.05,1.27,0.95,1.00,0.80,0.65,0.80,1.10,0.73,0.50,1.87,0.57,0.75,0.68,0.70,0.40,0.26,0.42,1.17,0.85,0.45,1.14,0.90,0.83,1.00,0.80,0.87,1.00,0.85,0.82,0.75,1.23,0.63,0.87,1.00,0.45,0.90,0.98,1.46,0.70,0.75,0.75,0.84,0.57,0.90,1.30,1.27,1.50,0.84,0.93,0.15,0.50,1.05,0.72,0.40,0.40,0.40,0.50,0.20,0.25,0.35,0.35,0.45,0.30,0.85,0.30,0.50,0.60,0.87,0.45,0.60,0.30,0.50,1.20,1.27,0.70,1.00,1.05,0.50,0.45,0.60,0.50,0.80,0.25,0.47,0.73,0.70,0.74,1.14,0.57,1.00,0.70,1.20,0.83,0.27,0.30,0.50,0.25,0.33,0.20,0.65,0.50,0.63,0.38,0.53,0.60,1.20,0.90,0.50,0.40,0.25,0.53,0.33,0.90,0.33,0.35,0.45,0.40,0.65,0.60,0.30,0.55,0.60,0.70,0.92,0.43,0.63,0.50,0.60,0.40,0.67,0.85,0.60,0.50,0.57,0.73,0.77,0.87,1.20,1.02,0.70,0.57,0.42,1.50,0.23,0.60,0.93,0.65,0.80,0.65,0.75,1.05,0.47,0.68,0.77,0.67,0.76,0.73,0.85,0.87,0.68,0.65,0.95,0.67,0.73,1.15,0.57,0.67,1.10,1.60,0.63,1.23,1.55,0.95,0.82,0.75,0.77,0.80,0.75,1.05,0.85,0.65,1.15,0.75,0.80,0.53,0.73,0.93,0.80,1.02,1.18,0.53,0.80,0.57,0.45,0.40,0.80,0.53,0.63,0.50,0.90,1.15,0.85,0.70,0.45,0.60,1.45,0.95,1.00,0.75,0.67,0.75,0.80,0.85,0.90,1.10,0.55,0.65,0.50,0.50,0.40,0.25,0.35,0.77,0.93,0.85,0.75,0.60,0.55,0.30,0.40,0.45,0.60,1.30,0.30,0.70,0.80,0.80,1.50,0.90,1.20,0.40,0.30,0.60,0.60,0.67,0.65,1.15,0.90,1.35,0.40,0.40,0.85,1.20,0.55,0.45,0.90,0.70,1.00,0.60,0.40,
20180815,22,CO_24h,0.55,0.84,0.54,1.20,0.24,0.50,0.55,0.38,0.45,0.88,0.53,0.70,0.70,0.69,0.88,0.74,0.54,0.64,0.50,0.43,0.48,0.24,0.30,0.53,0.94,0.60,0.53,0.50,0.72,0.63,0.30,0.60,0.60,0.64,0.55,0.60,0.43,0.57,0.67,0.37,0.57,0.40,0.43,0.47,0.61,0.60,0.53,0.76,0.51,0.42,0.75,0.86,0.76,0.76,0.55,0.58,0.66,0.73,0.80,0.74,0.66,0.73,0.89,0.60,0.85,0.96,0.59,0.80,0.35,1.22,0.67,0.83,1.00,0.68,0.72,0.53,0.66,0.78,1.60,0.55,0.70,0.90,0.33,0.55,0.83,0.75,0.63,0.92,0.52,0.18,0.26,0.65,0.27,0.30,0.33,0.37,0.72,0.68,0.62,0.67,0.75,0.77,0.75,0.55,0.85,0.95,1.05,0.75,1.67,0.83,1.13,1.34,1.18,0.83,0.40,1.57,0.55,0.75,0.74,0.70,0.35,0.30,0.52,0.83,0.60,0.62,1.13,1.00,0.87,1.20,0.80,0.77,0.96,0.95,1.00,0.75,1.17,0.63,0.93,0.97,0.50,0.63,0.84,1.16,0.53,0.63,0.80,0.74,0.47,1.10,1.20,1.40,1.20,0.81,0.87,0.10,0.65,0.80,0.72,0.33,0.50,0.50,0.40,0.40,0.30,0.40,0.35,0.50,0.30,0.85,0.30,0.40,0.40,0.63,0.50,0.50,0.40,0.50,1.10,0.80,0.65,0.90,0.90,0.40,0.40,0.60,0.50,0.85,0.30,0.47,0.75,0.70,1.18,1.06,0.68,0.92,0.60,1.00,0.90,0.33,0.30,0.50,0.30,0.27,0.25,0.60,0.52,0.82,0.47,0.60,0.65,0.90,0.90,0.55,0.40,0.25,0.50,0.47,0.57,0.30,0.35,0.45,0.40,0.45,0.50,0.30,0.57,0.60,0.70,0.73,0.47,0.57,0.50,0.67,0.40,0.60,0.80,0.60,0.40,0.58,0.73,0.67,0.67,0.70,0.75,0.68,0.50,0.45,1.60,0.43,0.53,0.97,0.65,0.97,0.90,0.82,1.10,0.53,0.78,0.77,0.50,0.86,0.70,0.88,0.90,0.75,0.55,0.85,0.77,0.80,1.05,0.67,0.60,1.15,1.73,0.63,1.35,1.73,0.65,0.75,0.97,0.80,0.63,0.90,1.05,0.90,0.70,0.85,0.70,0.60,0.60,0.78,0.93,0.65,0.93,0.68,0.40,0.70,0.75,0.40,0.35,0.93,0.53,0.60,0.45,0.85,0.80,0.85,0.60,0.45,0.50,1.20,0.85,0.90,0.80,0.80,0.95,0.60,0.70,0.70,0.95,0.55,0.55,0.40,0.45,0.35,0.30,0.25,0.67,1.07,0.75,0.70,0.75,0.50,0.40,0.30,0.40,0.45,0.75,0.40,0.60,0.70,0.70,1.40,0.80,1.10,0.30,0.30,0.40,0.60,0.50,0.70,0.95,0.70,0.85,0.70,0.40,0.70,1.10,0.45,0.30,0.83,0.70,0.90,0.55,0.50,
20180815,23,AQI,36,24,41,36,25,40,37,65,34,36,26,33,35,51,48,26,17,31,23,33,39,36,49,26,44,38,37,38,33,39,29,39,31,32,29,37,29,23,34,34,23,31,41,24,30,23,22,43,17,34,52,37,19,42,18,17,35,19,30,40,23,37,34,22,50,64,44,67,38,65,51,52,70,60,19,15,54,50,26,15,43,41,19,40,20,28,26,16,38,18,9,21,13,33,22,14,25,23,30,24,42,24,18,23,24,27,24,40,51,29,55,42,57,42,29,48,26,28,24,31,24,27,22,58,49,47,50,34,47,46,50,65,53,47,46,50,51,26,20,42,26,58,56,63,44,60,63,61,27,40,82,40,79,53,87,38,33,79,51,87,12,18,30,18,23,27,26,36,31,20,29,36,17,36,37,34,36,27,65,49,21,34,23,43,31,30,38,41,43,43,50,47,67,85,37,60,47,68,68,42,32,56,28,35,26,85,29,34,39,40,34,29,27,36,26,30,19,14,24,22,33,24,28,48,24,24,42,46,39,53,30,32,41,51,46,43,50,49,38,18,20,16,28,29,46,37,39,43,21,26,45,39,55,35,38,28,62,49,47,29,32,32,43,49,49,48,33,50,36,27,59,18,26,50,18,46,37,34,40,31,23,24,34,31,35,31,46,33,39,51,38,47,86,64,82,105,33,42,47,28,49,31,45,28,46,58,35,26,28,38,50,53,34,40,61,55,55,45,63,41,61,52,53,23,34,54,31,21,47,53,37,62,77,78,35,30,51,37,60,52,56,53,40,73,30,39,53,21,70,32,89,194,68,,51,53,21,146,139,135,115,71,53,20,60,49,
20180815,23,PM2.5,15,10,20,19,8,16,20,22,13,19,16,19,17,23,15,12,8,11,10,23,18,14,23,14,20,16,23,22,17,26,19,18,22,20,13,20,17,16,19,12,13,16,18,10,21,8,11,19,7,13,21,24,11,24,11,11,23,13,21,28,13,26,24,7,32,46,25,42,13,41,21,30,41,19,6,8,23,10,13,6,30,13,11,23,6,8,18,10,14,5,6,12,8,11,15,9,17,13,8,8,15,6,11,8,15,19,16,28,30,12,20,23,38,17,10,27,15,11,10,21,15,15,10,34,20,17,26,17,16,22,29,47,29,29,28,22,28,18,11,25,12,28,38,38,19,43,36,44,16,14,56,28,41,37,55,5,10,37,14,28,6,7,15,11,11,5,18,13,7,3,17,15,,16,20,17,19,15,47,26,12,22,15,30,19,15,17,17,12,24,16,28,33,36,23,38,23,49,47,15,22,40,17,21,11,54,14,17,15,15,20,20,9,10,18,15,5,10,17,11,19,12,12,17,17,16,21,32,27,31,13,11,22,28,32,14,16,27,19,12,9,11,15,10,23,16,13,17,9,12,19,15,22,17,21,13,27,32,25,11,21,20,30,22,29,18,23,29,13,18,41,7,18,18,9,22,19,18,20,20,16,17,22,15,21,17,17,18,15,24,20,31,64,46,60,79,23,25,21,17,34,22,28,8,11,40,16,17,18,18,18,30,17,28,44,37,37,18,37,16,24,23,10,10,13,26,11,11,32,30,22,38,22,57,10,12,31,17,25,17,40,37,28,53,18,27,37,15,17,21,37,52,18,,21,23,,74,46,64,57,43,10,12,21,17,
20180815,23,PM2.5_24h,14,10,17,16,8,16,16,13,12,16,15,22,14,22,10,13,12,11,11,14,16,11,15,19,22,21,16,21,20,18,19,14,20,15,11,13,13,15,13,10,9,15,14,8,18,5,14,11,11,11,23,24,19,17,14,11,18,16,20,19,16,22,24,7,34,55,31,46,11,47,22,31,38,22,19,17,17,18,24,7,14,12,13,36,10,14,9,12,20,7,8,15,11,13,14,10,19,13,15,11,16,9,14,13,16,15,16,28,33,13,17,32,54,28,13,17,9,7,9,14,12,15,13,17,15,21,33,19,18,41,30,32,27,28,27,26,24,22,16,28,11,35,34,35,28,38,37,45,15,38,46,36,28,46,47,17,10,36,11,28,12,9,13,21,13,12,10,14,10,7,17,11,7,13,12,13,13,12,39,21,10,18,14,17,17,14,16,12,9,24,20,27,48,22,30,35,19,42,40,19,16,36,14,16,10,43,11,19,12,14,14,11,7,10,12,14,5,17,14,12,16,10,14,11,23,10,21,27,28,22,14,10,21,25,31,26,21,19,18,8,12,10,14,6,13,19,25,16,25,19,24,20,14,20,27,16,23,29,28,21,22,27,32,28,23,29,24,23,20,21,24,18,22,17,19,26,20,18,18,26,22,19,24,23,28,17,21,21,17,18,39,24,41,27,49,30,21,24,28,11,26,27,24,23,14,24,15,21,25,14,22,18,9,22,42,34,37,10,18,10,13,24,15,11,9,15,9,7,29,31,25,35,25,40,33,15,31,10,20,27,28,35,19,48,28,20,23,14,9,31,26,34,22,,10,23,15,71,61,64,34,28,6,6,24,16,
20180815,23,PM10,36,24,41,36,22,40,37,79,34,36,26,33,35,51,48,26,17,31,23,32,39,36,49,26,44,38,37,38,33,39,29,39,,32,29,37,29,23,34,34,23,31,41,24,28,23,22,43,17,34,54,37,19,42,18,17,35,17,29,36,23,36,32,9,50,77,44,84,38,80,52,54,89,69,11,12,58,50,25,15,15,41,19,40,20,28,14,16,38,18,9,21,13,33,22,12,25,23,12,13,42,24,18,,24,24,24,40,51,22,59,42,63,42,29,48,24,28,24,31,24,27,22,65,49,47,50,34,47,46,50,71,55,47,46,50,51,25,16,42,26,66,61,75,44,64,76,66,27,40,114,35,107,55,124,38,33,108,52,123,9,18,30,12,23,27,,36,31,20,29,36,15,36,37,34,36,27,,49,21,34,23,31,31,30,38,41,43,43,50,47,83,119,37,70,47,73,85,42,32,60,28,35,26,119,29,34,39,40,34,28,27,36,25,30,19,12,24,22,33,24,28,48,17,24,28,45,36,56,24,32,41,51,40,43,50,49,38,13,20,13,28,29,46,37,39,43,21,26,45,39,59,35,38,28,73,49,47,29,32,32,42,49,49,48,33,50,36,25,67,10,26,50,18,46,37,34,40,31,13,24,34,,35,31,46,33,39,52,38,47,100,73,113,117,27,42,47,28,40,28,45,14,46,65,35,26,28,38,50,56,34,36,50,60,60,45,76,41,71,53,55,23,34,58,21,21,47,56,37,73,104,65,35,17,51,37,70,54,56,54,36,87,30,33,41,,89,32,127,338,86,,51,56,,241,228,219,180,92,56,20,70,49,
20180815,23,PM10_24h,29,25,34,29,20,37,30,38,38,33,27,27,31,70,34,23,29,27,34,30,35,33,37,30,41,44,36,39,39,36,37,35,37,34,26,29,26,28,26,23,21,26,29,23,40,17,24,28,24,37,49,39,39,28,23,18,28,22,34,31,27,36,42,15,56,90,55,76,37,92,53,74,76,77,37,32,45,52,34,16,25,26,25,45,25,28,17,23,46,19,22,29,23,30,26,150,29,23,23,20,30,25,27,18,25,28,33,37,66,28,51,60,81,57,26,35,18,20,22,25,31,26,26,35,36,53,53,39,42,63,52,54,53,51,46,41,44,34,28,45,25,64,52,61,47,57,68,71,30,62,95,61,66,80,92,110,19,68,40,121,23,20,29,25,26,27,20,31,23,27,31,26,19,34,29,28,34,22,47,39,28,33,25,25,35,32,34,28,18,41,47,41,91,81,45,55,40,62,79,48,23,72,23,27,19,97,21,41,24,27,21,15,18,22,31,28,16,36,23,21,25,24,52,34,40,17,40,46,44,41,35,22,43,53,33,59,42,37,34,14,26,21,30,21,31,46,51,34,47,40,49,45,35,38,44,31,52,48,53,39,38,52,45,55,42,61,34,48,39,34,48,39,34,46,41,50,55,33,30,42,39,33,38,38,49,33,41,41,30,40,68,42,67,54,90,51,31,39,70,18,34,39,44,31,49,39,32,31,42,35,47,43,24,35,52,62,63,29,46,27,52,40,43,28,30,33,19,12,54,85,43,66,82,59,114,26,45,19,44,59,40,52,27,91,71,35,30,21,33,111,82,107,58,,22,78,36,211,365,257,156,52,26,8,55,57,
20180815,23,SO2,2,5,7,21,10,7,4,13,3,4,10,8,11,4,9,7,6,4,7,6,7,6,13,7,17,8,14,16,7,6,4,6,6,7,6,7,7,10,3,3,5,7,4,4,4,5,6,5,4,4,6,5,5,9,6,3,6,8,5,7,6,9,8,4,8,8,6,27,6,10,4,9,7,8,7,10,13,7,3,6,11,13,7,10,6,6,3,9,15,5,7,10,4,4,7,3,9,7,4,5,6,8,6,6,12,11,8,17,7,7,13,6,13,11,6,14,10,8,9,19,5,5,5,7,8,10,13,10,7,10,15,8,8,8,7,8,4,6,7,13,4,9,20,122,9,5,10,12,6,21,7,10,10,3,4,2,5,8,6,5,10,9,6,5,9,4,4,5,6,7,14,5,7,13,13,16,5,12,2,22,9,8,12,16,5,6,6,6,4,6,8,4,12,18,5,8,10,15,17,5,2,8,16,2,6,9,14,18,14,26,4,5,4,9,3,4,4,3,7,2,4,4,8,6,7,5,9,12,16,15,5,13,10,6,13,5,9,10,8,7,9,9,8,4,8,10,9,13,10,16,11,7,19,16,8,8,17,9,12,4,13,8,8,9,6,9,8,5,4,5,7,8,7,3,6,11,4,8,2,8,6,11,16,9,13,4,8,17,4,31,10,8,6,12,4,7,15,4,8,7,11,5,12,4,1,8,5,6,5,5,6,8,6,10,8,24,10,8,8,8,17,12,7,3,2,3,4,4,5,13,9,3,9,8,8,4,4,8,8,4,9,15,11,8,23,13,8,8,10,16,6,9,5,,6,8,14,8,7,10,8,12,4,7,23,9,
20180815,23,SO2_24h,2,5,7,22,9,7,5,10,3,5,10,7,12,7,9,8,6,3,6,7,7,4,13,5,17,8,11,14,7,5,6,5,6,7,6,6,7,8,3,3,5,8,5,4,5,5,7,4,9,6,6,5,8,7,6,3,6,6,5,5,6,9,10,4,8,9,5,31,8,10,5,9,9,12,10,12,16,9,7,6,14,53,7,9,5,7,5,10,19,5,9,7,5,6,6,4,9,7,6,11,8,8,7,7,7,12,8,11,10,7,13,9,23,13,5,11,10,9,7,12,5,3,6,6,8,10,12,10,7,10,13,6,7,8,9,9,4,8,7,19,4,7,10,40,14,8,21,10,6,19,12,11,13,4,5,4,15,14,6,6,13,9,8,5,8,3,5,5,6,8,13,5,5,9,11,13,6,12,2,16,7,7,11,14,5,7,6,6,3,7,7,6,13,17,6,9,22,14,28,6,2,12,15,3,10,9,7,17,6,10,3,6,5,7,3,4,4,2,7,2,4,4,9,8,9,4,14,13,13,15,6,9,11,10,17,6,14,9,7,7,9,8,6,3,6,16,14,17,15,25,13,19,16,16,13,9,10,9,6,4,11,10,11,9,5,10,8,4,4,5,7,17,9,4,7,5,13,9,3,9,8,12,10,13,11,6,8,11,5,28,11,12,6,12,10,8,18,4,12,7,10,9,17,11,1,9,8,14,25,5,13,13,6,9,12,36,24,7,6,15,16,10,7,4,2,3,4,4,7,9,9,8,11,9,4,3,4,7,8,4,8,15,10,8,17,12,7,7,10,17,9,9,5,,6,11,13,7,6,9,7,12,4,7,13,9,
20180815,23,NO2,34,18,24,28,13,31,20,23,34,21,18,31,21,20,33,22,16,20,22,19,32,28,14,25,31,16,24,39,22,15,20,15,17,20,17,27,7,25,28,23,4,24,37,19,20,28,23,23,11,17,25,18,26,52,19,23,49,25,28,36,10,32,43,6,43,68,28,50,24,56,49,29,41,54,15,24,57,48,12,3,9,22,27,23,13,19,7,10,21,14,16,17,6,43,27,5,13,13,5,5,40,7,16,9,36,17,19,31,17,17,20,4,16,21,22,34,11,17,16,22,10,13,12,24,14,19,22,21,13,14,17,16,27,14,6,10,30,14,11,24,5,58,45,43,59,14,38,48,20,30,69,26,59,27,71,3,43,30,31,20,11,10,19,10,29,12,13,10,15,6,21,18,18,33,21,28,17,23,26,37,18,26,31,5,21,18,12,9,13,14,21,40,25,46,11,5,18,62,27,5,11,14,15,8,3,6,25,20,28,12,12,24,15,10,6,5,11,3,12,12,10,18,14,11,8,10,16,14,21,42,10,17,13,12,48,17,12,19,16,13,23,16,25,17,7,11,22,21,11,10,23,8,12,17,13,14,26,16,16,12,15,23,13,17,10,11,2,5,19,11,26,12,13,10,13,18,15,15,9,10,9,12,20,10,21,8,18,25,10,25,20,25,39,26,67,54,19,27,13,9,16,10,16,6,24,16,25,13,7,6,23,24,25,17,21,21,35,15,50,25,20,19,15,6,2,4,4,10,13,78,16,19,6,13,12,9,41,33,26,11,11,22,21,26,4,7,25,11,22,12,5,6,50,,59,49,41,50,78,50,61,90,3,,67,20,
20180815,23,NO2_24h,26,17,17,32,13,17,19,14,21,27,19,16,17,29,29,21,7,20,19,18,23,24,10,15,25,16,19,28,19,10,11,11,17,14,17,20,8,17,14,10,4,15,17,13,21,19,27,18,14,13,25,20,20,33,20,11,28,13,22,26,12,28,30,12,38,48,17,45,14,50,29,25,33,40,25,23,32,28,25,10,14,18,22,21,9,16,7,11,18,6,12,16,8,15,13,9,16,10,11,8,19,8,12,11,22,13,18,21,25,15,19,15,21,25,16,27,11,15,14,19,8,12,16,14,14,15,21,20,11,21,15,13,25,13,9,10,27,13,13,19,7,27,24,30,31,14,25,35,19,24,35,25,29,27,32,4,27,25,15,11,8,12,14,10,15,8,9,10,11,6,18,7,13,21,16,19,13,20,16,24,12,20,18,6,18,15,14,8,11,11,15,29,19,35,22,7,29,29,24,7,11,19,13,6,7,8,12,20,15,11,13,16,12,11,7,5,13,14,11,10,9,10,24,8,16,7,25,18,22,21,12,11,21,15,32,24,12,17,16,13,15,10,22,12,5,11,16,11,18,9,14,10,9,20,23,11,16,13,15,11,12,26,17,19,15,12,2,10,12,9,16,17,11,16,17,14,13,15,9,17,13,14,14,14,17,8,16,14,9,26,32,21,26,33,35,29,13,18,22,5,14,12,21,9,14,14,19,16,10,9,16,14,18,11,23,19,25,12,26,9,13,15,14,8,3,3,6,6,15,43,13,20,8,17,10,5,31,15,13,24,11,8,14,25,5,7,14,10,12,9,19,6,24,,30,43,12,24,15,27,17,31,5,,28,28,
20180815,23,O3,45,58,75,69,79,75,88,67,37,66,57,46,79,104,60,59,23,39,26,61,29,28,63,52,75,35,28,26,30,33,31,47,80,33,39,23,29,21,15,26,38,36,65,29,67,16,61,83,43,74,97,91,45,23,49,49,27,38,42,44,60,61,26,71,69,72,36,45,45,47,37,79,86,61,61,47,45,61,82,20,77,56,24,64,50,76,44,34,74,27,24,65,41,32,18,45,63,64,95,77,27,64,55,73,35,64,49,70,97,92,73,121,129,93,45,51,82,48,67,45,35,22,35,104,87,70,102,79,99,118,93,112,75,90,93,104,23,54,63,35,72,35,39,70,20,100,57,45,67,81,58,55,19,64,36,104,53,100,62,68,19,32,66,58,33,41,29,40,40,39,28,20,53,25,50,44,35,65,24,20,41,35,31,76,36,37,35,30,21,84,87,23,115,36,115,161,117,62,109,55,30,123,82,43,80,131,61,54,42,81,46,57,47,34,43,52,33,32,12,9,2,7,21,11,28,9,134,103,89,58,95,35,50,90,85,110,81,71,93,57,9,12,14,13,39,33,53,55,31,40,37,62,72,86,104,83,89,83,97,87,94,40,97,84,98,73,96,105,58,85,37,57,55,88,35,37,59,55,5,57,63,54,40,100,37,46,50,34,45,34,66,72,43,106,37,84,65,40,124,26,111,95,103,91,10,95,82,76,80,67,91,37,18,46,71,85,57,18,36,20,27,77,40,66,68,34,99,21,79,40,32,36,102,155,91,96,14,65,61,107,,60,65,87,62,45,,63,43,97,114,114,13,,40,74,56,65,41,68,30,20,68,49,52,90,
20180815,23,O3_24h,109,92,149,73,83,150,159,159,98,113,107,136,146,148,125,108,53,90,93,73,175,94,63,90,155,127,102,149,153,74,89,63,130,82,72,101,84,123,88,60,45,129,124,90,127,48,95,116,113,123,136,120,133,112,87,105,148,105,112,111,94,119,99,85,173,289,122,137,86,202,106,114,195,137,150,129,133,145,108,23,96,87,90,171,115,135,116,111,142,86,110,130,104,125,38,89,96,105,95,91,101,111,95,85,82,118,103,111,169,124,116,152,280,145,79,101,100,64,92,86,68,80,93,122,146,130,192,142,136,171,123,158,112,142,146,127,99,117,128,91,90,121,127,147,122,203,147,156,109,143,216,161,173,175,174,114,109,174,119,106,88,102,132,142,134,132,110,114,107,86,52,35,88,113,72,57,72,69,127,104,187,188,167,81,99,96,112,78,21,123,106,100,207,144,166,194,144,163,186,90,90,174,121,67,114,178,96,94,105,105,90,103,77,59,110,82,100,79,44,40,49,44,60,43,58,58,135,174,147,119,122,66,170,119,170,138,122,132,107,81,64,72,65,67,67,94,105,115,149,95,99,114,120,143,154,137,112,103,143,128,110,131,172,125,135,109,129,133,130,122,85,121,101,117,91,87,97,119,64,77,122,108,114,102,78,103,97,136,92,125,159,202,154,231,177,167,135,115,225,89,136,144,128,126,100,151,135,97,103,140,144,107,78,129,126,179,124,89,126,80,105,123,88,91,89,54,131,59,142,151,133,134,109,172,121,115,130,117,110,113,128,117,99,121,71,87,104,92,95,121,206,132,116,,87,135,117,117,142,143,113,144,109,90,156,131,
20180815,23,O3_8h,78,73,111,60,61,115,112,113,73,76,64,91,112,121,98,78,29,61,47,58,92,41,55,63,113,61,49,68,73,47,56,48,104,50,47,51,54,64,47,37,39,81,86,57,96,24,67,100,73,67,105,103,53,67,64,70,87,73,74,70,73,89,54,70,128,156,75,83,68,107,79,90,130,116,56,43,97,106,96,17,84,70,32,96,76,106,55,56,108,39,37,101,73,69,26,43,72,77,83,79,61,73,68,75,53,78,68,94,128,108,86,135,214,127,60,75,91,53,75,68,47,49,56,98,119,100,143,119,121,140,106,108,91,117,105,119,58,61,78,50,79,84,93,111,64,151,117,74,77,112,121,100,95,112,128,104,75,134,97,92,40,53,61,83,57,45,35,58,49,38,38,25,68,44,46,44,45,54,76,47,100,96,102,66,69,59,61,45,10,105,97,60,164,94,130,160,119,109,151,71,57,149,102,56,91,152,81,69,70,87,71,75,55,41,60,65,43,29,24,20,15,24,32,26,30,34,106,114,121,83,92,56,91,100,127,120,102,93,93,60,29,26,25,39,53,55,71,76,64,63,68,74,99,121,124,115,102,93,118,108,96,69,130,100,85,92,113,102,90,103,59,61,64,81,46,52,76,55,30,64,77,73,63,92,55,60,72,63,67,70,73,109,95,161,95,123,108,74,170,58,123,94,115,104,58,115,107,81,86,104,118,77,53,93,103,138,99,51,84,55,68,101,69,77,73,43,118,41,113,110,73,75,104,145,96,106,59,89,76,96,116,98,75,105,66,64,75,79,73,105,160,119,64,,71,117,101,103,119,125,83,114,96,73,124,117,
20180815,23,O3_8h_24h,97,84,138,61,61,135,139,127,92,97,83,121,132,134,119,89,48,78,78,60,133,65,57,68,140,101,81,120,113,60,75,54,110,69,60,73,66,103,75,49,40,112,109,77,112,37,76,101,99,75,117,115,94,93,78,97,115,93,100,93,83,103,88,73,142,223,103,117,77,159,91,103,172,128,93,77,124,136,96,22,84,72,60,147,98,121,93,88,128,61,90,114,92,98,32,79,87,95,86,81,86,109,89,78,74,103,89,97,146,113,108,142,252,135,73,88,92,57,77,78,61,70,77,102,123,116,174,130,123,158,116,130,103,128,125,124,88,94,96,75,79,117,115,132,104,180,136,125,105,128,177,136,148,154,163,113,108,162,105,101,81,80,86,97,102,89,85,94,84,72,45,31,69,80,58,53,60,61,108,74,134,147,121,66,84,82,96,65,14,116,100,81,187,127,146,171,134,147,173,86,79,164,117,66,106,164,90,81,87,91,79,97,64,50,85,76,86,52,42,35,38,36,38,41,50,55,109,136,131,99,106,57,122,108,148,126,114,115,93,63,53,54,45,48,60,87,91,101,101,86,89,98,109,131,134,124,107,97,138,111,103,114,141,114,116,103,121,119,114,117,82,90,82,101,71,69,92,96,58,72,96,92,98,93,72,85,83,102,83,101,126,162,126,196,146,146,122,101,202,73,127,116,122,125,85,141,130,89,92,118,138,94,65,109,115,159,117,74,101,71,77,113,79,84,87,48,120,54,131,141,113,105,105,155,112,111,106,110,99,104,121,102,92,113,66,83,101,90,88,119,180,122,99,,81,128,106,114,138,136,105,134,99,85,135,124,
20180815,23,CO,0.59,0.62,0.87,0.97,0.28,0.50,0.47,0.38,0.45,0.73,0.30,0.55,0.73,0.54,0.85,0.60,0.52,0.54,0.42,0.42,0.63,0.28,0.35,0.58,1.03,0.40,0.55,0.57,0.55,0.63,0.35,0.63,0.70,0.68,0.50,0.65,0.33,0.53,0.67,0.43,0.57,0.43,0.53,0.50,0.62,0.64,0.50,0.71,0.38,0.56,0.71,0.83,0.70,0.88,0.53,0.53,0.76,0.73,0.87,0.82,0.62,0.80,0.86,0.50,0.83,0.96,0.70,0.96,0.42,1.24,0.83,0.77,0.78,0.72,0.50,0.40,0.66,0.70,0.57,0.42,0.53,0.70,0.33,0.55,0.70,0.60,0.50,0.72,0.44,0.20,0.24,0.60,0.30,0.30,0.37,0.17,0.74,0.68,0.50,0.57,0.85,0.73,0.85,0.55,1.00,1.00,1.07,0.85,0.87,0.80,0.72,0.70,1.10,0.77,0.47,1.93,0.58,0.72,0.74,0.73,0.38,0.30,0.46,1.27,0.73,0.46,1.16,0.90,0.77,1.07,0.83,1.00,0.98,0.95,0.80,0.75,1.20,0.67,0.90,0.85,0.45,0.85,0.98,1.52,0.77,0.75,0.75,0.84,0.67,1.10,1.30,1.27,1.45,0.77,0.87,0.15,0.50,0.55,0.76,0.50,1.20,0.45,0.60,0.20,0.25,0.45,0.40,0.45,0.30,0.85,0.30,0.55,0.65,0.57,0.45,0.60,0.30,0.60,1.20,1.03,0.70,1.00,0.85,0.50,0.45,0.60,0.50,0.80,0.65,0.45,0.73,0.70,0.76,1.04,0.50,0.92,0.60,1.07,0.87,0.30,0.30,0.40,0.30,0.27,0.20,0.60,0.42,0.63,0.35,0.50,0.55,0.90,0.80,0.55,0.40,0.20,0.43,0.30,0.55,0.27,0.30,0.45,0.40,0.65,0.50,0.30,0.65,0.60,0.70,0.78,0.43,0.63,0.40,0.60,0.40,0.65,0.80,0.70,0.50,0.57,0.90,0.73,0.80,1.20,0.97,0.65,0.57,0.45,1.50,0.30,0.68,0.97,0.60,0.80,0.63,0.75,1.07,0.47,0.62,0.73,0.67,0.80,0.67,0.88,0.83,0.63,0.55,0.90,0.73,0.73,1.10,0.47,0.63,1.07,1.50,0.60,1.10,1.53,0.95,0.70,0.87,0.80,0.90,0.75,1.10,0.85,0.70,1.15,0.70,0.80,0.57,0.72,1.00,0.80,1.03,0.97,0.53,0.80,0.55,0.45,0.35,0.72,0.57,0.57,0.55,0.90,0.70,0.85,0.70,0.45,0.50,1.50,1.00,1.00,0.75,0.77,0.80,0.75,0.75,1.00,1.15,0.70,0.60,0.40,0.45,0.35,0.30,0.40,0.70,1.03,0.75,0.70,0.60,0.55,0.30,0.40,0.40,0.55,0.90,0.30,0.60,0.80,0.70,1.30,0.70,1.30,,0.30,0.50,0.60,0.23,0.55,1.10,,1.50,0.55,0.70,0.90,1.30,0.75,0.70,1.47,0.80,1.00,0.75,0.40,
20180815,23,CO_24h,0.54,0.83,0.54,1.20,0.24,0.50,0.53,0.38,0.45,0.88,0.53,0.70,0.70,0.69,0.88,0.71,0.53,0.62,0.50,0.44,0.50,0.24,0.30,0.53,0.94,0.57,0.51,0.50,0.72,0.63,0.30,0.60,0.60,0.64,0.54,0.60,0.43,0.57,0.67,0.37,0.57,0.40,0.43,0.47,0.61,0.60,0.53,0.76,0.51,0.42,0.75,0.86,0.74,0.76,0.55,0.58,0.68,0.73,0.80,0.74,0.64,0.73,0.89,0.60,0.83,0.96,0.59,0.80,0.34,1.23,0.67,0.87,1.00,0.70,0.70,0.50,0.64,0.76,1.60,0.55,0.70,0.93,0.33,0.53,0.80,0.75,0.60,0.92,0.54,0.20,0.30,0.65,0.27,0.40,0.33,0.35,0.72,0.68,0.62,0.67,0.75,0.77,0.75,0.55,0.85,0.95,1.05,0.75,1.60,0.80,1.13,1.34,1.18,0.83,0.40,1.55,0.55,0.77,0.74,0.70,0.35,0.30,0.50,0.83,0.63,0.56,1.13,1.00,0.87,1.20,0.80,0.77,0.96,0.95,1.00,0.75,1.17,0.63,0.93,0.97,0.50,0.63,0.84,1.16,0.53,0.63,0.80,0.74,0.47,1.05,1.20,1.40,1.20,0.81,0.87,0.10,0.65,0.80,0.72,0.33,0.55,0.50,0.40,0.40,0.30,0.40,0.35,0.50,0.30,0.85,0.30,0.40,0.45,0.63,0.50,0.50,0.40,0.50,1.20,0.80,0.65,0.90,0.90,0.40,0.40,0.60,0.45,0.80,0.30,0.47,0.75,0.70,1.18,1.06,0.65,0.90,0.60,0.93,0.90,0.33,0.30,0.50,0.30,0.27,0.25,0.60,0.52,0.88,0.47,0.60,0.65,0.90,0.95,0.60,0.40,0.25,0.50,0.47,0.60,0.30,0.35,0.45,0.40,0.50,0.50,0.30,0.57,0.60,0.70,0.73,0.47,0.57,0.50,0.63,0.40,0.60,0.80,0.60,0.40,0.58,0.73,0.67,0.67,0.70,0.75,0.65,0.53,0.45,1.57,0.40,0.53,0.97,0.65,0.97,0.85,0.82,1.03,0.47,0.74,0.77,0.50,0.84,0.70,0.88,0.90,0.75,0.55,0.85,0.77,0.80,1.05,0.70,0.60,1.15,1.70,0.63,1.35,1.70,0.70,0.72,0.97,0.80,0.63,0.90,1.05,0.90,0.70,0.85,0.70,0.63,0.60,0.78,0.93,0.65,0.95,0.68,0.40,0.70,0.75,0.40,0.35,0.90,0.53,0.60,0.45,0.85,0.80,0.85,0.60,0.45,0.50,1.20,0.85,0.90,0.80,0.80,0.95,0.60,0.70,0.70,0.95,0.60,0.55,0.40,0.45,0.35,0.30,0.25,0.67,1.03,0.75,0.70,0.70,0.50,0.40,0.25,0.40,0.45,0.75,0.40,0.60,0.70,0.70,1.40,0.80,1.10,0.30,0.30,0.40,0.60,0.53,0.70,0.95,,0.85,0.70,0.40,0.70,1.10,0.50,0.20,0.83,0.70,0.90,0.55,0.50,