Date,Country,City,Specie,count,min,max,median,variance
2019-10-02T00:00:00Z,US,Brooklyn,wind-speed,141,0.1,11.5,4.0,65.79
2019-12-11T00:00:00Z,US,Brooklyn,wind-speed,164,0.1,12.6,3.0,126.86
2020-01-02T00:00:00Z,US,Brooklyn,wind-speed,16,0.2,7.0,1.7,60.69
2019-12-23T00:00:00Z,US,Brooklyn,wind-speed,154,0.1,10.0,2.3,47.91
2019-10-03T00:00:00Z,US,Brooklyn,wind-speed,155,0.1,10.8,2.7,109.62
2019-10-15T00:00:00Z,US,Brooklyn,wind-speed,141,0.1,5.0,1.7,18.81
2019-10-25T00:00:00Z,US,Brooklyn,wind-speed,133,0.1,7.7,2.0,32.97
2019-11-19T00:00:00Z,US,Brooklyn,wind-speed,129,0.1,8.2,2.0,42.15
2019-12-04T00:00:00Z,US,Brooklyn,wind-speed,143,0.1,8.0,3.1,38.87
2019-12-09T00:00:00Z,US,Brooklyn,wind-speed,152,0.1,11.7,2.4,40.95
2019-12-13T00:00:00Z,US,Brooklyn,wind-speed,150,0.1,8.1,2.5,50.70
2019-12-26T00:00:00Z,US,Brooklyn,wind-speed,149,0.1,15.6,2.3,62.85
2019-10-13T00:00:00Z,US,Brooklyn,wind-speed,133,0.1,8.0,2.0,20.17
2019-10-20T00:00:00Z,US,Brooklyn,wind-speed,131,0.1,14.0,1.6,102.36
2019-11-06T00:00:00Z,US,Brooklyn,wind-speed,160,0.1,7.8,1.8,22.71
2019-12-12T00:00:00Z,US,Brooklyn,wind-speed,161,0.1,11.8,2.9,63.12
2020-01-05T00:00:00Z,US,Brooklyn,wind-speed,165,0.5,33.0,7.6,435.97
2019-10-27T00:00:00Z,US,Brooklyn,wind-speed,161,0.2,20.6,3.8,280.77
2019-11-27T00:00:00Z,US,Brooklyn,wind-speed,144,0.1,14.4,3.6,167.90
2019-12-16T00:00:00Z,US,Brooklyn,wind-speed,143,0.1,9.7,2.0,46.69
2019-12-19T00:00:00Z,US,Brooklyn,wind-speed,168,0.5,27.0,7.2,276.73
2019-12-20T00:00:00Z,US,Brooklyn,wind-speed,164,0.1,15.0,2.7,64.19
2019-12-24T00:00:00Z,US,Brooklyn,wind-speed,166,0.1,10.8,2.8,52.07
2019-12-28T00:00:00Z,US,Brooklyn,wind-speed,96,0.1,11.1,2.4,52.42
2019-10-04T00:00:00Z,US,Brooklyn,wind-speed,153,0.1,15.3,4.1,140.83
2019-10-19T00:00:00Z,US,Brooklyn,wind-speed,135,0.1,5.6,2.0,18.36
2019-10-29T00:00:00Z,US,Brooklyn,wind-speed,153,0.1,10.8,1.5,55.39
2019-11-04T00:00:00Z,US,Brooklyn,wind-speed,126,0.1,12.9,3.0,100.05
2019-11-09T00:00:00Z,US,Brooklyn,wind-speed,130,0.1,8.4,2.3,26.82
2019-11-13T00:00:00Z,US,Brooklyn,wind-speed,139,0.1,13.4,4.1,120.34
2019-11-26T00:00:00Z,US,Brooklyn,wind-speed,139,0.1,7.8,2.8,49.02
2019-09-30T00:00:00Z,US,Brooklyn,wind-speed,163,0.1,7.2,4.0,34.31
2019-11-08T00:00:00Z,US,Brooklyn,wind-speed,160,0.5,16.4,5.0,135.62
2019-11-17T00:00:00Z,US,Brooklyn,wind-speed,144,0.6,20.8,8.0,161.12
2019-12-02T00:00:00Z,US,Brooklyn,wind-speed,168,0.2,24.3,7.9,186.13
2019-12-07T00:00:00Z,US,Brooklyn,wind-speed,162,0.1,11.5,4.6,76.60
2019-12-10T00:00:00Z,US,Brooklyn,wind-speed,168,0.1,16.5,4.6,171.09
2019-10-06T00:00:00Z,US,Brooklyn,wind-speed,152,0.1,13.5,4.1,113.48
2019-10-12T00:00:00Z,US,Brooklyn,wind-speed,146,0.1,9.0,2.1,63.17
2019-10-18T00:00:00Z,US,Brooklyn,wind-speed,167,0.1,26.0,6.1,167.80
2019-11-16T00:00:00Z,US,Brooklyn,wind-speed,144,0.3,21.7,6.2,124.84
2019-11-22T00:00:00Z,US,Brooklyn,wind-speed,168,0.2,15.0,4.0,128.39
2019-11-24T00:00:00Z,US,Brooklyn,wind-speed,163,0.2,16.3,4.3,190.19
2019-12-15T00:00:00Z,US,Brooklyn,wind-speed,168,0.3,16.5,7.8,148.33
2019-10-10T00:00:00Z,US,Brooklyn,wind-speed,164,0.3,12.8,6.6,81.28
2019-10-11T00:00:00Z,US,Brooklyn,wind-speed,163,0.2,12.9,8.4,102.88
2019-10-14T00:00:00Z,US,Brooklyn,wind-speed,143,0.1,5.4,1.6,19.56
2019-10-22T00:00:00Z,US,Brooklyn,wind-speed,159,0.2,11.6,1.7,89.00
2019-11-15T00:00:00Z,US,Brooklyn,wind-speed,132,0.2,7.9,2.1,25.77
2019-11-20T00:00:00Z,US,Brooklyn,wind-speed,144,0.2,17.0,3.9,118.82
2019-12-14T00:00:00Z,US,Brooklyn,wind-speed,164,0.1,16.0,3.2,208.44
2019-12-18T00:00:00Z,US,Brooklyn,wind-speed,153,0.1,25.0,7.1,256.29
2019-12-21T00:00:00Z,US,Brooklyn,wind-speed,134,0.1,5.3,1.3,19.52
2020-01-03T00:00:00Z,US,Brooklyn,wind-speed,128,0.1,6.5,1.4,35.29
2019-11-18T00:00:00Z,US,Brooklyn,wind-speed,142,0.3,12.6,4.3,76.83
2019-11-30T00:00:00Z,US,Brooklyn,wind-speed,159,0.1,8.3,2.7,37.90
2019-10-08T00:00:00Z,US,Brooklyn,wind-speed,167,0.1,10.0,5.4,90.10
2019-10-21T00:00:00Z,US,Brooklyn,wind-speed,156,0.1,9.7,2.1,59.11
2019-10-31T00:00:00Z,US,Brooklyn,wind-speed,168,0.2,24.1,5.2,338.44
2019-11-07T00:00:00Z,US,Brooklyn,wind-speed,161,0.1,11.0,2.6,79.81
2019-11-14T00:00:00Z,US,Brooklyn,wind-speed,112,0.1,8.3,2.1,31.21
2019-12-03T00:00:00Z,US,Brooklyn,wind-speed,167,0.1,16.9,6.1,208.11
2019-10-30T00:00:00Z,US,Brooklyn,wind-speed,140,0.1,8.4,2.7,39.44
2019-11-02T00:00:00Z,US,Brooklyn,wind-speed,149,0.1,5.4,1.7,12.88
2019-11-05T00:00:00Z,US,Brooklyn,wind-speed,152,0.1,9.0,2.0,53.04
2019-11-28T00:00:00Z,US,Brooklyn,wind-speed,168,0.1,31.0,9.4,491.82
2019-12-17T00:00:00Z,US,Brooklyn,wind-speed,152,0.1,19.5,5.9,215.44
2019-12-01T00:00:00Z,US,Brooklyn,wind-speed,167,0.1,28.1,4.4,390.45
2019-10-09T00:00:00Z,US,Brooklyn,wind-speed,168,0.2,13.7,8.5,161.67
2019-10-17T00:00:00Z,US,Brooklyn,wind-speed,168,0.4,29.0,7.6,422.78
2019-10-26T00:00:00Z,US,Brooklyn,wind-speed,157,0.1,11.0,2.0,63.63
2019-10-28T00:00:00Z,US,Brooklyn,wind-speed,157,0.1,14.1,2.3,88.83
2019-11-03T00:00:00Z,US,Brooklyn,wind-speed,158,0.1,6.3,2.0,21.99
2019-11-21T00:00:00Z,US,Brooklyn,wind-speed,149,0.1,6.7,1.9,25.33
2019-11-29T00:00:00Z,US,Brooklyn,wind-speed,168,0.1,11.7,4.3,68.38
2020-01-04T00:00:00Z,US,Brooklyn,wind-speed,110,0.1,21.0,2.5,178.47
2019-10-24T00:00:00Z,US,Brooklyn,wind-speed,142,0.1,9.9,2.0,41.67
2019-11-11T00:00:00Z,US,Brooklyn,wind-speed,112,0.1,8.0,1.1,39.00
2019-11-12T00:00:00Z,US,Brooklyn,wind-speed,139,0.2,15.0,6.6,158.74
2019-12-05T00:00:00Z,US,Brooklyn,wind-speed,164,0.1,24.0,6.2,233.20
2019-12-22T00:00:00Z,US,Brooklyn,wind-speed,150,0.1,9.0,2.1,32.22
2019-12-25T00:00:00Z,US,Brooklyn,wind-speed,129,0.1,6.0,1.3,15.59
2019-12-27T00:00:00Z,US,Brooklyn,wind-speed,154,0.1,9.6,2.4,52.44
2019-10-01T00:00:00Z,US,Brooklyn,wind-speed,156,0.2,9.0,3.6,48.95
2019-10-05T00:00:00Z,US,Brooklyn,wind-speed,158,0.1,13.0,3.9,81.67
2019-10-23T00:00:00Z,US,Brooklyn,wind-speed,165,0.1,19.0,3.0,156.95
2019-11-10T00:00:00Z,US,Brooklyn,wind-speed,119,0.2,7.5,2.3,27.26
2019-11-25T00:00:00Z,US,Brooklyn,wind-speed,159,0.1,9.8,2.2,50.46
2019-10-07T00:00:00Z,US,Brooklyn,wind-speed,167,0.1,12.3,5.2,94.95
2019-11-01T00:00:00Z,US,Brooklyn,wind-speed,167,0.2,19.4,4.7,178.40
2019-12-08T00:00:00Z,US,Brooklyn,wind-speed,132,0.1,11.0,2.0,91.15
2019-10-16T00:00:00Z,US,Brooklyn,wind-speed,157,0.1,30.5,4.0,428.28
2019-11-23T00:00:00Z,US,Brooklyn,wind-speed,157,0.1,8.0,2.3,36.28
2019-12-06T00:00:00Z,US,Brooklyn,wind-speed,167,0.1,16.0,5.1,155.08
2019-12-27T00:00:00Z,US,Brooklyn,wind-speed,154,0.1,9.6,2.4,52.44
2019-12-28T00:00:00Z,US,Brooklyn,wind-speed,96,0.1,11.1,2.4,52.42
2020-01-02T00:00:00Z,US,Brooklyn,wind-speed,16,0.2,7.0,1.7,60.69
2020-01-03T00:00:00Z,US,Brooklyn,wind-speed,128,0.1,6.5,1.4,35.29
2020-01-04T00:00:00Z,US,Brooklyn,wind-speed,110,0.1,21.0,2.5,178.47
2020-01-05T00:00:00Z,US,Brooklyn,wind-speed,165,0.5,33.0,7.6,435.97
2019-12-25T00:00:00Z,US,Brooklyn,wind-speed,129,0.1,6.0,1.3,15.59
2019-12-26T00:00:00Z,US,Brooklyn,wind-speed,149,0.1,15.6,2.3,62.85
2020-01-03T00:00:00Z,US,Brooklyn,wind-gust,132,0.2,10.7,3.3,73.19
2020-01-04T00:00:00Z,US,Brooklyn,wind-gust,122,0.2,28.0,3.7,426.48
2020-01-05T00:00:00Z,US,Brooklyn,wind-gust,144,0.2,49.0,19.4,1007.07
2019-12-25T00:00:00Z,US,Brooklyn,wind-gust,128,0.1,8.3,2.7,38.12
2019-12-26T00:00:00Z,US,Brooklyn,wind-gust,138,0.1,16.0,4.8,160.21
2019-12-27T00:00:00Z,US,Brooklyn,wind-gust,138,0.1,18.3,6.5,154.27
2019-12-28T00:00:00Z,US,Brooklyn,wind-gust,85,0.1,19.8,5.5,188.05
2019-12-08T00:00:00Z,US,Brooklyn,dew,57,-9.0,2.0,-4.0,117.78
2019-12-17T00:00:00Z,US,Brooklyn,dew,49,-3.0,2.0,-1.0,11.15
2019-10-15T00:00:00Z,US,Brooklyn,dew,46,-1.0,9.0,5.0,73.29
2019-11-11T00:00:00Z,US,Brooklyn,dew,22,1.0,10.0,5.0,75.41
2019-11-22T00:00:00Z,US,Brooklyn,dew,22,-8.0,7.5,1.0,226.46
2019-11-26T00:00:00Z,US,Brooklyn,dew,17,2.0,4.0,3.0,3.75
2019-12-20T00:00:00Z,US,Brooklyn,dew,22,-13.0,-10.0,-12.0,5.45
2019-10-01T00:00:00Z,US,Brooklyn,dew,41,12.0,18.0,14.0,45.32
2019-10-06T00:00:00Z,US,Brooklyn,dew,44,6.0,17.0,14.0,110.63
2019-11-10T00:00:00Z,US,Brooklyn,dew,19,-10.0,1.0,-2.0,152.63
2019-12-09T00:00:00Z,US,Brooklyn,dew,61,2.5,12.0,10.0,82.32
2019-11-30T00:00:00Z,US,Brooklyn,dew,63,-13.0,-3.0,-8.0,77.33
2019-12-02T00:00:00Z,US,Brooklyn,dew,33,-2.0,2.0,0.0,20.46
2019-12-07T00:00:00Z,US,Brooklyn,dew,54,-11.0,-4.0,-8.0,25.68
2019-12-26T00:00:00Z,US,Brooklyn,dew,46,0.0,5.0,2.0,14.57
2019-10-13T00:00:00Z,US,Brooklyn,dew,61,2.0,13.0,9.0,66.30
2019-10-19T00:00:00Z,US,Brooklyn,dew,51,1.0,7.0,3.0,39.80
2019-10-25T00:00:00Z,US,Brooklyn,dew,63,4.0,13.0,9.0,55.54
2019-11-01T00:00:00Z,US,Brooklyn,dew,6,9.0,19.0,13.8,194.31
2020-01-04T00:00:00Z,US,Brooklyn,dew,11,1.0,4.0,3.0,10.41
2019-11-23T00:00:00Z,US,Brooklyn,dew,19,-8.0,2.0,-6.0,68.42
2019-11-29T00:00:00Z,US,Brooklyn,dew,51,-7.0,-2.0,-5.0,19.46
2019-12-01T00:00:00Z,US,Brooklyn,dew,66,-12.0,3.0,-2.0,238.15
2019-12-22T00:00:00Z,US,Brooklyn,dew,43,-7.0,-1.0,-4.0,34.04
2019-10-09T00:00:00Z,US,Brooklyn,dew,53,7.0,12.0,9.0,16.53
2019-10-17T00:00:00Z,US,Brooklyn,dew,30,3.0,9.3,6.0,19.16
2019-11-16T00:00:00Z,US,Brooklyn,dew,22,-22.0,-4.0,-16.0,396.64
2019-11-19T00:00:00Z,US,Brooklyn,dew,15,-1.0,4.0,1.0,26.74
2019-12-23T00:00:00Z,US,Brooklyn,dew,50,-7.0,0.0,-2.0,39.77
2019-10-02T00:00:00Z,US,Brooklyn,dew,29,16.0,22.0,18.0,28.45
2019-12-10T00:00:00Z,US,Brooklyn,dew,33,1.0,12.0,9.5,155.07
2019-10-24T00:00:00Z,US,Brooklyn,dew,45,0.0,8.0,3.0,45.45
2019-11-08T00:00:00Z,US,Brooklyn,dew,20,-12.0,-2.0,-9.0,86.82
2019-11-21T00:00:00Z,US,Brooklyn,dew,15,-2.0,1.0,-1.0,7.43
2019-12-04T00:00:00Z,US,Brooklyn,dew,6,-5.0,-2.0,-4.0,13.67
2019-10-03T00:00:00Z,US,Brooklyn,dew,43,10.0,17.0,12.0,23.84
2019-10-08T00:00:00Z,US,Brooklyn,dew,63,6.0,14.5,10.0,45.59
2019-10-16T00:00:00Z,US,Brooklyn,dew,40,8.0,17.0,13.0,79.39
2019-10-18T00:00:00Z,US,Brooklyn,dew,37,2.0,6.0,3.0,14.22
2019-12-05T00:00:00Z,US,Brooklyn,dew,35,-7.0,0.0,-4.0,49.58
2019-12-14T00:00:00Z,US,Brooklyn,dew,63,1.0,12.3,9.0,90.30
2019-11-28T00:00:00Z,US,Brooklyn,dew,40,-4.0,1.0,-2.0,15.38
2019-12-13T00:00:00Z,US,Brooklyn,dew,68,-6.0,10.0,3.0,171.42
2019-10-27T00:00:00Z,US,Brooklyn,dew,70,7.0,19.0,13.0,92.59
2019-10-28T00:00:00Z,US,Brooklyn,dew,57,8.0,12.0,10.0,12.53
2019-10-30T00:00:00Z,US,Brooklyn,dew,21,14.0,16.0,15.2,4.91
2019-11-15T00:00:00Z,US,Brooklyn,dew,15,-7.0,-3.0,-6.0,17.81
2019-12-16T00:00:00Z,US,Brooklyn,dew,58,-10.0,0.0,-7.0,71.99
2019-12-19T00:00:00Z,US,Brooklyn,dew,19,-18.0,-12.0,-14.0,39.30
2019-10-05T00:00:00Z,US,Brooklyn,dew,43,-1.0,7.0,2.0,35.36
2019-11-12T00:00:00Z,US,Brooklyn,dew,22,-16.0,8.0,-7.0,752.08
2019-12-15T00:00:00Z,US,Brooklyn,dew,54,-7.0,2.0,-5.0,85.06
2019-10-10T00:00:00Z,US,Brooklyn,dew,61,-3.0,9.0,6.0,110.27
2019-11-24T00:00:00Z,US,Brooklyn,dew,24,-1.0,7.0,3.5,60.41
2019-12-12T00:00:00Z,US,Brooklyn,dew,68,-16.0,-3.0,-11.0,93.51
2019-09-30T00:00:00Z,US,Brooklyn,dew,48,6.0,13.0,11.0,47.41
2019-11-27T00:00:00Z,US,Brooklyn,dew,41,-1.0,11.0,8.0,66.31
2019-12-03T00:00:00Z,US,Brooklyn,dew,63,-7.0,1.0,-4.0,39.81
2019-12-25T00:00:00Z,US,Brooklyn,dew,49,-7.0,3.0,-1.0,71.05
2019-10-12T00:00:00Z,US,Brooklyn,dew,54,6.0,13.0,9.0,21.09
2019-10-20T00:00:00Z,US,Brooklyn,dew,65,4.0,13.0,9.5,59.82
2019-10-29T00:00:00Z,US,Brooklyn,dew,48,10.0,15.0,13.0,21.74
2019-10-31T00:00:00Z,US,Brooklyn,dew,34,15.0,19.0,18.0,11.23
2019-10-23T00:00:00Z,US,Brooklyn,dew,72,-2.0,17.0,6.0,339.13
2019-11-09T00:00:00Z,US,Brooklyn,dew,16,-13.0,-4.0,-8.0,63.29
2019-11-14T00:00:00Z,US,Brooklyn,dew,21,-13.0,-3.0,-7.0,92.62
2019-11-18T00:00:00Z,US,Brooklyn,dew,19,-1.0,4.0,3.0,18.84
2019-10-04T00:00:00Z,US,Brooklyn,dew,41,3.0,14.0,6.0,154.89
2019-10-07T00:00:00Z,US,Brooklyn,dew,47,14.0,18.0,16.0,14.82
2019-10-14T00:00:00Z,US,Brooklyn,dew,55,2.0,14.0,10.0,126.51
2019-10-21T00:00:00Z,US,Brooklyn,dew,59,5.0,12.0,9.0,28.47
2019-12-18T00:00:00Z,US,Brooklyn,dew,70,-12.0,-2.0,-5.0,47.35
2019-10-11T00:00:00Z,US,Brooklyn,dew,66,0.0,11.0,6.0,69.61
2019-11-25T00:00:00Z,US,Brooklyn,dew,12,-1.0,2.0,1.0,13.56
2019-12-06T00:00:00Z,US,Brooklyn,dew,43,-7.0,2.0,-4.0,57.19
2019-12-27T00:00:00Z,US,Brooklyn,dew,17,3.0,6.0,5.0,10.59
2019-12-21T00:00:00Z,US,Brooklyn,dew,21,-12.0,-3.0,-7.0,73.48
2019-12-24T00:00:00Z,US,Brooklyn,dew,62,-8.0,1.0,-4.0,65.63
2020-01-05T00:00:00Z,US,Brooklyn,dew,65,-9.0,1.5,-6.0,49.21
2019-10-22T00:00:00Z,US,Brooklyn,dew,58,3.0,17.0,12.0,119.32
2019-10-26T00:00:00Z,US,Brooklyn,dew,53,3.0,12.0,7.0,47.89
2019-11-17T00:00:00Z,US,Brooklyn,dew,19,-17.0,-1.0,-4.0,275.96
2019-11-20T00:00:00Z,US,Brooklyn,dew,15,-6.0,1.5,-2.0,45.64
2019-12-11T00:00:00Z,US,Brooklyn,dew,70,-11.0,2.0,-2.0,136.51
2019-11-29T00:00:00Z,US,Brooklyn,co,24,1.5,3.7,2.2,3.33
2019-12-16T00:00:00Z,US,Brooklyn,co,24,1.4,3.6,2.2,2.57
2020-01-02T00:00:00Z,US,Brooklyn,co,24,2.3,8.0,4.3,19.83
2019-10-16T00:00:00Z,US,Brooklyn,co,22,1.4,6.5,2.2,25.28
2019-10-26T00:00:00Z,US,Brooklyn,co,24,1.9,3.9,2.7,4.11
2019-11-07T00:00:00Z,US,Brooklyn,co,24,1.9,6.3,3.5,11.52
2019-12-27T00:00:00Z,US,Brooklyn,co,24,2.6,6.6,4.1,10.66
2019-10-09T00:00:00Z,US,Brooklyn,co,24,1.6,2.5,2.0,0.80
2019-10-11T00:00:00Z,US,Brooklyn,co,24,2.5,3.4,2.8,0.46
2019-10-12T00:00:00Z,US,Brooklyn,co,24,2.5,10.3,2.9,42.06
2019-10-27T00:00:00Z,US,Brooklyn,co,24,1.5,3.5,2.1,2.52
2019-10-30T00:00:00Z,US,Brooklyn,co,24,1.6,3.8,2.1,3.88
2019-12-11T00:00:00Z,US,Brooklyn,co,24,1.4,2.9,2.2,2.41
2019-12-20T00:00:00Z,US,Brooklyn,co,24,1.6,4.2,2.2,5.33
2020-01-03T00:00:00Z,US,Brooklyn,co,24,4.5,7.7,6.0,9.52
2019-10-29T00:00:00Z,US,Brooklyn,co,23,1.4,2.8,2.0,1.23
2019-11-23T00:00:00Z,US,Brooklyn,co,24,1.8,4.4,2.8,5.89
2019-12-08T00:00:00Z,US,Brooklyn,co,24,1.4,6.6,2.7,22.98
2020-01-04T00:00:00Z,US,Brooklyn,co,24,1.6,8.8,6.8,40.21
2019-10-02T00:00:00Z,US,Brooklyn,co,112,1.7,5.3,2.4,7.66
2019-10-07T00:00:00Z,US,Brooklyn,co,21,1.7,3.3,2.0,1.35
2019-11-20T00:00:00Z,US,Brooklyn,co,22,2.0,4.3,2.4,5.43
2019-11-22T00:00:00Z,US,Brooklyn,co,24,1.8,4.9,2.9,10.64
2019-12-22T00:00:00Z,US,Brooklyn,co,24,4.5,10.7,6.1,14.36
2019-12-25T00:00:00Z,US,Brooklyn,co,24,2.7,11.3,4.3,55.97
2019-10-01T00:00:00Z,US,Brooklyn,co,94,1.1,3.4,2.3,4.60
2019-10-13T00:00:00Z,US,Brooklyn,co,24,2.7,4.7,3.5,2.98
2019-11-02T00:00:00Z,US,Brooklyn,co,24,1.6,9.6,2.4,45.83
2019-12-07T00:00:00Z,US,Brooklyn,co,24,1.2,2.1,1.5,0.61
2019-12-12T00:00:00Z,US,Brooklyn,co,24,1.4,5.4,1.9,14.63
2019-10-03T00:00:00Z,US,Brooklyn,co,120,1.4,3.8,2.1,3.10
2019-10-24T00:00:00Z,US,Brooklyn,co,24,2.0,8.6,3.0,31.66
2019-12-01T00:00:00Z,US,Brooklyn,co,24,2.0,3.5,2.4,1.10
2019-12-05T00:00:00Z,US,Brooklyn,co,24,1.6,4.4,2.6,5.99
2019-12-18T00:00:00Z,US,Brooklyn,co,24,1.7,4.7,2.8,6.12
2019-12-19T00:00:00Z,US,Brooklyn,co,24,1.7,2.9,2.1,1.23
2019-10-23T00:00:00Z,US,Brooklyn,co,24,1.5,3.8,2.4,3.99
2019-11-04T00:00:00Z,US,Brooklyn,co,24,1.6,13.5,2.7,74.19
2019-11-06T00:00:00Z,US,Brooklyn,co,24,1.5,4.6,2.7,9.39
2020-01-05T00:00:00Z,US,Brooklyn,co,24,1.5,3.7,1.6,2.68
2019-12-21T00:00:00Z,US,Brooklyn,co,24,2.3,10.1,4.9,53.69
2019-09-30T00:00:00Z,US,Brooklyn,co,96,1.2,2.6,1.8,0.96
2019-10-04T00:00:00Z,US,Brooklyn,co,91,1.0,3.0,1.8,2.57
2019-10-14T00:00:00Z,US,Brooklyn,co,24,3.2,5.9,3.7,7.45
2019-10-15T00:00:00Z,US,Brooklyn,co,24,2.7,6.3,3.3,10.33
2019-10-21T00:00:00Z,US,Brooklyn,co,24,2.2,13.4,2.8,128.28
2019-11-21T00:00:00Z,US,Brooklyn,co,24,1.8,10.3,3.1,35.63
2019-12-14T00:00:00Z,US,Brooklyn,co,23,1.1,7.0,2.6,32.74
2019-12-24T00:00:00Z,US,Brooklyn,co,23,1.9,10.8,2.6,84.18
2019-11-28T00:00:00Z,US,Brooklyn,co,24,1.7,2.4,1.9,0.48
2019-10-06T00:00:00Z,US,Brooklyn,co,24,1.6,4.5,2.3,6.84
2019-10-19T00:00:00Z,US,Brooklyn,co,24,1.9,6.9,2.7,20.35
2019-11-05T00:00:00Z,US,Brooklyn,co,23,2.6,8.0,3.9,13.62
2019-11-24T00:00:00Z,US,Brooklyn,co,24,1.9,4.8,2.6,6.40
2019-11-25T00:00:00Z,US,Brooklyn,co,24,2.6,7.5,3.5,19.35
2019-11-26T00:00:00Z,US,Brooklyn,co,23,4.0,14.8,5.6,116.55
2019-11-27T00:00:00Z,US,Brooklyn,co,24,2.6,21.7,5.5,350.00
2019-12-17T00:00:00Z,US,Brooklyn,co,21,1.8,4.5,2.5,4.44
2019-10-05T00:00:00Z,US,Brooklyn,co,66,0.9,3.0,1.8,2.52
2019-10-31T00:00:00Z,US,Brooklyn,co,24,1.2,4.8,1.8,6.43
2019-12-26T00:00:00Z,US,Brooklyn,co,24,2.6,13.1,3.2,71.38
2019-10-08T00:00:00Z,US,Brooklyn,co,24,1.6,3.3,2.3,1.96
2019-11-01T00:00:00Z,US,Brooklyn,co,24,1.2,2.6,1.9,1.15
2019-12-10T00:00:00Z,US,Brooklyn,co,23,1.8,4.4,3.1,6.90
2019-12-13T00:00:00Z,US,Brooklyn,co,24,1.8,6.9,3.9,23.27
2019-10-22T00:00:00Z,US,Brooklyn,co,23,1.6,6.9,2.2,16.40
2019-12-09T00:00:00Z,US,Brooklyn,co,24,2.5,8.8,5.2,22.94
2019-12-23T00:00:00Z,US,Brooklyn,co,24,4.1,15.4,6.5,83.55
2019-12-28T00:00:00Z,US,Brooklyn,co,13,1.8,5.3,3.4,14.51
2019-10-25T00:00:00Z,US,Brooklyn,co,24,2.4,19.9,4.0,194.25
2019-12-02T00:00:00Z,US,Brooklyn,co,24,1.7,5.4,3.1,11.85
2019-10-18T00:00:00Z,US,Brooklyn,co,24,1.4,2.5,1.8,0.55
2019-10-28T00:00:00Z,US,Brooklyn,co,24,1.9,4.6,2.2,5.50
2019-11-08T00:00:00Z,US,Brooklyn,co,21,1.4,3.0,2.0,1.66
2019-12-03T00:00:00Z,US,Brooklyn,co,22,1.6,3.3,2.1,2.68
2019-12-04T00:00:00Z,US,Brooklyn,co,24,2.7,5.0,3.4,3.94
2019-12-06T00:00:00Z,US,Brooklyn,co,24,1.4,4.1,2.7,8.55
2019-12-15T00:00:00Z,US,Brooklyn,co,24,1.7,2.8,2.2,0.76
2019-10-10T00:00:00Z,US,Brooklyn,co,6,1.7,2.7,1.8,2.31
2019-10-17T00:00:00Z,US,Brooklyn,co,24,1.3,2.3,2.0,0.73
2019-10-20T00:00:00Z,US,Brooklyn,co,24,2.0,16.8,3.8,268.79
2019-11-03T00:00:00Z,US,Brooklyn,co,24,1.7,5.0,2.8,6.41
2019-11-30T00:00:00Z,US,Brooklyn,co,24,1.8,4.1,2.5,6.06
2019-10-11T00:00:00Z,US,Brooklyn,temperature,164,11.8,18.0,14.8,22.45
2019-10-18T00:00:00Z,US,Brooklyn,temperature,168,6.6,17.0,11.2,37.16
2019-11-27T00:00:00Z,US,Brooklyn,temperature,168,2.7,15.0,12.2,73.47
2019-12-22T00:00:00Z,US,Brooklyn,temperature,168,-8.7,9.0,3.3,187.14
2019-10-15T00:00:00Z,US,Brooklyn,temperature,168,6.1,18.7,14.3,92.58
2019-11-10T00:00:00Z,US,Brooklyn,temperature,144,-3.3,11.9,8.6,125.32
2019-11-19T00:00:00Z,US,Brooklyn,temperature,144,2.1,10.0,6.6,33.59
2019-12-06T00:00:00Z,US,Brooklyn,temperature,168,-0.1,9.7,4.9,86.75
2019-12-11T00:00:00Z,US,Brooklyn,temperature,168,-1.8,4.6,1.1,19.00
2019-12-12T00:00:00Z,US,Brooklyn,temperature,168,-5.4,3.3,-0.4,41.23
2019-10-08T00:00:00Z,US,Brooklyn,temperature,168,12.2,17.4,15.5,16.80
2019-10-23T00:00:00Z,US,Brooklyn,temperature,168,9.8,21.0,16.3,42.36
2019-11-02T00:00:00Z,US,Brooklyn,temperature,168,-1.1,13.1,9.2,98.33
2019-12-05T00:00:00Z,US,Brooklyn,temperature,168,-1.1,8.0,3.5,22.19
2019-12-13T00:00:00Z,US,Brooklyn,temperature,165,-5.0,10.9,6.0,120.72
2019-12-18T00:00:00Z,US,Brooklyn,temperature,168,-7.2,2.7,0.2,45.07
2019-10-04T00:00:00Z,US,Brooklyn,temperature,168,7.9,18.6,14.4,52.52
2019-10-05T00:00:00Z,US,Brooklyn,temperature,168,4.1,16.1,11.7,88.65
2019-10-30T00:00:00Z,US,Brooklyn,temperature,168,12.2,17.5,16.1,12.66
2019-11-15T00:00:00Z,US,Brooklyn,temperature,144,-4.8,11.1,6.7,135.23
2019-11-22T00:00:00Z,US,Brooklyn,temperature,168,2.7,13.0,9.3,56.16
2019-12-04T00:00:00Z,US,Brooklyn,temperature,168,-2.3,4.4,2.4,30.34
2019-12-20T00:00:00Z,US,Brooklyn,temperature,168,-8.8,1.6,-2.6,63.30
2019-10-01T00:00:00Z,US,Brooklyn,temperature,168,16.1,28.6,22.5,141.25
2019-10-03T00:00:00Z,US,Brooklyn,temperature,168,9.4,20.2,12.8,40.05
2019-10-14T00:00:00Z,US,Brooklyn,temperature,168,12.2,23.6,17.1,98.72
2019-10-24T00:00:00Z,US,Brooklyn,temperature,168,4.0,21.6,15.0,157.03
2019-11-18T00:00:00Z,US,Brooklyn,temperature,144,0.5,6.1,4.6,16.45
2019-11-30T00:00:00Z,US,Brooklyn,temperature,168,-3.3,6.9,1.9,66.10
2019-12-02T00:00:00Z,US,Brooklyn,temperature,168,-2.0,4.4,1.1,18.71
2019-10-17T00:00:00Z,US,Brooklyn,temperature,168,9.4,15.0,12.2,16.09
2019-10-27T00:00:00Z,US,Brooklyn,temperature,168,10.5,19.8,15.0,42.66
2019-12-10T00:00:00Z,US,Brooklyn,temperature,168,3.6,14.4,13.0,64.75
2019-12-19T00:00:00Z,US,Brooklyn,temperature,168,-10.5,-2.5,-6.1,35.96
2020-01-04T00:00:00Z,US,Brooklyn,temperature,161,4.3,11.1,9.4,23.39
2019-10-19T00:00:00Z,US,Brooklyn,temperature,168,0.8,17.0,12.0,134.95
2019-11-08T00:00:00Z,US,Brooklyn,temperature,160,-2.4,5.7,2.1,33.76
2019-12-17T00:00:00Z,US,Brooklyn,temperature,168,-1.1,2.2,1.1,6.26
2019-10-09T00:00:00Z,US,Brooklyn,temperature,168,10.1,15.5,12.5,21.96
2019-11-17T00:00:00Z,US,Brooklyn,temperature,144,-5.3,6.6,3.7,83.23
2019-11-23T00:00:00Z,US,Brooklyn,temperature,168,-1.1,8.8,5.3,57.47
2019-11-25T00:00:00Z,US,Brooklyn,temperature,168,1.6,12.4,8.9,84.21
2019-12-21T00:00:00Z,US,Brooklyn,temperature,168,-8.3,2.4,-1.6,84.89
2019-12-25T00:00:00Z,US,Brooklyn,temperature,168,-5.7,8.5,4.1,96.33
2019-11-01T00:00:00Z,US,Brooklyn,temperature,168,3.0,18.3,10.6,78.63
2019-11-07T00:00:00Z,US,Brooklyn,temperature,168,2.7,15.0,10.5,94.18
2019-11-09T00:00:00Z,US,Brooklyn,temperature,144,-7.2,6.2,3.1,116.94
2019-11-16T00:00:00Z,US,Brooklyn,temperature,144,-3.9,6.0,3.0,41.60
2019-11-21T00:00:00Z,US,Brooklyn,temperature,164,-0.5,12.6,9.3,107.26
2020-01-02T00:00:00Z,US,Brooklyn,temperature,12,7.6,9.3,8.3,1.98
2020-01-05T00:00:00Z,US,Brooklyn,temperature,168,-0.6,7.0,3.8,16.57
2019-10-07T00:00:00Z,US,Brooklyn,temperature,168,14.4,26.6,21.1,76.93
2019-10-25T00:00:00Z,US,Brooklyn,temperature,168,4.4,19.0,15.0,103.75
2019-11-03T00:00:00Z,US,Brooklyn,temperature,168,0.4,13.0,8.8,70.56
2019-11-11T00:00:00Z,US,Brooklyn,temperature,144,1.5,17.6,13.2,122.17
2019-12-03T00:00:00Z,US,Brooklyn,temperature,168,-2.5,2.7,0.0,16.96
2020-01-03T00:00:00Z,US,Brooklyn,temperature,159,4.4,10.5,8.8,15.08
2019-10-21T00:00:00Z,US,Brooklyn,temperature,168,7.8,20.6,14.5,118.81
2019-10-29T00:00:00Z,US,Brooklyn,temperature,168,9.0,15.6,14.3,17.94
2019-11-14T00:00:00Z,US,Brooklyn,temperature,144,-7.2,7.7,2.9,166.36
2019-11-24T00:00:00Z,US,Brooklyn,temperature,168,2.2,8.3,6.1,15.20
2019-11-29T00:00:00Z,US,Brooklyn,temperature,168,-2.7,7.0,2.2,38.61
2019-12-09T00:00:00Z,US,Brooklyn,temperature,168,0.2,13.0,9.9,92.92
2019-10-02T00:00:00Z,US,Brooklyn,temperature,149,14.5,34.0,23.2,163.16
2019-10-06T00:00:00Z,US,Brooklyn,temperature,168,7.2,21.1,18.8,108.79
2019-11-05T00:00:00Z,US,Brooklyn,temperature,168,3.8,17.2,13.5,76.02
2019-11-13T00:00:00Z,US,Brooklyn,temperature,144,-6.6,2.2,-1.5,51.35
2019-12-07T00:00:00Z,US,Brooklyn,temperature,168,-4.3,6.0,1.8,30.47
2019-12-15T00:00:00Z,US,Brooklyn,temperature,168,0.6,9.1,6.3,28.02
2019-12-27T00:00:00Z,US,Brooklyn,temperature,168,3.8,13.3,10.3,59.04
2019-11-20T00:00:00Z,US,Brooklyn,temperature,144,2.7,9.8,6.0,24.35
2019-11-26T00:00:00Z,US,Brooklyn,temperature,168,-1.1,15.9,11.0,175.25
2019-12-01T00:00:00Z,US,Brooklyn,temperature,168,-5.0,4.6,0.4,44.08
2019-12-08T00:00:00Z,US,Brooklyn,temperature,168,-8.6,6.8,2.0,150.89
2019-12-14T00:00:00Z,US,Brooklyn,temperature,168,5.5,13.1,10.0,23.41
2019-12-26T00:00:00Z,US,Brooklyn,temperature,166,-3.3,8.3,4.8,56.88
2019-12-28T00:00:00Z,US,Brooklyn,temperature,106,5.2,11.1,8.7,18.76
2019-10-10T00:00:00Z,US,Brooklyn,temperature,164,10.5,23.0,16.3,111.47
2019-10-22T00:00:00Z,US,Brooklyn,temperature,168,8.9,17.1,14.8,24.69
2019-10-28T00:00:00Z,US,Brooklyn,temperature,168,8.7,17.7,14.8,34.32
2019-10-31T00:00:00Z,US,Brooklyn,temperature,168,15.5,21.7,20.0,33.90
2019-11-06T00:00:00Z,US,Brooklyn,temperature,168,2.5,13.8,10.7,50.89
2019-10-13T00:00:00Z,US,Brooklyn,temperature,165,9.1,20.8,15.5,58.86
2019-10-16T00:00:00Z,US,Brooklyn,temperature,168,5.8,19.0,16.0,78.70
2019-10-20T00:00:00Z,US,Brooklyn,temperature,168,2.7,15.8,12.2,67.70
2019-11-04T00:00:00Z,US,Brooklyn,temperature,168,-1.1,15.1,11.8,146.76
2019-12-16T00:00:00Z,US,Brooklyn,temperature,168,-1.1,3.3,1.6,9.66
2019-09-30T00:00:00Z,US,Brooklyn,temperature,168,13.3,22.6,18.3,27.41
2019-10-12T00:00:00Z,US,Brooklyn,temperature,164,11.8,20.1,15.6,60.97
2019-10-26T00:00:00Z,US,Brooklyn,temperature,168,7.4,18.0,15.3,43.89
2019-11-12T00:00:00Z,US,Brooklyn,temperature,144,-4.7,14.6,2.4,377.96
2019-11-28T00:00:00Z,US,Brooklyn,temperature,168,1.6,12.2,8.1,59.73
2019-12-23T00:00:00Z,US,Brooklyn,temperature,168,-3.8,14.1,8.4,177.27
2019-12-24T00:00:00Z,US,Brooklyn,temperature,168,-0.5,9.3,6.4,43.40
2019-11-06T00:00:00Z,US,Brooklyn,humidity,168,26.0,90.5,48.7,1834.98
2019-10-31T00:00:00Z,US,Brooklyn,humidity,168,74.2,99.0,94.0,248.93
2019-11-22T00:00:00Z,US,Brooklyn,humidity,168,39.3,88.2,64.5,1242.87
2019-11-26T00:00:00Z,US,Brooklyn,humidity,168,42.8,97.7,69.2,1881.16
2019-12-11T00:00:00Z,US,Brooklyn,humidity,168,41.0,96.3,83.1,2355.07
2019-12-12T00:00:00Z,US,Brooklyn,humidity,168,28.3,79.0,50.8,1333.43
2019-10-09T00:00:00Z,US,Brooklyn,humidity,168,61.5,95.0,77.0,860.96
2019-10-18T00:00:00Z,US,Brooklyn,humidity,168,45.1,74.0,59.3,447.31
2019-11-01T00:00:00Z,US,Brooklyn,humidity,168,30.2,93.0,53.2,1986.41
2019-11-03T00:00:00Z,US,Brooklyn,humidity,168,33.7,81.8,54.0,1162.33
2019-11-12T00:00:00Z,US,Brooklyn,humidity,144,33.8,89.5,65.4,1980.80
2019-12-07T00:00:00Z,US,Brooklyn,humidity,168,34.0,69.5,51.0,662.02
2019-12-19T00:00:00Z,US,Brooklyn,humidity,168,44.0,70.6,56.6,380.64
2019-10-10T00:00:00Z,US,Brooklyn,humidity,164,24.8,88.0,45.6,3151.95
2019-10-26T00:00:00Z,US,Brooklyn,humidity,168,35.5,96.0,63.6,1564.03
2019-11-21T00:00:00Z,US,Brooklyn,humidity,164,38.6,92.0,61.3,970.89
2019-11-28T00:00:00Z,US,Brooklyn,humidity,168,38.5,75.5,54.3,644.95
2019-12-10T00:00:00Z,US,Brooklyn,humidity,168,59.6,95.8,86.5,618.49
2019-10-16T00:00:00Z,US,Brooklyn,humidity,168,59.0,100.0,80.4,940.60
2019-11-11T00:00:00Z,US,Brooklyn,humidity,144,44.7,90.0,67.0,1300.46
2020-01-04T00:00:00Z,US,Brooklyn,humidity,161,64.6,99.0,92.8,613.87
2019-10-22T00:00:00Z,US,Brooklyn,humidity,168,49.3,99.0,86.8,1320.39
2019-10-20T00:00:00Z,US,Brooklyn,humidity,168,54.0,97.0,83.6,943.62
2019-10-28T00:00:00Z,US,Brooklyn,humidity,168,57.3,96.0,79.5,925.94
2019-10-29T00:00:00Z,US,Brooklyn,humidity,168,82.5,97.0,93.0,137.52
2019-11-27T00:00:00Z,US,Brooklyn,humidity,168,55.2,94.7,79.0,772.97
2019-12-04T00:00:00Z,US,Brooklyn,humidity,168,63.8,92.0,77.8,627.21
2019-12-08T00:00:00Z,US,Brooklyn,humidity,168,40.4,88.5,63.3,1239.40
2019-12-09T00:00:00Z,US,Brooklyn,humidity,168,72.6,100.0,93.0,265.60
2019-10-05T00:00:00Z,US,Brooklyn,humidity,168,34.6,88.6,58.7,1357.37
2019-12-27T00:00:00Z,US,Brooklyn,humidity,168,65.2,90.2,79.1,370.43
2019-12-21T00:00:00Z,US,Brooklyn,humidity,168,53.0,83.7,68.8,495.75
2019-10-07T00:00:00Z,US,Brooklyn,humidity,168,49.1,96.7,75.0,949.45
2019-10-30T00:00:00Z,US,Brooklyn,humidity,168,87.9,99.0,95.0,112.46
2019-12-01T00:00:00Z,US,Brooklyn,humidity,168,40.1,95.2,71.0,2718.27
2019-10-02T00:00:00Z,US,Brooklyn,humidity,149,36.0,94.0,75.0,2041.95
2019-10-15T00:00:00Z,US,Brooklyn,humidity,168,25.6,94.0,59.1,2682.23
2019-10-25T00:00:00Z,US,Brooklyn,humidity,168,48.0,94.3,69.7,979.08
2019-11-14T00:00:00Z,US,Brooklyn,humidity,144,38.5,82.0,51.1,590.33
2019-11-17T00:00:00Z,US,Brooklyn,humidity,144,34.4,76.7,61.7,1188.44
2019-11-19T00:00:00Z,US,Brooklyn,humidity,144,56.1,98.0,76.4,1504.01
2019-12-03T00:00:00Z,US,Brooklyn,humidity,168,52.7,96.2,75.9,1366.96
2019-12-16T00:00:00Z,US,Brooklyn,humidity,168,41.6,85.2,53.0,907.41
2019-10-06T00:00:00Z,US,Brooklyn,humidity,168,58.2,90.0,75.2,689.72
2019-12-26T00:00:00Z,US,Brooklyn,humidity,166,64.4,93.0,87.0,441.02
2019-12-18T00:00:00Z,US,Brooklyn,humidity,168,51.9,91.0,69.0,768.45
2019-10-17T00:00:00Z,US,Brooklyn,humidity,168,47.0,86.7,61.2,806.23
2019-10-23T00:00:00Z,US,Brooklyn,humidity,168,23.5,99.0,55.6,6069.75
2019-11-07T00:00:00Z,US,Brooklyn,humidity,168,38.9,89.9,62.8,1690.59
2019-11-09T00:00:00Z,US,Brooklyn,humidity,144,26.4,87.0,55.6,1317.61
2020-01-02T00:00:00Z,US,Brooklyn,humidity,12,38.8,61.2,55.0,706.47
2019-10-08T00:00:00Z,US,Brooklyn,humidity,168,52.6,97.0,73.6,1674.81
2019-11-10T00:00:00Z,US,Brooklyn,humidity,144,31.0,75.7,55.7,759.59
2019-11-15T00:00:00Z,US,Brooklyn,humidity,144,28.5,79.0,46.7,1540.77
2019-11-23T00:00:00Z,US,Brooklyn,humidity,168,32.8,80.7,52.5,886.71
2019-12-06T00:00:00Z,US,Brooklyn,humidity,168,39.0,76.3,54.6,542.05
2019-12-17T00:00:00Z,US,Brooklyn,humidity,168,63.0,96.7,86.0,314.16
2019-12-20T00:00:00Z,US,Brooklyn,humidity,168,40.7,74.0,58.0,660.82
2020-01-05T00:00:00Z,US,Brooklyn,humidity,168,38.0,85.8,55.0,728.78
2019-10-14T00:00:00Z,US,Brooklyn,humidity,168,32.0,93.1,64.5,3769.24
2019-11-13T00:00:00Z,US,Brooklyn,humidity,144,21.2,65.0,44.6,1078.91
2019-11-24T00:00:00Z,US,Brooklyn,humidity,168,60.6,97.7,88.5,784.44
2019-12-14T00:00:00Z,US,Brooklyn,humidity,168,63.3,100.0,93.0,812.31
2019-12-15T00:00:00Z,US,Brooklyn,humidity,168,35.5,77.2,54.9,1314.06
2019-12-23T00:00:00Z,US,Brooklyn,humidity,168,26.4,95.6,56.6,2369.63
2019-09-30T00:00:00Z,US,Brooklyn,humidity,168,45.0,81.3,62.2,548.27
2019-11-04T00:00:00Z,US,Brooklyn,humidity,168,34.8,93.5,59.5,1301.60
2019-11-05T00:00:00Z,US,Brooklyn,humidity,168,44.2,88.7,71.0,1251.80
2019-11-30T00:00:00Z,US,Brooklyn,humidity,168,22.8,73.2,52.3,2034.07
2019-12-28T00:00:00Z,US,Brooklyn,humidity,106,45.1,92.0,79.8,1732.43
2019-10-01T00:00:00Z,US,Brooklyn,humidity,168,52.5,88.5,70.9,672.90
2019-12-24T00:00:00Z,US,Brooklyn,humidity,168,37.2,75.0,55.5,974.39
2019-12-25T00:00:00Z,US,Brooklyn,humidity,168,43.6,87.4,64.7,1180.29
2019-10-12T00:00:00Z,US,Brooklyn,humidity,164,45.0,80.6,66.0,611.70
2019-10-04T00:00:00Z,US,Brooklyn,humidity,168,42.2,99.0,64.1,3701.84
2019-10-21T00:00:00Z,US,Brooklyn,humidity,168,36.2,95.0,78.0,2277.60
2019-11-20T00:00:00Z,US,Brooklyn,humidity,144,34.0,93.0,66.4,1245.57
2019-11-25T00:00:00Z,US,Brooklyn,humidity,168,48.0,85.6,69.8,688.05
2019-10-03T00:00:00Z,US,Brooklyn,humidity,168,64.8,98.2,88.0,414.11
2019-11-18T00:00:00Z,US,Brooklyn,humidity,144,64.3,94.7,89.0,400.50
2019-11-29T00:00:00Z,US,Brooklyn,humidity,168,43.2,77.0,59.0,598.83
2019-12-02T00:00:00Z,US,Brooklyn,humidity,168,79.7,98.0,91.7,237.68
2019-12-05T00:00:00Z,US,Brooklyn,humidity,168,38.0,96.0,62.3,2105.46
2019-12-22T00:00:00Z,US,Brooklyn,humidity,168,42.0,94.5,64.0,1248.93
2019-10-24T00:00:00Z,US,Brooklyn,humidity,168,22.4,91.5,50.3,1842.98
2019-10-13T00:00:00Z,US,Brooklyn,humidity,165,31.5,94.0,68.7,2001.30
2019-10-19T00:00:00Z,US,Brooklyn,humidity,168,36.0,92.0,61.0,1311.11
2019-10-27T00:00:00Z,US,Brooklyn,humidity,168,55.6,100.0,90.5,751.73
2019-11-02T00:00:00Z,US,Brooklyn,humidity,168,42.5,95.0,64.1,786.61
2019-11-08T00:00:00Z,US,Brooklyn,humidity,160,28.6,85.5,54.1,1554.40
2019-11-16T00:00:00Z,US,Brooklyn,humidity,144,14.3,63.2,35.4,1736.55
2019-12-13T00:00:00Z,US,Brooklyn,humidity,165,62.0,98.2,81.8,915.85
2019-10-11T00:00:00Z,US,Brooklyn,humidity,164,34.9,67.7,52.0,506.00
2020-01-03T00:00:00Z,US,Brooklyn,humidity,159,59.3,97.0,87.2,873.13
2019-12-30T00:00:00Z,US,Brooklyn,o3,21,21.6,26.4,24.1,32.23
2019-10-02T00:00:00Z,US,Brooklyn,o3,120,5.6,52.0,20.8,1666.66
2019-10-22T00:00:00Z,US,Brooklyn,o3,24,3.2,24.1,18.4,234.52
2019-10-29T00:00:00Z,US,Brooklyn,o3,24,18.4,24.8,21.6,32.43
2019-11-17T00:00:00Z,US,Brooklyn,o3,22,21.6,28.1,24.8,28.04
2019-12-11T00:00:00Z,US,Brooklyn,o3,24,13.6,25.6,21.6,93.79
2019-12-16T00:00:00Z,US,Brooklyn,o3,21,9.6,25.6,24.1,394.18
2019-10-20T00:00:00Z,US,Brooklyn,o3,24,0.8,20.0,12.8,358.72
2019-11-03T00:00:00Z,US,Brooklyn,o3,23,16.0,26.4,23.3,103.28
2019-11-05T00:00:00Z,US,Brooklyn,o3,24,7.3,28.1,16.8,445.93
2019-11-07T00:00:00Z,US,Brooklyn,o3,24,1.6,23.3,10.4,469.16
2019-12-31T00:00:00Z,US,Brooklyn,o3,22,14.5,27.2,21.6,129.59
2020-01-01T00:00:00Z,US,Brooklyn,o3,20,18.4,28.9,21.6,111.76
2019-10-15T00:00:00Z,US,Brooklyn,o3,23,1.6,29.6,20.0,676.32
2019-10-24T00:00:00Z,US,Brooklyn,o3,24,7.3,33.6,16.8,766.65
2019-12-07T00:00:00Z,US,Brooklyn,o3,21,24.8,28.9,27.2,27.04
2019-12-28T00:00:00Z,US,Brooklyn,o3,21,11.2,24.8,21.6,94.10
2019-10-12T00:00:00Z,US,Brooklyn,o3,24,18.4,28.9,24.1,82.01
2019-10-13T00:00:00Z,US,Brooklyn,o3,24,9.6,32.0,23.3,535.49
2019-10-21T00:00:00Z,US,Brooklyn,o3,24,4.0,35.2,20.0,1040.64
2019-11-21T00:00:00Z,US,Brooklyn,o3,24,11.2,31.2,20.0,327.88
2019-12-15T00:00:00Z,US,Brooklyn,o3,21,21.6,26.4,24.8,20.66
2019-12-25T00:00:00Z,US,Brooklyn,o3,23,1.6,28.9,23.3,925.19
2019-09-30T00:00:00Z,US,Brooklyn,o3,117,10.4,29.6,19.2,207.71
2019-10-17T00:00:00Z,US,Brooklyn,o3,23,16.0,34.4,19.2,205.30
2019-10-18T00:00:00Z,US,Brooklyn,o3,22,16.0,24.1,20.8,77.47
2019-11-27T00:00:00Z,US,Brooklyn,o3,24,0.8,25.6,4.8,968.10
2019-12-22T00:00:00Z,US,Brooklyn,o3,22,0.8,21.6,5.6,570.90
2019-10-05T00:00:00Z,US,Brooklyn,o3,63,12.1,31.2,18.4,292.02
2019-10-09T00:00:00Z,US,Brooklyn,o3,23,13.6,17.6,16.0,14.24
2019-10-28T00:00:00Z,US,Brooklyn,o3,24,15.2,26.4,20.0,119.49
2019-12-18T00:00:00Z,US,Brooklyn,o3,23,21.6,31.2,27.2,56.29
2019-12-24T00:00:00Z,US,Brooklyn,o3,24,18.4,29.6,25.6,81.52
2020-01-04T00:00:00Z,US,Brooklyn,o3,14,0.8,23.3,1.6,873.38
2019-12-29T00:00:00Z,US,Brooklyn,o3,24,12.1,21.6,18.4,80.10
2019-10-07T00:00:00Z,US,Brooklyn,o3,24,20.0,28.9,25.6,53.27
2019-10-11T00:00:00Z,US,Brooklyn,o3,24,22.4,33.6,27.2,93.67
2019-10-31T00:00:00Z,US,Brooklyn,o3,24,10.4,24.8,21.6,131.95
2019-11-13T00:00:00Z,US,Brooklyn,o3,24,16.0,32.0,26.4,169.34
2019-11-23T00:00:00Z,US,Brooklyn,o3,22,2.4,31.2,23.3,762.40
2019-12-03T00:00:00Z,US,Brooklyn,o3,23,26.4,32.8,31.2,23.90
2019-12-19T00:00:00Z,US,Brooklyn,o3,24,23.3,31.2,24.8,60.58
2020-01-03T00:00:00Z,US,Brooklyn,o3,19,0.8,8.0,3.2,68.24
2019-10-06T00:00:00Z,US,Brooklyn,o3,24,2.4,26.4,22.4,698.04
2019-10-25T00:00:00Z,US,Brooklyn,o3,24,1.6,28.9,11.2,808.82
2019-11-01T00:00:00Z,US,Brooklyn,o3,22,18.4,29.6,23.3,78.41
2019-11-08T00:00:00Z,US,Brooklyn,o3,23,20.8,25.6,23.3,16.21
2019-11-25T00:00:00Z,US,Brooklyn,o3,22,1.6,24.1,17.6,512.44
2019-12-06T00:00:00Z,US,Brooklyn,o3,23,12.8,25.6,20.0,134.67
2019-12-20T00:00:00Z,US,Brooklyn,o3,23,21.6,28.9,24.8,49.33
2019-10-10T00:00:00Z,US,Brooklyn,o3,22,17.6,30.4,25.6,271.83
2019-10-14T00:00:00Z,US,Brooklyn,o3,24,4.8,41.6,28.1,1829.59
2019-11-12T00:00:00Z,US,Brooklyn,o3,23,0.8,28.9,24.8,1088.17
2019-12-01T00:00:00Z,US,Brooklyn,o3,21,19.2,25.6,23.3,36.54
2019-12-05T00:00:00Z,US,Brooklyn,o3,24,3.2,29.6,24.8,647.80
2019-12-10T00:00:00Z,US,Brooklyn,o3,22,11.2,31.2,16.8,383.33
2019-10-04T00:00:00Z,US,Brooklyn,o3,91,2.4,24.1,18.4,438.27
2019-11-06T00:00:00Z,US,Brooklyn,o3,23,13.6,32.0,23.3,360.53
2019-11-14T00:00:00Z,US,Brooklyn,o3,24,2.4,20.0,11.2,255.45
2019-12-02T00:00:00Z,US,Brooklyn,o3,21,26.4,31.2,27.2,26.34
2019-12-23T00:00:00Z,US,Brooklyn,o3,24,0.8,31.2,10.4,1084.88
2019-10-23T00:00:00Z,US,Brooklyn,o3,24,16.8,32.8,24.8,229.14
2019-11-18T00:00:00Z,US,Brooklyn,o3,18,20.0,25.6,23.3,30.94
2019-11-26T00:00:00Z,US,Brooklyn,o3,23,0.8,27.2,8.8,696.54
2019-12-13T00:00:00Z,US,Brooklyn,o3,20,0.8,24.8,11.2,446.34
2019-12-12T00:00:00Z,US,Brooklyn,o3,22,0.8,28.1,25.6,706.39
2019-12-21T00:00:00Z,US,Brooklyn,o3,23,0.8,26.4,20.8,973.01
2019-10-08T00:00:00Z,US,Brooklyn,o3,24,15.2,24.1,19.2,67.19
2019-10-27T00:00:00Z,US,Brooklyn,o3,22,12.1,29.6,24.1,386.56
2019-11-10T00:00:00Z,US,Brooklyn,o3,24,4.0,23.3,18.4,496.02
2019-11-16T00:00:00Z,US,Brooklyn,o3,20,21.6,30.4,25.6,79.29
2019-11-28T00:00:00Z,US,Brooklyn,o3,21,15.2,24.8,18.4,131.94
2019-11-29T00:00:00Z,US,Brooklyn,o3,22,20.8,25.6,24.1,21.29
2019-10-03T00:00:00Z,US,Brooklyn,o3,118,3.2,18.4,12.1,154.80
2019-11-09T00:00:00Z,US,Brooklyn,o3,23,4.8,22.4,17.6,267.76
2019-11-20T00:00:00Z,US,Brooklyn,o3,24,15.2,28.9,20.0,249.34
2019-12-04T00:00:00Z,US,Brooklyn,o3,22,4.0,29.6,9.6,628.48
2019-12-17T00:00:00Z,US,Brooklyn,o3,23,8.8,24.8,20.8,115.85
2019-10-01T00:00:00Z,US,Brooklyn,o3,113,10.4,40.8,22.4,694.72
2019-10-16T00:00:00Z,US,Brooklyn,o3,22,0.8,36.8,28.1,2322.15
2019-12-09T00:00:00Z,US,Brooklyn,o3,24,4.0,20.0,9.6,200.38
2020-01-02T00:00:00Z,US,Brooklyn,o3,24,4.8,24.8,18.4,388.30
2020-01-05T00:00:00Z,US,Brooklyn,o3,22,19.2,29.6,24.8,78.43
2019-12-08T00:00:00Z,US,Brooklyn,o3,24,9.6,24.1,19.2,129.23
2019-12-26T00:00:00Z,US,Brooklyn,o3,24,0.8,23.3,18.4,695.00
2019-10-19T00:00:00Z,US,Brooklyn,o3,24,8.0,27.2,18.4,409.31
2019-11-04T00:00:00Z,US,Brooklyn,o3,23,2.4,25.6,20.0,570.08
2019-11-11T00:00:00Z,US,Brooklyn,o3,24,1.6,24.8,8.8,547.61
2019-11-15T00:00:00Z,US,Brooklyn,o3,24,8.0,30.4,24.8,608.76
2019-11-22T00:00:00Z,US,Brooklyn,o3,23,15.2,24.1,18.4,81.11
2019-11-30T00:00:00Z,US,Brooklyn,o3,24,18.4,28.9,20.8,128.97
2019-12-27T00:00:00Z,US,Brooklyn,o3,23,4.8,23.3,12.8,395.14
2019-10-26T00:00:00Z,US,Brooklyn,o3,24,12.8,31.2,20.8,408.56
2019-10-30T00:00:00Z,US,Brooklyn,o3,24,8.8,26.4,16.8,237.97
2019-11-02T00:00:00Z,US,Brooklyn,o3,24,10.4,24.1,16.8,224.96
2019-11-19T00:00:00Z,US,Brooklyn,o3,24,10.4,25.6,20.0,160.36
2019-11-24T00:00:00Z,US,Brooklyn,o3,24,4.0,27.2,21.6,466.44
2019-12-14T00:00:00Z,US,Brooklyn,o3,24,8.8,27.2,21.6,313.95
2019-11-22T00:00:00Z,US,Brooklyn,pm25,144,11.0,160.0,38.0,5716.85
2019-12-09T00:00:00Z,US,Brooklyn,pm25,166,3.0,66.0,29.0,1802.94
2019-10-11T00:00:00Z,US,Brooklyn,pm25,158,1.0,43.0,13.0,564.81
2019-12-19T00:00:00Z,US,Brooklyn,pm25,163,10.0,79.0,36.0,2367.32
2019-12-22T00:00:00Z,US,Brooklyn,pm25,168,39.0,113.0,65.0,1411.94
2019-12-31T00:00:00Z,US,Brooklyn,pm25,166,8.0,60.0,28.0,1827.03
2019-10-04T00:00:00Z,US,Brooklyn,pm25,118,1.0,49.0,13.0,1070.80
2019-11-03T00:00:00Z,US,Brooklyn,pm25,168,6.0,55.0,29.0,998.67
2019-11-04T00:00:00Z,US,Brooklyn,pm25,162,2.0,60.0,22.0,1370.31
2019-11-28T00:00:00Z,US,Brooklyn,pm25,164,1.0,61.0,18.0,1250.74
2019-12-10T00:00:00Z,US,Brooklyn,pm25,168,10.0,67.0,43.0,1826.54
2019-12-26T00:00:00Z,US,Brooklyn,pm25,168,3.0,102.0,56.0,3496.48
2019-12-27T00:00:00Z,US,Brooklyn,pm25,164,10.0,83.0,44.0,2103.18
2020-01-02T00:00:00Z,US,Brooklyn,pm25,166,9.0,88.0,51.0,1362.51
2020-01-05T00:00:00Z,US,Brooklyn,pm25,166,2.0,54.0,30.0,1384.17
2019-10-24T00:00:00Z,US,Brooklyn,pm25,165,2.0,65.0,28.0,1632.34
2019-10-31T00:00:00Z,US,Brooklyn,pm25,139,1.0,45.0,21.0,981.08
2019-12-03T00:00:00Z,US,Brooklyn,pm25,168,7.0,58.0,23.0,1426.70
2019-12-08T00:00:00Z,US,Brooklyn,pm25,167,2.0,46.0,27.0,704.71
2019-09-30T00:00:00Z,US,Brooklyn,pm25,160,1.0,48.0,12.0,920.53
2019-10-21T00:00:00Z,US,Brooklyn,pm25,166,4.0,64.0,29.0,1867.64
2019-11-13T00:00:00Z,US,Brooklyn,pm25,143,2.0,55.0,17.0,898.96
2019-12-18T00:00:00Z,US,Brooklyn,pm25,162,8.0,59.0,30.0,1102.21
2019-12-28T00:00:00Z,US,Brooklyn,pm25,168,25.0,82.0,53.0,1369.89
2019-12-30T00:00:00Z,US,Brooklyn,pm25,167,2.0,44.0,14.0,788.12
2019-12-25T00:00:00Z,US,Brooklyn,pm25,168,18.0,80.0,42.0,1863.85
2019-10-14T00:00:00Z,US,Brooklyn,pm25,167,6.0,56.0,31.0,1340.52
2019-10-17T00:00:00Z,US,Brooklyn,pm25,154,1.0,28.0,12.0,367.97
2019-11-15T00:00:00Z,US,Brooklyn,pm25,144,9.0,70.0,45.0,1614.95
2019-11-21T00:00:00Z,US,Brooklyn,pm25,125,12.0,86.0,36.0,2297.53
2019-11-26T00:00:00Z,US,Brooklyn,pm25,164,23.0,151.0,55.0,3643.30
2019-12-01T00:00:00Z,US,Brooklyn,pm25,168,2.0,57.0,20.0,865.43
2019-12-06T00:00:00Z,US,Brooklyn,pm25,162,4.0,61.0,27.0,1072.13
2019-11-17T00:00:00Z,US,Brooklyn,pm25,143,6.0,41.0,18.0,294.60
2019-10-01T00:00:00Z,US,Brooklyn,pm25,162,1.0,58.0,26.0,2471.88
2019-10-19T00:00:00Z,US,Brooklyn,pm25,167,5.0,56.0,23.0,1826.07
2019-10-20T00:00:00Z,US,Brooklyn,pm25,168,8.0,79.0,40.0,2672.34
2019-10-23T00:00:00Z,US,Brooklyn,pm25,156,1.0,54.0,20.0,1736.33
2019-10-29T00:00:00Z,US,Brooklyn,pm25,149,1.0,43.0,13.0,839.02
2019-11-02T00:00:00Z,US,Brooklyn,pm25,167,3.0,36.0,19.0,657.79
2019-11-11T00:00:00Z,US,Brooklyn,pm25,144,34.0,103.0,60.0,1399.76
2019-11-19T00:00:00Z,US,Brooklyn,pm25,120,6.0,54.0,28.0,1190.20
2019-11-20T00:00:00Z,US,Brooklyn,pm25,116,5.0,58.0,27.0,734.98
2019-10-10T00:00:00Z,US,Brooklyn,pm25,157,1.0,32.0,10.0,513.76
2019-11-12T00:00:00Z,US,Brooklyn,pm25,143,4.0,69.0,23.0,2926.20
2019-12-05T00:00:00Z,US,Brooklyn,pm25,164,2.0,60.0,33.0,1577.99
2019-12-15T00:00:00Z,US,Brooklyn,pm25,164,6.0,65.0,33.0,1520.74
2019-12-16T00:00:00Z,US,Brooklyn,pm25,167,3.0,65.0,34.0,1978.18
2019-12-17T00:00:00Z,US,Brooklyn,pm25,164,1.0,83.0,26.0,1698.65
2019-10-13T00:00:00Z,US,Brooklyn,pm25,167,1.0,53.0,21.0,1094.57
2019-10-22T00:00:00Z,US,Brooklyn,pm25,152,1.0,58.0,15.0,1254.97
2019-10-25T00:00:00Z,US,Brooklyn,pm25,168,20.0,82.0,43.0,1932.10
2019-10-30T00:00:00Z,US,Brooklyn,pm25,143,1.0,53.0,15.0,912.45
2019-11-08T00:00:00Z,US,Brooklyn,pm25,151,1.0,61.0,13.0,1111.56
2019-10-06T00:00:00Z,US,Brooklyn,pm25,168,1.0,51.0,18.0,830.26
2019-10-07T00:00:00Z,US,Brooklyn,pm25,167,2.0,52.0,16.0,1047.48
2019-10-12T00:00:00Z,US,Brooklyn,pm25,167,1.0,58.0,15.0,1982.83
2019-10-28T00:00:00Z,US,Brooklyn,pm25,167,2.0,68.0,17.0,1252.32
2019-12-04T00:00:00Z,US,Brooklyn,pm25,163,3.0,69.0,45.0,1589.25
2019-12-13T00:00:00Z,US,Brooklyn,pm25,160,1.0,83.0,38.0,2970.78
2019-11-29T00:00:00Z,US,Brooklyn,pm25,166,1.0,45.0,14.0,406.63
2019-10-02T00:00:00Z,US,Brooklyn,pm25,151,3.0,130.0,44.0,4080.61
2019-10-03T00:00:00Z,US,Brooklyn,pm25,114,1.0,105.0,8.0,2415.92
2019-11-05T00:00:00Z,US,Brooklyn,pm25,168,5.0,66.0,36.0,1768.74
2019-11-14T00:00:00Z,US,Brooklyn,pm25,143,9.0,63.0,26.0,1003.81
2019-11-23T00:00:00Z,US,Brooklyn,pm25,143,1.0,57.0,25.0,1485.83
2019-11-24T00:00:00Z,US,Brooklyn,pm25,139,1.0,60.0,24.0,2544.46
2019-11-25T00:00:00Z,US,Brooklyn,pm25,150,5.0,96.0,54.0,1880.05
2019-10-27T00:00:00Z,US,Brooklyn,pm25,155,2.0,74.0,15.0,1205.84
2019-11-30T00:00:00Z,US,Brooklyn,pm25,162,2.0,53.0,18.0,1518.14
2019-12-02T00:00:00Z,US,Brooklyn,pm25,167,4.0,127.0,18.0,2299.27
2019-12-07T00:00:00Z,US,Brooklyn,pm25,167,1.0,73.0,24.0,1022.60
2019-12-23T00:00:00Z,US,Brooklyn,pm25,166,23.0,110.0,65.0,2506.88
2019-12-29T00:00:00Z,US,Brooklyn,pm25,168,21.0,78.0,50.0,1295.94
2019-10-08T00:00:00Z,US,Brooklyn,pm25,151,1.0,35.0,15.0,568.54
2019-10-26T00:00:00Z,US,Brooklyn,pm25,167,2.0,55.0,30.0,1738.17
2019-11-07T00:00:00Z,US,Brooklyn,pm25,163,3.0,65.0,32.0,1963.24
2019-11-18T00:00:00Z,US,Brooklyn,pm25,132,6.0,54.0,19.0,666.54
2019-11-27T00:00:00Z,US,Brooklyn,pm25,164,10.0,130.0,52.0,3250.80
2019-12-11T00:00:00Z,US,Brooklyn,pm25,162,2.0,51.0,28.0,815.24
2019-12-24T00:00:00Z,US,Brooklyn,pm25,168,10.0,87.0,40.0,3332.81
2019-11-09T00:00:00Z,US,Brooklyn,pm25,138,1.0,44.0,16.0,691.32
2020-01-01T00:00:00Z,US,Brooklyn,pm25,168,1.0,54.0,30.0,1299.37
2020-01-03T00:00:00Z,US,Brooklyn,pm25,165,35.0,75.0,60.0,647.19
2020-01-04T00:00:00Z,US,Brooklyn,pm25,168,10.0,92.0,51.0,2165.21
2019-12-20T00:00:00Z,US,Brooklyn,pm25,164,4.0,65.0,36.0,1208.84
2019-10-09T00:00:00Z,US,Brooklyn,pm25,164,3.0,33.0,14.0,389.48
2019-10-16T00:00:00Z,US,Brooklyn,pm25,142,2.0,39.0,22.0,825.75
2019-10-18T00:00:00Z,US,Brooklyn,pm25,166,2.0,67.0,13.0,853.97
2019-11-01T00:00:00Z,US,Brooklyn,pm25,160,1.0,62.0,15.0,1396.32
2019-11-10T00:00:00Z,US,Brooklyn,pm25,144,9.0,75.0,37.0,2423.64
2019-11-16T00:00:00Z,US,Brooklyn,pm25,139,2.0,52.0,21.0,935.89
2019-12-14T00:00:00Z,US,Brooklyn,pm25,119,2.0,71.0,23.0,3154.82
2019-12-21T00:00:00Z,US,Brooklyn,pm25,168,11.0,74.0,43.0,2181.77
2019-10-05T00:00:00Z,US,Brooklyn,pm25,142,1.0,68.0,10.0,1400.73
2019-10-15T00:00:00Z,US,Brooklyn,pm25,167,1.0,151.0,29.0,5347.58
2019-11-06T00:00:00Z,US,Brooklyn,pm25,160,5.0,93.0,27.0,1655.37
2019-12-12T00:00:00Z,US,Brooklyn,pm25,166,9.0,145.0,36.0,4054.58
2019-11-14T00:00:00Z,US,Brooklyn,no2,22,17.0,44.4,27.3,921.97
2019-12-03T00:00:00Z,US,Brooklyn,no2,24,7.8,25.7,11.9,269.69
2019-12-10T00:00:00Z,US,Brooklyn,no2,24,8.6,23.6,18.4,244.79
2019-12-16T00:00:00Z,US,Brooklyn,no2,21,8.1,27.6,21.5,463.06
2019-12-23T00:00:00Z,US,Brooklyn,no2,24,29.8,47.8,37.5,132.28
2019-10-12T00:00:00Z,US,Brooklyn,no2,24,3.0,36.4,5.3,818.92
2019-10-14T00:00:00Z,US,Brooklyn,no2,24,6.5,33.3,12.1,488.83
2019-11-13T00:00:00Z,US,Brooklyn,no2,24,7.9,25.2,11.4,232.26
2019-10-29T00:00:00Z,US,Brooklyn,no2,24,7.3,17.9,13.0,77.62
2019-11-10T00:00:00Z,US,Brooklyn,no2,24,13.4,36.8,20.6,489.00
2019-12-11T00:00:00Z,US,Brooklyn,no2,24,8.6,22.8,17.0,224.43
2019-12-19T00:00:00Z,US,Brooklyn,no2,24,7.3,16.9,10.5,121.61
2019-10-07T00:00:00Z,US,Brooklyn,no2,22,5.9,22.4,10.6,250.99
2019-10-20T00:00:00Z,US,Brooklyn,no2,24,9.9,39.0,17.7,1052.64
2019-10-28T00:00:00Z,US,Brooklyn,no2,24,5.2,22.9,11.6,235.63
2019-11-21T00:00:00Z,US,Brooklyn,no2,21,13.4,40.9,23.5,954.64
2019-12-08T00:00:00Z,US,Brooklyn,no2,24,8.0,35.9,20.7,866.58
2019-10-10T00:00:00Z,US,Brooklyn,no2,23,4.1,10.9,5.7,41.31
2019-10-22T00:00:00Z,US,Brooklyn,no2,24,12.6,27.9,16.5,141.02
2019-11-06T00:00:00Z,US,Brooklyn,no2,24,7.3,34.3,11.9,968.73
2019-11-11T00:00:00Z,US,Brooklyn,no2,24,22.1,50.5,42.2,655.96
2019-11-25T00:00:00Z,US,Brooklyn,no2,20,13.5,41.2,22.5,952.60
2019-11-28T00:00:00Z,US,Brooklyn,no2,24,4.3,9.7,6.6,28.52
2019-12-18T00:00:00Z,US,Brooklyn,no2,24,10.0,28.2,15.2,209.85
2019-10-01T00:00:00Z,US,Brooklyn,no2,105,3.2,25.2,15.5,388.57
2019-10-24T00:00:00Z,US,Brooklyn,no2,24,11.4,39.0,18.5,506.75
2019-11-05T00:00:00Z,US,Brooklyn,no2,24,4.8,42.0,25.3,927.58
2019-11-23T00:00:00Z,US,Brooklyn,no2,24,11.0,34.9,16.8,516.65
2019-12-05T00:00:00Z,US,Brooklyn,no2,24,7.5,26.2,15.4,264.96
2019-12-13T00:00:00Z,US,Brooklyn,no2,24,16.9,43.2,33.7,448.24
2019-12-15T00:00:00Z,US,Brooklyn,no2,24,6.3,15.2,9.8,52.88
2019-12-25T00:00:00Z,US,Brooklyn,no2,24,13.3,40.4,29.1,596.86
2019-10-06T00:00:00Z,US,Brooklyn,no2,24,4.3,31.2,9.3,438.39
2019-10-23T00:00:00Z,US,Brooklyn,no2,24,5.3,19.9,10.7,234.42
2019-11-20T00:00:00Z,US,Brooklyn,no2,24,10.3,21.4,13.4,86.71
2020-01-04T00:00:00Z,US,Brooklyn,no2,24,8.7,28.5,23.0,280.49
2019-10-02T00:00:00Z,US,Brooklyn,no2,120,3.6,26.2,11.8,361.97
2019-10-18T00:00:00Z,US,Brooklyn,no2,24,3.6,12.3,4.9,76.82
2019-11-22T00:00:00Z,US,Brooklyn,no2,24,8.9,35.3,19.8,762.74
2019-10-27T00:00:00Z,US,Brooklyn,no2,24,6.2,14.8,10.0,76.40
2019-12-07T00:00:00Z,US,Brooklyn,no2,24,6.8,17.7,12.2,110.58
2019-12-09T00:00:00Z,US,Brooklyn,no2,24,12.7,38.5,30.9,377.96
2019-12-22T00:00:00Z,US,Brooklyn,no2,24,25.5,36.8,30.4,119.80
2019-12-24T00:00:00Z,US,Brooklyn,no2,24,9.8,40.3,20.4,1008.87
2019-10-05T00:00:00Z,US,Brooklyn,no2,75,3.1,18.2,4.5,102.43
2019-10-08T00:00:00Z,US,Brooklyn,no2,19,3.2,16.3,7.3,83.60
2019-10-25T00:00:00Z,US,Brooklyn,no2,24,13.6,64.4,24.4,2079.52
2019-10-30T00:00:00Z,US,Brooklyn,no2,24,8.6,28.6,11.5,281.34
2019-11-07T00:00:00Z,US,Brooklyn,no2,24,9.0,42.7,25.4,719.85
2019-11-24T00:00:00Z,US,Brooklyn,no2,24,9.1,33.9,12.3,476.83
2019-12-04T00:00:00Z,US,Brooklyn,no2,24,20.6,32.3,23.8,106.83
2020-01-03T00:00:00Z,US,Brooklyn,no2,21,24.0,35.7,30.8,99.37
2019-10-16T00:00:00Z,US,Brooklyn,no2,24,2.8,37.2,15.3,1082.83
2019-10-17T00:00:00Z,US,Brooklyn,no2,24,2.9,10.3,5.4,30.67
2019-10-26T00:00:00Z,US,Brooklyn,no2,24,5.2,25.2,12.3,315.16
2019-10-13T00:00:00Z,US,Brooklyn,no2,24,4.1,20.2,9.8,228.64
2019-11-26T00:00:00Z,US,Brooklyn,no2,22,28.7,62.6,42.5,1025.18
2020-01-05T00:00:00Z,US,Brooklyn,no2,24,4.8,19.3,6.1,187.49
2019-12-26T00:00:00Z,US,Brooklyn,no2,22,13.3,36.6,25.7,408.14
2019-11-03T00:00:00Z,US,Brooklyn,no2,24,5.2,19.4,14.6,218.79
2019-11-12T00:00:00Z,US,Brooklyn,no2,24,8.8,31.4,11.9,330.10
2019-11-17T00:00:00Z,US,Brooklyn,no2,24,6.2,17.1,12.7,99.81
2019-11-27T00:00:00Z,US,Brooklyn,no2,24,11.9,54.1,29.3,1609.55
2019-12-02T00:00:00Z,US,Brooklyn,no2,9,10.1,19.6,15.3,125.81
2019-12-27T00:00:00Z,US,Brooklyn,no2,24,21.9,39.8,30.2,179.11
2019-09-30T00:00:00Z,US,Brooklyn,no2,120,2.6,14.1,6.7,91.97
2019-10-19T00:00:00Z,US,Brooklyn,no2,24,8.1,38.2,14.2,627.27
2019-11-01T00:00:00Z,US,Brooklyn,no2,24,3.3,12.4,6.5,90.52
2019-11-15T00:00:00Z,US,Brooklyn,no2,24,15.0,43.0,29.6,486.07
2019-12-06T00:00:00Z,US,Brooklyn,no2,23,9.0,33.1,19.5,503.48
2019-10-09T00:00:00Z,US,Brooklyn,no2,17,3.4,9.4,6.7,24.82
2019-10-21T00:00:00Z,US,Brooklyn,no2,22,7.7,42.7,9.8,1796.90
2019-11-09T00:00:00Z,US,Brooklyn,no2,24,10.5,29.3,15.8,268.56
2019-11-18T00:00:00Z,US,Brooklyn,no2,24,9.5,26.7,18.2,296.05
2019-11-29T00:00:00Z,US,Brooklyn,no2,10,6.3,11.5,7.3,39.43
2019-12-21T00:00:00Z,US,Brooklyn,no2,24,18.1,43.7,30.4,740.57
2019-12-28T00:00:00Z,US,Brooklyn,no2,14,8.8,26.0,22.5,425.86
2019-10-03T00:00:00Z,US,Brooklyn,no2,117,2.2,20.4,10.5,188.60
2019-10-31T00:00:00Z,US,Brooklyn,no2,22,3.5,25.7,9.8,555.09
2019-11-04T00:00:00Z,US,Brooklyn,no2,23,9.0,37.4,17.7,776.23
2019-12-20T00:00:00Z,US,Brooklyn,no2,24,11.2,35.0,16.5,372.99
2019-10-04T00:00:00Z,US,Brooklyn,no2,100,3.6,17.5,8.4,172.43
2019-11-08T00:00:00Z,US,Brooklyn,no2,24,6.0,16.3,8.6,96.81
2019-11-16T00:00:00Z,US,Brooklyn,no2,24,6.4,18.8,10.9,152.93
2019-11-19T00:00:00Z,US,Brooklyn,no2,24,13.4,26.6,19.1,110.82
2019-12-12T00:00:00Z,US,Brooklyn,no2,22,11.6,45.5,17.5,1193.66
2019-12-14T00:00:00Z,US,Brooklyn,no2,24,5.5,32.6,17.1,930.80
2019-12-17T00:00:00Z,US,Brooklyn,no2,24,14.0,26.0,20.0,90.49
2020-01-02T00:00:00Z,US,Brooklyn,no2,24,16.8,37.7,31.6,267.24
2019-10-11T00:00:00Z,US,Brooklyn,no2,24,3.7,14.1,5.5,52.50
2019-10-15T00:00:00Z,US,Brooklyn,no2,20,6.5,33.8,13.1,674.46
2019-11-02T00:00:00Z,US,Brooklyn,no2,24,6.5,26.7,11.7,305.82
2019-10-26T00:00:00Z,US,Brooklyn,pressure,168,1020.6,1026.7,1023.9,26.13
2019-12-14T00:00:00Z,US,Brooklyn,pressure,168,986.1,1012.6,995.7,417.17
2019-12-27T00:00:00Z,US,Brooklyn,pressure,168,1019.3,1029.9,1023.3,104.68
2019-11-12T00:00:00Z,US,Brooklyn,pressure,144,1004.9,1023.8,1012.8,318.77
2019-12-10T00:00:00Z,US,Brooklyn,pressure,168,988.8,1020.8,1009.8,226.00
2019-10-20T00:00:00Z,US,Brooklyn,pressure,168,1014.9,1019.6,1017.5,17.27
2019-10-30T00:00:00Z,US,Brooklyn,pressure,168,1018.7,1027.6,1024.4,62.13
2019-11-08T00:00:00Z,US,Brooklyn,pressure,160,1016.0,1029.5,1021.6,119.82
2019-11-11T00:00:00Z,US,Brooklyn,pressure,144,1009.0,1020.8,1017.6,89.01
2019-11-17T00:00:00Z,US,Brooklyn,pressure,144,1017.0,1032.8,1026.6,180.49
2019-12-21T00:00:00Z,US,Brooklyn,pressure,168,1031.0,1040.3,1036.4,74.92
2019-11-26T00:00:00Z,US,Brooklyn,pressure,168,1013.0,1019.5,1016.6,26.58
2019-12-19T00:00:00Z,US,Brooklyn,pressure,168,1018.2,1032.6,1028.1,121.70
2019-10-04T00:00:00Z,US,Brooklyn,pressure,168,1012.1,1029.7,1019.2,231.87
2019-10-12T00:00:00Z,US,Brooklyn,pressure,168,1013.2,1018.4,1015.6,15.34
2019-10-17T00:00:00Z,US,Brooklyn,pressure,168,988.6,1006.0,994.9,183.90
2019-11-16T00:00:00Z,US,Brooklyn,pressure,144,1023.5,1033.7,1031.3,74.57
2019-11-27T00:00:00Z,US,Brooklyn,pressure,168,998.7,1019.4,1011.8,482.44
2019-11-28T00:00:00Z,US,Brooklyn,pressure,168,1000.6,1024.1,1010.7,405.92
2019-12-02T00:00:00Z,US,Brooklyn,pressure,168,996.9,1002.5,1000.4,24.68
2019-12-25T00:00:00Z,US,Brooklyn,pressure,168,1020.4,1026.3,1023.0,22.82
2019-10-11T00:00:00Z,US,Brooklyn,pressure,168,1017.1,1023.4,1020.2,21.68
2019-10-18T00:00:00Z,US,Brooklyn,pressure,168,1003.3,1018.8,1010.8,172.32
2019-10-23T00:00:00Z,US,Brooklyn,pressure,168,1001.4,1023.4,1013.5,208.44
2019-11-25T00:00:00Z,US,Brooklyn,pressure,168,1002.7,1015.4,1010.2,100.08
2020-01-02T00:00:00Z,US,Brooklyn,pressure,12,1010.4,1013.6,1011.8,7.94
2020-01-04T00:00:00Z,US,Brooklyn,pressure,168,999.5,1010.7,1002.9,112.84
2019-10-24T00:00:00Z,US,Brooklyn,pressure,168,1014.7,1029.1,1025.9,65.12
2019-11-21T00:00:00Z,US,Brooklyn,pressure,164,1015.0,1024.6,1021.1,52.01
2019-11-23T00:00:00Z,US,Brooklyn,pressure,168,1006.8,1019.9,1015.7,114.49
2019-11-24T00:00:00Z,US,Brooklyn,pressure,168,989.7,1007.3,997.2,235.48
2019-11-07T00:00:00Z,US,Brooklyn,pressure,168,1014.4,1028.9,1019.8,167.81
2019-11-13T00:00:00Z,US,Brooklyn,pressure,144,1021.4,1033.0,1028.3,89.33
2019-12-17T00:00:00Z,US,Brooklyn,pressure,168,1004.4,1022.2,1009.1,262.57
2019-12-18T00:00:00Z,US,Brooklyn,pressure,168,1007.0,1020.5,1012.1,79.22
2019-09-30T00:00:00Z,US,Brooklyn,pressure,168,1023.3,1029.5,1026.6,28.94
2019-10-10T00:00:00Z,US,Brooklyn,pressure,168,1020.6,1026.3,1023.3,16.00
2019-10-13T00:00:00Z,US,Brooklyn,pressure,168,1010.1,1021.9,1018.5,63.91
2019-11-02T00:00:00Z,US,Brooklyn,pressure,168,1016.9,1026.6,1021.7,102.05
2019-11-22T00:00:00Z,US,Brooklyn,pressure,168,1004.6,1017.8,1011.5,120.38
2019-12-03T00:00:00Z,US,Brooklyn,pressure,168,997.1,1004.7,1001.6,33.45
2019-12-05T00:00:00Z,US,Brooklyn,pressure,168,999.5,1020.9,1009.1,350.22
2019-12-11T00:00:00Z,US,Brooklyn,pressure,168,1017.2,1034.1,1026.1,127.51
2019-10-05T00:00:00Z,US,Brooklyn,pressure,168,1027.5,1033.8,1030.7,19.00
2019-10-06T00:00:00Z,US,Brooklyn,pressure,168,1023.4,1030.0,1026.7,30.36
2019-10-29T00:00:00Z,US,Brooklyn,pressure,168,1024.2,1028.4,1026.5,13.77
2019-11-03T00:00:00Z,US,Brooklyn,pressure,168,1016.3,1026.9,1020.4,71.05
2019-12-16T00:00:00Z,US,Brooklyn,pressure,168,1020.7,1027.8,1024.5,27.19
2019-12-07T00:00:00Z,US,Brooklyn,pressure,168,1019.4,1035.1,1028.7,118.48
2019-10-14T00:00:00Z,US,Brooklyn,pressure,168,1009.0,1019.9,1015.4,39.54
2019-10-15T00:00:00Z,US,Brooklyn,pressure,168,1016.6,1024.2,1020.6,32.08
2019-10-28T00:00:00Z,US,Brooklyn,pressure,168,1012.5,1027.6,1022.5,162.12
2019-11-19T00:00:00Z,US,Brooklyn,pressure,144,1005.4,1013.6,1009.8,45.22
2019-11-10T00:00:00Z,US,Brooklyn,pressure,144,1015.8,1023.2,1019.3,34.02
2019-11-30T00:00:00Z,US,Brooklyn,pressure,168,1013.8,1021.0,1018.2,28.98
2019-12-15T00:00:00Z,US,Brooklyn,pressure,168,994.4,1023.6,1009.8,574.28
2019-12-23T00:00:00Z,US,Brooklyn,pressure,168,1013.1,1023.7,1019.2,99.14
2019-10-07T00:00:00Z,US,Brooklyn,pressure,168,1017.7,1025.3,1021.4,37.30
2019-10-16T00:00:00Z,US,Brooklyn,pressure,168,985.8,1020.1,1009.8,1082.97
2019-11-01T00:00:00Z,US,Brooklyn,pressure,168,1000.4,1026.1,1018.5,441.45
2019-11-04T00:00:00Z,US,Brooklyn,pressure,168,1025.0,1030.6,1027.5,19.32
2019-12-22T00:00:00Z,US,Brooklyn,pressure,168,1021.8,1032.7,1026.6,84.08
2019-12-24T00:00:00Z,US,Brooklyn,pressure,168,1013.0,1024.8,1021.0,90.65
2019-10-21T00:00:00Z,US,Brooklyn,pressure,168,1014.7,1022.0,1018.6,36.18
2019-10-27T00:00:00Z,US,Brooklyn,pressure,168,1004.5,1025.8,1013.0,353.90
2019-11-15T00:00:00Z,US,Brooklyn,pressure,144,1019.2,1027.3,1024.1,39.82
2019-12-06T00:00:00Z,US,Brooklyn,pressure,168,1011.5,1022.5,1019.5,74.95
2019-10-19T00:00:00Z,US,Brooklyn,pressure,168,1015.9,1020.7,1018.1,12.04
2019-11-05T00:00:00Z,US,Brooklyn,pressure,168,1018.9,1026.8,1022.7,45.12
2019-12-01T00:00:00Z,US,Brooklyn,pressure,168,998.3,1018.3,1012.7,423.91
2019-12-09T00:00:00Z,US,Brooklyn,pressure,168,988.9,1029.0,1016.2,703.90
2019-10-31T00:00:00Z,US,Brooklyn,pressure,168,998.5,1020.9,1011.2,347.07
2019-11-20T00:00:00Z,US,Brooklyn,pressure,144,1010.6,1021.3,1015.5,73.68
2020-01-05T00:00:00Z,US,Brooklyn,pressure,168,1000.2,1017.8,1011.1,237.96
2019-10-22T00:00:00Z,US,Brooklyn,pressure,168,1003.4,1021.9,1017.9,176.05
2019-11-14T00:00:00Z,US,Brooklyn,pressure,144,1025.6,1033.1,1030.2,53.49
2019-11-18T00:00:00Z,US,Brooklyn,pressure,144,1005.2,1018.6,1009.6,131.00
2019-12-28T00:00:00Z,US,Brooklyn,pressure,106,1019.0,1025.5,1022.6,31.60
2019-10-25T00:00:00Z,US,Brooklyn,pressure,168,1021.0,1028.6,1025.8,53.64
2019-12-04T00:00:00Z,US,Brooklyn,pressure,168,998.5,1004.5,1001.6,24.74
2019-12-20T00:00:00Z,US,Brooklyn,pressure,168,1030.2,1039.5,1035.4,52.26
2019-10-01T00:00:00Z,US,Brooklyn,pressure,168,1011.1,1024.9,1019.3,132.10
2019-10-02T00:00:00Z,US,Brooklyn,pressure,149,1005.7,1018.0,1011.0,54.54
2019-10-03T00:00:00Z,US,Brooklyn,pressure,168,1013.5,1022.8,1018.5,49.49
2019-10-08T00:00:00Z,US,Brooklyn,pressure,168,1021.9,1026.4,1024.2,12.47
2019-12-08T00:00:00Z,US,Brooklyn,pressure,168,1025.6,1036.4,1032.6,68.51
2019-12-12T00:00:00Z,US,Brooklyn,pressure,168,1031.4,1043.3,1039.4,61.47
2019-12-13T00:00:00Z,US,Brooklyn,pressure,165,1012.4,1038.2,1027.7,439.20
2019-12-26T00:00:00Z,US,Brooklyn,pressure,168,1021.3,1030.9,1027.8,63.04
2019-10-09T00:00:00Z,US,Brooklyn,pressure,168,1022.6,1028.0,1025.2,17.95
2019-11-06T00:00:00Z,US,Brooklyn,pressure,168,1020.3,1031.2,1027.8,61.24
2019-11-09T00:00:00Z,US,Brooklyn,pressure,144,1021.6,1030.3,1026.9,63.40
2019-11-29T00:00:00Z,US,Brooklyn,pressure,168,1017.7,1025.9,1022.6,31.54
2020-01-03T00:00:00Z,US,Brooklyn,pressure,165,1007.5,1012.7,1010.2,18.56
2019-11-03T00:00:00Z,US,Brooklyn,wind-gust,144,0.1,14.7,5.2,151.21
2019-11-14T00:00:00Z,US,Brooklyn,wind-gust,104,0.1,17.5,5.2,194.57
2019-11-16T00:00:00Z,US,Brooklyn,wind-gust,120,2.3,28.6,14.3,332.27
2019-11-26T00:00:00Z,US,Brooklyn,wind-gust,127,0.2,13.2,5.1,118.12
2019-09-30T00:00:00Z,US,Brooklyn,wind-gust,143,0.6,17.3,10.3,243.09
2019-10-11T00:00:00Z,US,Brooklyn,wind-gust,140,3.0,26.9,16.7,415.95
2019-10-18T00:00:00Z,US,Brooklyn,wind-gust,143,0.1,26.0,14.0,303.71
2019-10-31T00:00:00Z,US,Brooklyn,wind-gust,144,1.3,43.1,12.2,681.12
2019-12-04T00:00:00Z,US,Brooklyn,wind-gust,135,0.2,24.1,8.2,225.42
2019-12-16T00:00:00Z,US,Brooklyn,wind-gust,132,0.1,18.7,3.7,187.02
2019-12-21T00:00:00Z,US,Brooklyn,wind-gust,139,0.2,12.3,3.0,91.48
2019-12-28T00:00:00Z,US,Brooklyn,wind-gust,85,0.1,19.8,5.5,188.05
2019-10-26T00:00:00Z,US,Brooklyn,wind-gust,144,0.1,14.1,4.2,110.99
2019-11-05T00:00:00Z,US,Brooklyn,wind-gust,135,0.2,16.5,5.5,132.04
2019-11-10T00:00:00Z,US,Brooklyn,wind-gust,109,0.2,16.0,6.5,141.68
2019-12-19T00:00:00Z,US,Brooklyn,wind-gust,144,4.5,39.0,16.1,478.67
2019-12-14T00:00:00Z,US,Brooklyn,wind-gust,144,0.1,27.3,8.7,635.29
2019-12-20T00:00:00Z,US,Brooklyn,wind-gust,142,0.2,20.0,8.1,151.51
2020-01-04T00:00:00Z,US,Brooklyn,wind-gust,122,0.2,28.0,3.7,426.48
2019-10-23T00:00:00Z,US,Brooklyn,wind-gust,144,0.2,25.0,6.8,323.93
2019-11-18T00:00:00Z,US,Brooklyn,wind-gust,120,0.6,21.8,10.0,200.18
2019-11-22T00:00:00Z,US,Brooklyn,wind-gust,144,4.8,29.1,10.0,322.34
2019-12-08T00:00:00Z,US,Brooklyn,wind-gust,127,0.2,19.7,4.6,306.13
2019-12-07T00:00:00Z,US,Brooklyn,wind-gust,142,0.1,22.9,11.7,259.34
2019-12-18T00:00:00Z,US,Brooklyn,wind-gust,119,1.0,40.0,16.1,470.55
2019-10-04T00:00:00Z,US,Brooklyn,wind-gust,139,0.1,28.6,9.5,588.69
2019-10-22T00:00:00Z,US,Brooklyn,wind-gust,143,0.1,20.0,5.8,195.54
2019-11-04T00:00:00Z,US,Brooklyn,wind-gust,125,0.1,23.3,7.7,313.53
2019-11-30T00:00:00Z,US,Brooklyn,wind-gust,137,0.2,16.1,8.3,164.82
2019-11-15T00:00:00Z,US,Brooklyn,wind-gust,116,0.1,19.3,6.1,178.61
2019-11-19T00:00:00Z,US,Brooklyn,wind-gust,116,0.2,14.3,4.8,125.67
2019-11-28T00:00:00Z,US,Brooklyn,wind-gust,144,4.8,46.0,20.7,748.92
2019-12-23T00:00:00Z,US,Brooklyn,wind-gust,141,0.1,18.3,5.1,157.42
2019-10-28T00:00:00Z,US,Brooklyn,wind-gust,140,0.2,16.6,5.6,155.61
2019-10-29T00:00:00Z,US,Brooklyn,wind-gust,144,0.2,14.4,4.0,91.13
2019-11-09T00:00:00Z,US,Brooklyn,wind-gust,116,0.1,15.9,6.2,135.78
2019-11-11T00:00:00Z,US,Brooklyn,wind-gust,106,0.2,14.5,3.8,106.94
2019-11-07T00:00:00Z,US,Brooklyn,wind-gust,141,0.5,20.6,7.1,192.66
2019-11-25T00:00:00Z,US,Brooklyn,wind-gust,142,0.2,18.5,6.4,140.36
2019-12-24T00:00:00Z,US,Brooklyn,wind-gust,144,0.6,20.1,7.6,181.89
2019-10-01T00:00:00Z,US,Brooklyn,wind-gust,143,0.1,17.1,9.7,239.25
2019-10-16T00:00:00Z,US,Brooklyn,wind-gust,132,0.1,49.5,9.2,957.18
2019-10-19T00:00:00Z,US,Brooklyn,wind-gust,119,0.2,15.8,5.1,135.67
2019-10-25T00:00:00Z,US,Brooklyn,wind-gust,126,0.2,17.4,3.8,130.66
2019-10-03T00:00:00Z,US,Brooklyn,wind-gust,144,0.1,22.4,8.0,471.12
2019-10-13T00:00:00Z,US,Brooklyn,wind-gust,124,0.2,13.3,5.4,122.76
2019-10-24T00:00:00Z,US,Brooklyn,wind-gust,129,0.2,25.2,6.1,264.09
2019-12-02T00:00:00Z,US,Brooklyn,wind-gust,143,1.2,32.2,14.3,535.36
2019-12-10T00:00:00Z,US,Brooklyn,wind-gust,144,0.3,26.3,9.2,375.49
2019-12-15T00:00:00Z,US,Brooklyn,wind-gust,144,5.4,43.0,16.2,448.85
2019-10-08T00:00:00Z,US,Brooklyn,wind-gust,144,0.3,23.4,12.0,383.27
2019-10-09T00:00:00Z,US,Brooklyn,wind-gust,144,3.0,29.1,14.5,452.97
2019-10-15T00:00:00Z,US,Brooklyn,wind-gust,117,0.2,12.9,6.2,116.12
2019-11-06T00:00:00Z,US,Brooklyn,wind-gust,142,0.2,18.3,5.2,135.07
2019-11-02T00:00:00Z,US,Brooklyn,wind-gust,141,0.1,14.2,4.8,72.89
2019-11-12T00:00:00Z,US,Brooklyn,wind-gust,119,0.1,26.5,14.9,396.71
2019-11-13T00:00:00Z,US,Brooklyn,wind-gust,120,0.2,25.9,10.5,326.32
2019-12-26T00:00:00Z,US,Brooklyn,wind-gust,138,0.1,16.0,4.8,160.21
2019-12-27T00:00:00Z,US,Brooklyn,wind-gust,138,0.1,18.3,6.5,154.27
2019-12-03T00:00:00Z,US,Brooklyn,wind-gust,139,0.2,29.0,14.7,480.95
2019-12-11T00:00:00Z,US,Brooklyn,wind-gust,143,0.1,25.3,8.6,396.45
2019-12-12T00:00:00Z,US,Brooklyn,wind-gust,140,0.1,23.0,7.7,250.99
2019-10-17T00:00:00Z,US,Brooklyn,wind-gust,144,4.6,48.0,19.2,776.19
2019-10-21T00:00:00Z,US,Brooklyn,wind-gust,137,0.2,19.4,6.2,207.93
2019-11-20T00:00:00Z,US,Brooklyn,wind-gust,120,0.2,22.2,9.9,230.00
2019-11-27T00:00:00Z,US,Brooklyn,wind-gust,134,0.2,30.2,6.1,547.66
2019-10-10T00:00:00Z,US,Brooklyn,wind-gust,140,4.6,27.2,15.2,313.20
2019-10-20T00:00:00Z,US,Brooklyn,wind-gust,123,0.1,19.5,3.3,196.91
2019-11-17T00:00:00Z,US,Brooklyn,wind-gust,120,3.1,29.1,14.6,384.61
2019-12-05T00:00:00Z,US,Brooklyn,wind-gust,141,0.5,36.0,13.7,591.54
2020-01-03T00:00:00Z,US,Brooklyn,wind-gust,132,0.2,10.7,3.3,73.19
2019-10-06T00:00:00Z,US,Brooklyn,wind-gust,133,0.2,25.7,10.2,346.79
2019-11-29T00:00:00Z,US,Brooklyn,wind-gust,144,0.2,21.7,13.1,293.93
2019-12-09T00:00:00Z,US,Brooklyn,wind-gust,130,0.1,20.5,6.0,166.34
2019-12-22T00:00:00Z,US,Brooklyn,wind-gust,139,0.1,16.1,5.2,123.55
2019-10-30T00:00:00Z,US,Brooklyn,wind-gust,142,0.2,15.1,4.0,113.38
2019-11-21T00:00:00Z,US,Brooklyn,wind-gust,135,0.6,15.8,5.2,123.61
2019-11-23T00:00:00Z,US,Brooklyn,wind-gust,143,0.2,17.2,5.9,116.67
2019-11-24T00:00:00Z,US,Brooklyn,wind-gust,144,0.1,28.0,9.6,396.54
2019-10-02T00:00:00Z,US,Brooklyn,wind-gust,118,0.3,22.0,10.3,259.05
2019-10-12T00:00:00Z,US,Brooklyn,wind-gust,132,0.2,20.5,6.0,193.02
2019-10-14T00:00:00Z,US,Brooklyn,wind-gust,126,0.1,14.2,5.6,179.50
2019-10-27T00:00:00Z,US,Brooklyn,wind-gust,143,0.2,31.0,7.6,528.71
2019-12-01T00:00:00Z,US,Brooklyn,wind-gust,144,1.6,39.3,10.8,752.84
2019-12-06T00:00:00Z,US,Brooklyn,wind-gust,142,0.2,28.0,11.5,415.29
2019-12-13T00:00:00Z,US,Brooklyn,wind-gust,134,0.1,15.7,4.2,168.75
2019-12-17T00:00:00Z,US,Brooklyn,wind-gust,116,0.1,32.0,11.7,402.77
2019-12-25T00:00:00Z,US,Brooklyn,wind-gust,128,0.1,8.3,2.7,38.12
2019-10-05T00:00:00Z,US,Brooklyn,wind-gust,135,0.2,19.6,9.7,218.48
2019-10-07T00:00:00Z,US,Brooklyn,wind-gust,144,0.7,24.0,12.2,313.41
2019-11-01T00:00:00Z,US,Brooklyn,wind-gust,144,0.2,37.3,12.8,460.09
2019-11-08T00:00:00Z,US,Brooklyn,wind-gust,136,3.1,28.9,11.7,316.01
2020-01-05T00:00:00Z,US,Brooklyn,wind-gust,144,0.2,49.0,19.4,1007.07
